212
372
83
158
74
16
239
156
75
277
1
56
174
310
83
14
87
96
110
201
51
184
44
35
351
96
279
297
35
9
121
159
1
51
51
68
148
84
15
97
175
47
162
25
240
114
104
279
186
12
267
253
359
333
26
5
42
280
391
164
179
328
148
24
360
260
103
60
174
145
18
138
141
172
9
128
334
21
72
89
256
128
34
299
83
350
319
192
229
20
168
278
188
23
328
229
110
348
41
17
319
105
141
38
33
77
396
31
226
15
4
23
129
248
235
23
358
2
87
3
226
124
255
21
121
23
2
305
12
276
9
383
187
1
175
11
170
277
1
101
141
214
71
23
22
301
211
61
31
180
3
131
207
24
175
131
47
26
392
348
329
7
196
206
180
307
294
172
23
60
68
239
361
19
8
240
76
260
201
148
94
56
392
56
337
92
23
34
384
133
350
232
156
308
230
13
131
323
289
