400
12 5 2 34 121 105 9 14 284 324 12 23 274 15
6 5 20 7 4 29 3 1
2 1 2 8
6 0 6 173 5 132 2 264
6 2 294 56 4 123 198 53
4 0 241 4 277 41
7 2 2 10 13 22 149 11 165
3 1 260 3 17
4 0 265 65 31 1
2 0 7 314
3 1 16 47 7
6 5 25 1 67 166 72 45
3 1 99 382 7
3 0 1 58 76
4 3 18 55 1 271
4 2 42 11 353 313
4 3 8 102 63 193
8 4 83 141 36 19 145 230 15 86
5 3 18 30 97 21 303
4 1 395 71 2 228
2 1 24 19
3 0 140 236 7
7 4 100 44 26 229 272 38 1
7 2 33 192 21 28 117 27 129
6 2 259 12 40 50 288 218
7 2 328 57 32 82 177 220 23
5 0 24 70 380 43 151
3 2 48 113 24
3 1 2 59 174
1 0 19
5 3 81 169 208 51 9
7 2 130 80 103 79 345 49 26
7 4 201 37 108 85 159 359 24
4 3 1 90 35 54
5 3 242 248 134 34 69
2 0 168 18
3 0 33 39 207
1 0 23
5 1 64 62 111 276 37
1 0 25
3 1 396 6 351
4 2 16 96 46 95
3 2 392 27 119
4 2 23 210 175 61
2 0 52 12
3 2 197 126 42
7 0 124 98 109 115 11 73 68
3 0 187 28 92
1 0 32
2 1 25 186
2 0 60 31
3 2 282 261 45
4 0 154 170 225 5
1 0 34
2 0 15 106
3 0 5 78 75
3 1 176 26 77
3 0 14 137 369
2 0 29 266
6 1 51 377 94 164 199 226
2 0 44 334
2 0 39 246
5 4 316 138 296 17 66
2 1 101 39
4 3 147 279 9 233
3 2 63 128 156
2 1 12 235
4 1 84 47 112 312
2 1 35 232
2 1 27 346
3 2 20 162 183
3 1 110 74 12
1 0 47
3 1 308 118 72
3 1 56 269 88
3 1 14 89 202
2 0 143 57
1 0 56
3 0 32 327 243
3 2 125 32 356
2 0 31 91
3 2 26 93 87
5 2 107 120 18 136 182
1 0 68
2 0 33 167
1 0 18
3 0 389 133 82
2 0 139 75
4 0 291 205 76 238
3 1 362 335 34
3 0 339 399 81
3 1 320 48 114
2 0 82 160
2 0 360 60
1 0 42
4 0 42 116 388 104
3 1 224 19 216
2 0 251 47
2 1 13 161
2 0 23 131
3 2 245 64 214
2 1 17 340
1 0 32
2 0 196 96
2 1 1 163
4 1 171 55 347 148
1 0 83
3 2 33 144 249
1 0 47
2 0 72 190
1 0 39
1 0 68
6 1 338 393 289 28 273 323
4 2 92 155 135 371
6 5 258 47 285 342 384 150
1 0 96
2 0 122 24
2 0 322 74
2 1 280 43
2 0 83 179
3 0 1 278 267
2 0 127 117
1 0 5
2 1 47 188
2 0 231 80
2 0 152 46
3 2 221 283 122
1 0 66
2 1 219 24
1 0 32
3 2 100 191 394
3 2 4 239 203
1 0 87
2 1 180 35
1 0 114
2 0 83 146
1 0 58
4 3 63 217 213 292
3 2 158 301 88
1 0 22
2 1 142 18
1 0 141
3 1 204 185 77
1 0 108
3 0 270 18 297
3 1 136 153 330
2 0 65 293
2 0 178 106
1 0 7
1 0 115
2 0 27 372
1 0 126
3 0 295 268 146
1 0 53
2 0 114 390
4 3 240 66 215 157
2 0 156 281
3 0 139 194 189
1 0 33
2 0 184 93
2 1 99 331
1 0 71
2 0 256 105
1 0 60
1 0 7
1 0 12
1 0 85
1 0 36
1 0 31
1 0 53
4 1 106 222 172 358
5 0 212 244 325 368 171
1 0 4
2 1 29 262
4 3 181 227 200 44
3 0 344 310 57
3 2 209 357 26
1 0 148
2 0 321 120
4 3 247 319 134 255
2 1 175 365
1 0 83
1 0 71
1 0 160
2 0 386 143
3 2 223 50 318
2 1 48 254
1 0 124
2 1 158 349
1 0 110
2 0 250 131
4 2 355 24 298 195
1 0 17
2 0 158 315
1 0 192
2 1 211 104
2 1 206 46
1 0 5
1 0 60
1 0 175
3 1 263 290 33
2 1 287 76
1 0 132
2 0 237 143
1 0 89
1 0 197
1 0 37
3 2 252 31 253
1 0 177
1 0 44
2 1 196 257
3 0 367 172 305
1 0 138
1 0 101
1 0 156
1 0 97
1 0 138
1 0 25
1 0 129
2 0 26 374
1 0 127
1 0 171
1 0 186
1 0 97
1 0 53
2 0 275 60
2 1 175 299
3 2 20 341 234
2 0 400 23
2 0 18 361
1 0 125
1 0 69
1 0 65
1 0 228
1 0 67
1 0 22
1 0 204
1 0 89
1 0 132
1 0 156
1 0 6
1 0 35
1 0 79
1 0 172
1 0 101
2 1 311 62
2 1 337 180
3 2 363 35 300
2 1 108 306
1 0 191
1 0 98
1 0 208
1 0 208
1 0 187
1 0 180
1 0 163
1 0 211
1 0 115
1 0 25
1 0 8
1 0 52
2 1 174 348
1 0 201
2 1 4 309
1 0 9
1 0 59
2 0 121 391
2 1 153 329
1 0 75
2 1 326 145
1 0 15
1 0 23
1 0 113
1 0 1
2 0 226 317
2 1 302 39
2 1 286 6
3 0 370 121 397
2 1 332 65
1 0 119
1 0 157
1 0 52
2 0 350 127
1 0 1
1 0 115
1 0 277
2 0 307 202
1 0 25
1 0 113
1 0 201
1 0 89
3 0 138 366 304
1 0 147
1 0 5
1 0 153
1 0 63
1 0 145
1 0 192
2 0 378 227
1 0 248
2 0 139 385
2 0 333 276
1 0 19
2 1 383 292
1 0 212
1 0 249
1 0 287
1 0 74
1 0 264
2 0 336 176
1 0 246
2 1 398 68
1 0 16
1 0 10
1 0 194
1 0 63
1 0 275
1 0 186
1 0 180
1 0 92
1 0 179
1 0 118
2 0 113 364
1 0 1
1 0 172
1 0 270
1 0 79
2 0 26 354
1 0 268
1 0 146
1 0 161
1 0 279
1 0 302
2 1 61 376
1 0 90
3 1 343 310 375
2 0 352 247
1 0 113
1 0 91
1 0 102
1 0 228
1 0 115
2 0 381 336
1 0 176
1 0 32
1 0 70
1 0 106
1 0 262
1 0 189
2 1 283 379
1 0 41
1 0 337
1 0 16
1 0 328
1 0 192
1 0 80
1 0 177
1 0 171
1 0 33
1 0 94
1 0 230
1 0 90
1 0 248
1 0 323
1 0 181
1 0 292
2 1 373 212
1 0 172
1 0 58
1 0 278
1 0 114
1 0 151
1 0 367
1 0 220
1 0 336
1 0 334
1 0 60
1 0 299
1 0 350
1 0 27
1 0 343
1 0 13
1 0 304
1 0 115
2 1 301 387
1 0 185
1 0 385
1 0 96
1 0 87
1 0 155
1 0 267
1 0 43
1 0 113
1 0 131
1 0 20
1 0 41
1 0 278
1 0 312
1 0 91
1 0 229
399
1 147 1
1 115 2
1 175 2
2 1188
1 263 0
1 92 0
1 372 0
1 126 1
2 2538
2 571
2 2800
1 104 1
1 139 1
1 73 0
1 387 0
1 233 0
2 2275
2 680
2 2058
1 28 1
1 327 0
1 367 1
1 253 0
1 77 1
2 2859
2 2055
2 2008
1 1 9
1 115 2
2 70
1 86 0
2 3506
2 255
1 394 0
1 32 4
2 919
1 56 0
1 356 0
2 489
2 1431
2 958
2 3392
2 3739
2 3245
1 297 0
2 1403
1 285 0
2 952
1 312 1
1 116 0
2 4602
1 183 0
1 266 0
1 110 1
1 271 0
1 115 0
1 52 0
2 710
2 4265
1 127 2
2 3392
2 289
2 2518
1 33 0
2 1344
2 279
2 1371
1 52 2
1 48 1
2 4113
1 347 0
1 366 0
2 340
2 2941
2 2941
1 104 1
2 2673
1 133 0
2 3354
2 4262
1 29 1
2 3379
2 498
2 885
2 3472
1 63 4
1 95 0
2 4188
1 284 0
1 317 0
1 273 0
2 374
1 167 0
1 295 0
1 19 3
1 349 0
1 176 1
2 2802
2 3203
1 128 0
2 4227
1 232 0
2 747
2 3798
1 58 2
1 391 0
2 383
1 98 1
2 2880
1 80 0
1 176 0
1 90 0
1 147 0
1 150 0
1 349 0
1 168 0
1 30 0
2 2916
2 2529
1 86 0
1 309 0
2 2507
1 73 0
2 4724
2 3519
2 2647
2 4049
1 111 0
1 295 0
1 187 0
1 255 0
1 95 0
2 3671
1 354 0
2 775
1 377 0
1 155 0
2 1005
2 4645
1 200 0
1 102 0
1 62 1
2 1096
1 16 0
2 1725
1 189 1
2 4512
2 682
2 4684
2 2928
2 2773
2 1779
2 4132
2 4406
1 116 0
1 192 2
1 199 0
1 378 0
1 397 0
1 263 0
1 333 0
2 1659
2 1111
2 4477
2 2789
1 307 0
1 174 0
2 888
2 496
1 112 0
1 41 2
1 289 0
2 832
2 2175
1 214 0
1 67 0
2 3673
1 122 0
2 2015
2 2861
2 395
2 991
1 190 0
2 1698
2 1343
2 3320
1 139 1
1 357 0
1 388 0
2 4720
1 320 0
1 144 0
2 4968
2 2404
1 298 0
1 182 0
1 26 6
2 2046
2 554
1 78 0
1 31 0
1 223 0
2 2331
2 873
2 930
1 124 0
2 3735
1 187 1
1 106 1
1 97 1
1 271 0
2 645
1 15 0
2 3466
1 386 0
1 156 1
1 289 0
2 2740
1 96 3
2 4415
1 270 0
1 49 0
2 2067
1 60 3
2 3137
2 926
2 4820
1 247 1
2 4618
2 4261
1 161 1
1 316 0
2 2862
2 1371
1 105 1
2 435
2 206
2 105
2 4818
1 303 0
2 671
2 3725
2 5
2 1773
1 164 0
1 92 2
1 264 0
1 75 0
2 2773
2 904
1 9 1
2 648
2 2873
1 381 0
2 4205
2 1285
2 1716
1 68 3
2 2827
2 2999
1 220 0
1 9 2
2 631
2 2507
2 2153
2 2445
1 190 0
2 3669
2 2751
1 210 0
1 202 0
2 3946
1 395 0
1 233 0
2 2124
2 4573
1 366 0
2 2605
1 392 0
1 109 0
1 179 0
1 237 0
1 134 0
1 362 0
2 1917
2 3454
2 1406
1 339 0
2 3234
1 23 0
2 1081
1 122 0
2 4147
1 392 0
1 75 0
2 4259
1 141 0
2 4009
2 1931
1 333 0
1 144 0
2 4422
1 334 0
1 272 0
1 344 0
1 133 0
1 248 1
2 2715
1 216 0
1 200 0
2 947
1 305 0
2 54
2 2142
2 738
2 3885
1 281 0
1 156 1
2 4962
1 364 0
2 3263
2 433
2 3091
1 267 0
1 90 1
1 350 1
1 279 1
2 1996
1 222 0
2 4742
1 147 1
2 4918
2 1349
1 317 0
2 3226
2 230
2 1946
2 1952
2 3724
2 3821
1 330 0
1 364 0
2 3596
2 587
1 263 0
2 13
2 330
1 9 0
2 3545
2 726
2 1870
1 363 0
2 4209
1 290 0
1 385 0
2 4497
2 4472
1 186 2
2 2258
1 360 0
1 194 0
2 3700
2 3353
1 36 0
2 3430
1 323 0
1 400 0
2 3799
2 4432
1 277 0
1 272 0
2 3338
1 200 0
2 1346
1 284 0
2 3732
2 4872
2 11
1 309 0
1 354 0
2 763
1 241 0
1 27 0
1 9 1
2 1294
2 2421
1 285 0
1 207 0
2 1782
2 764
2 2873
1 273 0
2 1546
2 1169
2 233
1 128 0
2 4697
2 2518
2 4102
