1395343
58309
662224
602306
426662
101117
456012
885923
67030
343305
429258
258453
135201
684701
672083
528802
601092
732656
9149
331051
819437
8323
348746
61844
221431
281591
80252
331051
440316
820566
961531
44525
180144
667056
259637
672083
496829
374382
707124
392483
143438
614388
42364
913236
729148
6278
475112
513673
74499
320914
735181
128224
294647
372445
881084
408030
240127
1452707
844784
8137
233728
158334
1271792
298175
837956
24801
373949
149303
499022
262482
406507
807029
192491
293380
134303
308225
491008
564356
762204
42719
763653
1247446
845788
33558
28863
0
288131
358330
1063235
14179
373369
582422
111225
1452707
688957
488285
13242
1369582
763548
1101589
435328
198281
869326
70069
353640
68650
658247
140011
401327
1353712
241038
353753
932387
231228
15379
46879
1131890
333408
182596
551841
698214
162577
92635
547409
653336
179218
584331
123742
1043724
449433
198281
67561
174829
194584
181651
49418
320279
352454
656905
1201877
711097
317244
496829
62686
1199931
245760
306811
184940
105706
516416
483842
755116
331304
331786
280843
395256
141026
669850
941885
590060
213187
1145835
428786
792065
644993
952329
658696
367773
516416
0
0
790192
163061
1193246
1353712
697108
728462
785469
28837
115783
121639
214575
979157
51918
14355
245060
957143
510702
81450
1353696
1383318
425488
300672
618928
898670
132083
257929
937537
137795
149303
132565
223293
730555
170750
1234839
515491
615760
304017
897264
180828
873094
134410
137196
417425
521303
391731
28227
315903
543651
1538062
228347
247823
292394
483842
75735
938887
114690
435096
80186
48251
1144349
991455
841209
640445
766247
454345
739301
411009
407097
876280
299078
234812
917547
976242
227144
181856
620543
30544
736352
237757
898670
575831
381441
850739
313718
578268
184940
885856
594853
139861
475731
676707
1201408
809028
505740
569031
218344
697544
101946
100776
146510
749271
243594
122130
829767
534447
1186523
924205
650085
168420
210237
733268
577942
13492
30298
301766
791781
9232
754658
502062
787406
518663
563944
5376
639430
388111
278841
70008
981258
1015005
439555
455037
382966
405799
352871
1008164
347047
201617
28796
101561
551454
542203
24696
430675
590725
648246
203774
1046634
672083
276345
115686
0
863050
6764
235529
218873
69637
401015
399002
368136
50972
1138037
333582
54113
421810
219685
235851
1401740
1016940
44973
1077402
769219
0
929534
1043886
144781
285184
1001661
813082
220727
391591
489190
12428
679957
1139153
668258
237530
155972
1065118
940683
112067
232826
157354
960182
636608
1075584
181017
76721
1139149
206516
59795
322094
959494
554080
864066
599380
411355
596922
226135
588872
6960
174630
558421
228723
551569
989571
518124
489553
884389
943873
310159
1037357
717264
67951
230347
148785
32736
313256
181424
735700
123352
776139
527249
165411
118680
839904
209912
596097
843832
184940
10566
864680
607152
286683
641115
932387
271343
958398
595100
97025
694826
151746
706809
518784
688360
791280
884153
0
95576
787086
705532
34673
811978
144881
30142
251238
547806
122078
289206
212294
249044
601629
320217
821894
1197348
343869
54113
186363
1003300
29511
650404
455793
214008
125876
326998
987921
391972
41493
1164063
483800
391
371743
491834
357078
436423
283400
412182
1059072
214551
1028933
512085
620383
43832
975682
497044
805207
1348402
640772
352454
117689
316696
1364798
1226874
872543
904079
0
1119702
1070531
64060
638630
502278
520444
578507
298120
463782
314929
7486
198749
217069
299645
295970
370702
49505
663684
73006
305237
548196
527249
664022
769161
971706
120601
169001
694907
366096
378589
1003613
1234503
8425
430202
1498095
952329
943979
560539
204286
1244386
367524
173783
582422
361139
42502
262383
755567
128346
629706
496267
717627
77040
347339
66514
368081
661261
1224771
177763
714685
132678
17578
730807
331051
555947
177003
917764
56464
518124
13740
365384
20590
374546
783482
1205776
179312
787205
215448
469073
299645
21301
162759
57385
881632
17229
5708
587288
507349
825597
763277
1118872
913013
110435
602657
83403
14834
13132
781030
574022
98775
939659
0
297333
557955
170750
234129
807029
605177
814288
568990
290044
242853
200336
476497
706557
852694
932131
632206
1179714
364570
1276705
194150
807029
570552
294903
785347
21275
286683
575899
457742
59637
23220
485679
585714
822760
284039
300265
9149
116380
476157
0
1199796
760896
0
885958
155241
1353712
991225
983377
235662
38418
697555
1278363
692023
341649
143095
750556
531382
2174
140180
1080454
135124
866389
110296
680039
650066
305969
559985
203917
581212
373462
189632
866378
22336
15996
161984
287920
376202
363941
835873
435179
69857
423898
1049932
404366
753737
475063
787205
447539
156669
136220
509197
79704
157477
141668
115056
138437
106014
1394343
664352
1027735
13740
772404
165394
26329
45441
857682
715853
0
271763
185792
1338182
443073
188580
395849
422821
1196058
839523
1211574
275754
352454
0
860588
48861
143095
837030
93290
162822
198550
329527
249027
314392
1081067
107580
939202
53645
141945
0
571342
582743
0
510702
313718
868085
242487
204383
596719
826858
332692
262304
364543
8326
1119702
332816
58907
1428151
687722
54653
3405
764099
184976
713597
462398
75127
6176
442599
9255
834399
697254
1186257
486655
607037
264731
1117840
382046
720109
419087
145750
253776
223293
471989
35056
332417
152702
419087
577428
307901
531510
406550
26481
323208
1158107
890256
482315
68650
128217
376213
245760
121876
691375
677967
280276
684701
457061
192491
53645
294800
423069
912829
163667
137100
1089565
585038
876661
1323194
472830
582422
1098674
81192
548799
551569
1213563
960114
940683
499606
484352
221146
998940
126784
1153162
411216
1049116
181728
101013
5964
900465
88935
377441
228472
720109
1065127
275683
717264
331830
458388
803742
214948
823315
853393
1072767
14179
607610
700675
0
323615
110447
615507
1196260
873094
1147715
745373
591548
237530
303088
203774
784041
882186
755818
1099905
158381
374783
619975
121639
229812
567666
368289
227035
316696
39889
1380175
565456
181217
1189241
362098
197952
169261
41708
372444
1408765
290093
224216
675560
627101
780634
396790
147752
956259
1200981
1214338
446440
935446
128136
140011
593482
788379
932399
658973
527343
841209
505248
476954
244799
499022
404265
198550
625767
606188
28722
655414
357800
154687
99699
240195
1289901
488631
486141
458388
650577
15126
668664
169918
24524
192826
1059613
7905
249112
700898
434081
1082033
1239010
107929
221257
696251
63721
1334047
82800
210681
1198215
443360
441791
1131480
693777
668258
77071
637706
836471
170750
641768
628665
343604
38449
186331
665631
1251285
1501703
147947
290044
885762
507618
1354021
169633
432107
537178
44696
1085987
673911
1245867
774532
778174
692908
146501
198345
92635
205731
280633
514520
549599
228472
423898
31143
863587
289300
49418
632008
1126748
358280
989421
0
44166
6566
1108608
941967
90220
999077
801046
1105353
75559
1133377
619066
120411
953079
448859
214758
532479