19993283 49
40453688 340396805
173489454 565307681
776227826 823072746
579504795 754617327
106685040 551136600
560557365 594775486
84233095 159187975
98460063 448431826
294658821 315079327
721089823 780298193
955331043 995074220
97470884 162947772
130793124 423956123
408005166 480924449
22003710 36031138
281239984 341224185
12609528 64452740
144746360 549559068
532878518 607813267
225291612 552981060
145637403 437950108
102842492 738524571
83153595 343108845
205631420 553953730
106628884 248082584
358167089 596334535
661149533 759020882
376357974 521828527
161049512 613383206
23663594 41439845
1210871 377842491
678228406 705723946
312357267 441793481
59105071 172396719
229021012 306285000
374870380 988816826
41289464 59342931
593201292 643297457
194506506 815506174
277985524 602343632
95687552 527760291
575240078 867193473
84258458 214578478
664755128 808545915
33214857 116315265
108766819 160210785
162797960 243372003
354951927 614201504
41961112 277441595