99916 97
28544162 43018231
264444123 298979142
468304235 506719127
137579006 185917754
599108875 740178101
180637405 226543532
42745137 571549743
32077143 467300595
534877191 633634962
20419319 360424144
270424052 284634263
205407731 339541861
241213950 901924682
6610661 326164378
100921833 126227208
966675647 972114976
7439293 144549052
148068985 217043184
257513036 414483588
94044479 843410388
781773251 992172802
159578914 582095665
577843670 716719114
634865982 744199334
105828756 502221060
883834225 984995207
842456110 881064600
388564088 667274052
15258204 82590296
99759943 894098363
14151465 585077498
724857008 808584583
34551232 208691132
219638 12055958
345452216 801246176
44316824 654856268
165184978 976719190
694622574 759291826
210705267 517418481
321810944 690862716
294804371 572853974
550624809 742294407
14949807 88542475
83588698 180975197
130338843 924904343
503737736 654144318
727489371 765958498
7339228 21049598
782499429 907004914
405421973 581827977
236783363 558927974
423129278 504094758
225532867 474949428
542960479 673653157
5463276 432020752
13052251 55716423
131827210 409958745
84097980 220854587
32274756 110947622
10667316 81810165
10423364 17396196
41325851 437073643
616766343 750978435
858327466 992238312
738700798 920898785
325174638 665968410
144687817 582545611
108744900 357697492
694455609 802787918
690249474 753453993
250039791 267233581
12202658 510766036
151944984 159989769
47620810 57224955
494261752 748205744
127879028 127915987
390020139 450536322
9878579 190327429
555935195 907424675
190271434 337355536
619205108 952537527
31279522 300971996
398575468 535885466
311072058 749355868
869368624 930306329
865348610 874648824
483312008 936762900
5471024 102994367
65423712 718407378
22562398 169222043
138191009 842308383
25608122 109389910
68158237 399445101
236202006 318099128
52884199 67422893
57330016 103592125
73766866 91299291