25217 23815 
45020 6968 
7431 4010 
26939 4476 
64334 2589 
84328 32215 
78626 8428 
15793 9319 
48129 30520 
73647 7113 
69869 35054 
65562 2118 
15772 13093 
74609 66586 
56451 2641 
80789 47288 
63553 35419 
70594 4412 
45845 37418 
74602 71587 
59932 19228 
84459 53972 
23333 7561 
29074 12664 
61072 26734 
65686 7825 
58558 49273 
46110 4774 
10778 1498 
54773 41702 
66448 18416 
86900 19927 
47379 8041 
34820 16122 
52722 20153 
66766 50044 
6423 4620 
69193 20555 
81763 80915 
34988 5000 
36560 17242 
73731 41687 
50729 29027 
69894 63527 
45422 5336 
77832 59951 
82586 43460 
44863 22301 
84492 4658 
77131 27135 
56835 41988 
87491 10938 
66646 25935 
36022 20986 
57003 45118 
58391 25503 
36302 6195 
59417 29182 
79307 27482 
69007 7612 
34359 47895 
46483 30794 
31588 699 
48607 13651 
60909 45018 
64674 5397 
28882 12469 
79426 69276 
64702 18245 
54873 19651 
82483 28428 
38320 17297 
76251 32197 
56125 39123 
58291 18660 
74387 52860 
42565 9641 
84681 80881 
27752 7464 
84810 82959 
31668 56725 
41278 14508 
77390 61421 
32980 11076 
76491 41908 
87649 29947 
89132 60476 
9722 33033 
80591 68572 
78588 24781 
52795 51827 
9837 1939 
66961 60609 
69393 45298 
87930 52088 
67456 11174 
34849 7838 
65358 41096 
75806 63693 
40137 31137 
36784 7502 
45765 9042 
57201 21297 
33012 16229 
25920 24994 
89601 32741 
73103 19674 
86618 4331 
50322 41279 
19478 5441 
86297 79213 
77218 66555 
43448 10686 
74128 8335 
64110 2064 
64556 5494 
13411 2499 
56319 3468 
54760 10824 
71026 49914 
76564 31840 
36940 9654 
32162 7265 
42983 25066 
89804 8231 
38862 32534 
30340 14425 
43856 32823 
72306 43983 
89292 760 
84434 25332 
18805 16821 
67849 47960 
71141 41141 
89091 84926 
88112 46710 
53443 25559 
67684 2508 
56330 29251 
25134 4243 
81824 55705 
55591 37960 
62670 21418 
25420 58569 
52194 26924 
53202 42039 
37172 2226 
77734 25643 
82314 11360 
18411 12686 
59898 37130 
33364 20540 
63265 20238 
27387 12330 
3557 50812 
84848 18115 
79073 873 
25544 3114 
75562 32643 
64758 39434 
49847 47959 
64420 30155 
75704 74660 
55120 7659 
44997 26949 
60323 20740 
87858 3520 
48164 43938 
67536 32468 
63284 17446 
80913 59276 
87847 46457 
52709 42014 
35329 8050 
65797 53691 
50629 27841 
58292 15647 
38154 31362 
41731 20731 
52156 9910 
83188 47321 
44806 31139 
13502 9017 
42225 12225 
79171 73503 
85315 9388 
65434 19655 
72415 26671 
61036 139 
22503 16389 
21213 20755 
82977 12959 
45448 2866 
80244 40123 
74234 55349 
88561 80603 
69220 60557 
27375 22248 
61959 12498 
82193 59942 
50564 37116 
86805 20058 
89886 46139 
59069 53964 
43059 36518 
37601 5659 
86069 50286 
83774 72641 
87551 25598 
80696 51365 
76900 46468 
56696 13825 
78121 9802 
81611 63778 
88242 40387 
88348 5180 
15335 6433 
54960 26011 
38875 1030 
54571 51690 
85549 14820 
27631 10049 
65319 40058 
80720 34372 
35185 20441 
85213 2674 
81301 63409 
88101 51347 
5918 42 
46999 37589 
78832 22031 
84208 16084 
71110 10510 
87904 2168 
62337 57112 
44472 40029 
32680 13512 
88657 10208 
80823 49950 
84873 76546 
21211 10507 
41803 35539 
72567 32160 
58456 25689 
80068 36651 
48836 7229 
54400 14290 
25783 19911 
71321 35470 
83655 75286 
74001 11100 
75014 6315 
58094 15423 
38876 18897 
45124 34175 
70930 4636 
81556 4934 
79255 73588 
61541 9520 
9645 7859 
33410 24310 
21582 18005 
31561 8764 
78349 52498 
60107 5885 
84999 11702 
21159 16228 
87395 70253 
29412 24262 
79889 46461 
73420 23843 
89118 64208 
32942 32325 
33031 24396 
42358 14040 
18946 480 
61350 60019 
72826 31494 
30126 24489 
75423 7982 
84089 14659 
86134 79291 
80658 74346 
39679 32409 
21720 20660 
66479 5378 
77518 28620 
74150 41134 
65905 4512 
11663 10285 
57866 42215 
51524 27811 
86138 31108 
46896 16757 
51830 10538 
83472 69936 
84191 411 
53399 8262 
79665 22302 
30486 18784 
28942 38070 
70634 25509 
86015 72352 
60572 53155 
19210 609 
62656 37108 
29493 21871 
27630 3456 
70533 1592 
80045 66163 
56116 12396 
34153 24563 
60109 43659 
45082 39529 
70267 16594 
51190 24417 
53107 18466 
29914 6927 
78601 27642 
78340 69033 
38427 33899 
86213 9219 
86103 6604 
42366 14511 
50088 29982 
41346 1315 
77288 38316 
75782 19185 
58702 25522 
73521 20743 
83901 3557 
49876 30026 
32769 29727 
88367 69484 
89067 41977 
50161 2829 
64195 62977 
83286 26824 
11808 3115 
36733 17204 
9997 4387 
83633 44638 
85352 24609 
63793 45127 
81595 70683 
32150 3282 
74218 27214 
75075 32560 
59969 44696 
86845 29121 
63147 53616 
53611 3709 
68766 15122 
86730 5563 
87403 61880 
1360 1099 
21686 14759 
79685 76781 
57713 8572 
42860 2639 
29353 10127 
82408 67312 
56441 75994 
41752 19690 
76680 72696 
52220 38624 
24456 13106 
51361 45941 
80758 61990 
88933 66629 
63544 59910 
33784 12798 
57306 13702 
38994 13669 
78595 53983 
72329 40373 
73849 46509 
22652 1697 
68445 65766 
70343 7162 
48647 34920 
66826 60550 
45035 38079 
65525 35059 
51960 39850 
53021 46893 
34343 1539 
87405 31935 
60757 59689 
51761 15461 
84556 1430 
64327 37676 
43165 3757 
68973 46600 
65213 10195 
84993 60103 
28241 1480 
83112 52234 
76077 63780 
46419 70222 
58096 11409 
68836 51278 
72966 15911 
7119 6013 
55654 4626 
88583 85688 
76038 23294 
86590 15430 
55252 10619 
56946 35725 
87457 26655 
27006 22909 
52212 42392 
54567 20619 
78762 12524 
79946 53939 
69291 847 
59013 22626 
81967 37292 
80070 20729 
50270 10391 
19643 3358 
88082 84688 
40725 20411 
54919 38104 
81099 43133 
69238 50151 
61374 53397 
29226 6629 
20430 2043 
56669 54688 
48815 38111 
48118 46758 
41797 39544 
49741 75014 
28293 22583 
43016 59170 
75717 27308 
14653 23 
62672 2140 
85795 11074 
73937 20004 
31313 28848 
70596 2251 
41001 31119 
75301 15649 
65177 14655 
51803 21496 
59497 7226 
64492 52567 
66344 23240 
39371 18610 
56310 24849 
19228 48471 
82504 23748 
50362 23471 
77108 9448 
34290 15914 
73742 62511 
44772 12907 
75017 7467 
61481 60254 
68793 25768 
43233 15426 
68530 40300 
58591 12847 
29629 1044 
81110 6350 
65088 2325 
50504 47286 
39579 1803 
62018 515 
40254 429 
45296 44153 
80912 73677 
68603 34640 
88734 59992 
48980 7434 
70088 18389 
68598 9982 
46083 41890 
27777 27139 
65601 38454 
89672 18768 
77910 41280 
41065 22269 
84891 32195 
27864 6613 
50370 21464 
87418 81699 
42327 37447 
48812 36274 
61322 43959 
65973 10380 
48905 16694 
7297 3960 
67092 52538 
59246 22365 
73995 22955 
39323 54 
45005 34944 
33929 31936 
35637 28981 
40801 29479 
82342 42655 
82816 5248 
18542 13006 
58361 25446 
55467 38097 
59187 34020 
31030 8381 
46206 14420 
54828 38202 
79127 53750 
88089 51202 
70345 53507 
65901 2808 
72464 2116 
19265 2081 
40553 31842 
80933 76294 
53764 16892 
56549 13209 
45514 3872 
61801 33531 
86226 60134 
81907 38319 
65144 5982 
73151 19975 
55689 37566 
57731 36991 
66541 65286 
71849 4167 
76345 33623 
30998 37265 
85484 54955 
77573 73099 
89721 67013 
77770 67294 
52453 5455 
71742 70073 
74345 60577 
72566 32870 
67425 62322 
88821 1153 
55435 18058 
87748 74528 
11525 4534 
47720 11097 
80959 33051 
32510 11956 
84308 62374 
81092 1508 
88783 4109 
48613 12819 
30807 6569 
71910 65882 
75994 22788 
65769 9835 
77535 52729 
70548 5291 
65891 59033 
89523 51083 
47895 20621 
76136 68657 
52291 34813 
74558 25472 
32837 24247 
72370 5198 
85581 57058 
67359 30091 
68716 2617 
63134 47154 
36010 10137 
70620 56292 
76582 31437 
16752 15125 
79016 35531 
44837 24025 
37647 30998 
56579 49342 
79326 9510 
81554 38920 
74410 56791 
76412 11001 
66627 56993 
50200 47538 
67259 25751 
68762 63334 
85881 39080 
47632 18225 
28421 25544 
70425 32342 
89490 1690 
71661 71141 
87129 68119 
30634 14388 
75648 20386 
5943 1765 
23119 20604 
5768 3295 
70762 70723 
69199 56281 
46185 45517 
88668 50758 
57858 35842 
47772 31183 
68930 28157 
50557 4984 
59284 39724 
44421 4190 
85560 74704 
9235 63 
70658 8244 
73856 44735 
61061 58801 
54518 30450 
62097 56409 
77053 64942 
64074 22747 
77707 31668 
45703 37354 
84144 45698 
65137 25302 
78907 17974 
82562 39252 
67764 13099 
81367 4098 
72931 41854 
85101 57962 
69956 60981 
86604 46184 
85640 2940 
62939 27763 
33633 3607 
50126 24683 
66925 29428 
31998 30319 
44160 6926 
46055 40896 
86055 656 
25723 15705 
41772 24184 
52909 46583 
88847 85769 
26622 34975 
76649 58406 
33033 6648 
31183 28678 
89226 85472 
81243 74574 
66835 32146 
57614 23076 
47419 22484 
20403 14680 
26312 8503 
28781 15344 
63116 56978 
17865 4674 
68574 26422 
74486 70507 
76780 58587 
87801 59943 
37714 33160 
34667 7306 
72469 21991 
72366 48205 
74532 41883 
55175 38226 
34043 18743 
44316 10227 
59125 2604 
82928 33881 
29238 8267 
86097 30579 
89474 81908 
58803 26813 
85669 33948 
73070 34134 
42840 17696 
81335 60520 
18251 5123 
61270 40832 
83561 83125 
39920 26822 
47217 3998 
70910 19034 
63302 58951 
43053 10826 
80529 39992 
51610 8645 
86685 22295 
47777 37814 
87836 76453 
28804 9024 
65488 35676 
73852 12997 
80142 26622 
38263 32796 
71862 20995 
62916 1027 
74852 19880 
36804 3402 
38495 25630 
50590 13404 
70995 45980 
42333 32226 
56978 26202 
34189 6880 
78622 46496 
56610 21171 
43421 21312 
69580 14029 
58080 52960 
84827 19452 
74721 54788 
72921 30752 
49528 43492 
75274 39654 
30842 17817 
51959 19124 
53277 26867 
45597 10814 
57694 49185 
87539 20260 
89469 25365 
88277 34314 
74934 39564 
42056 20342 
37028 24407 
25006 20203 
74923 22104 
89731 48468 
85624 84278 
82887 70716 
87134 688 
65989 8269 
33737 2192 
85083 61815 
39449 6795 
75824 9273 
69925 16820 
32774 26879 
67024 48338 
74886 24861 
67177 22727 
36692 26273 
36569 31374 
65592 15199 
85749 82315 
50611 2228 
68124 54945 
42274 14970 
56015 5872 
82657 73866 
72200 12509 
36170 34675 
83335 69446 
75307 4851 
30976 22742 
47154 7727 
74621 21165 
8869 2259 
84766 22491 
62992 25902 
81527 16917 
28032 21011 
67322 36421 
62865 55667 
84092 35347 
83129 71421 
35494 9580 
43415 35032 
82502 50126 
41676 24847 
39954 3377 
63707 49362 
17362 15981 
12294 753 
59901 30771 
63662 670 
58569 23855 
46663 38914 
44308 957 
81073 14533 
82865 67005 
37327 19542 
83440 47620 
50488 34313 
21903 17486 
75954 47368 
31504 3302 
47639 46098 
70457 3327 
77125 31138 
58217 2197 
71579 42048 
47981 40268 
56182 8795 
29625 26811 
29242 1254 
66078 54368 
35108 26526 
79135 62240 
84309 6088 
70222 20113 
65453 58329 
52900 42918 
62166 60929 
60719 48345 
76321 71478 
53463 14665 
49010 15990 
57282 2881 
59079 27895 
39584 38275 
80321 26225 
29296 6459 
17807 6785 
26447 15779 
80000 60362 
52458 40859 
62169 11520 
72221 44707 
86921 55951 
46359 42619 
66028 41197 
39207 3311 
65742 56176 
65256 33231 
56056 38342 
26462 8352 
6883 1638 
73526 11611 
59502 38004 
38200 26508 
49470 1026 
4878 1404 
69767 60799 
81054 25911 
79759 12002 
78825 23018 
33971 16061 
86947 20868 
81897 12295 
39372 14296 
22755 19930 
5198 56750 
31309 23411 
36385 16341 
78877 22951 
38733 27967 
18981 9772 
89787 15237 
36909 11066 
80782 52793 
11860 9692 
70691 24382 
70482 36674 
69651 33054 
73631 22610 
62464 55250 
24064 9676 
83547 39901 
56975 4162 
77880 55801 
81071 71488 
48495 37093 
66012 58559 
69304 681 
43222 25611 
68851 36239 
68602 39565 
75642 56219 
60198 40227 
53050 38825 
38179 20635 
39801 22177 
48919 31884 
73479 36032 
28102 7869 
48138 33078 
66443 78907 
89312 17035 
69218 2196 
35112 17693 
74349 7650 
30306 2331 
41554 12187 
83888 83239 
4331 47972 
67756 21304 
80634 39479 
55323 10445 
44826 3274 
36520 31543 
87547 49267 
83525 19285 
85694 56693 
67560 31624 
18199 9176 
77786 12890 
72378 42804 
46786 20592 
55198 1308 
77165 68269 
59568 6185 
70615 60720 
49683 6406 
51298 47858 
56342 33379 
81423 65878 
71627 69030 
83824 4881 
31405 8961 
75636 60815 
60458 16500 
36538 18255 
69837 39893 
58542 47558 
29815 16596 
26982 15798 
52711 28942 
80558 55198 
88162 7747 
86371 27008 
89793 28417 
68683 12557 
42714 5664 
82536 34377 
61006 32464 
63935 4329 
78372 66939 
63140 33568 
39925 33813 
87361 14226 
16591 8549 
45914 14310 
21397 13357 
63390 28851 
36055 6981 
72065 20397 
67593 57629 
65026 43016 
70403 10901 
36797 11369 
13282 9030 
88052 67136 
67043 12412 
85700 74510 
51654 42735 
84023 23570 
73084 30144 
46494 31920 
46857 33739 
64509 59711 
40357 20580 
22840 9845 
29820 6642 
77671 57023 
31816 11689 
85197 51963 
82477 79555 
73214 4827 
63183 39310 
26476 12846 
49060 16524 
80037 55811 
58506 24012 
70967 845 
45685 32202 
77283 4196 
45252 279 
14134 14653 
86318 3882 
87264 39984 
45119 19104 
71345 65038 
59783 19352 
43947 15481 
21007 3668 
41932 37917 
45605 22840 
86667 54965 
56880 3388 
81280 59237 
63093 14078 
74308 22802 
75189 16386 
49322 4022 
73294 26669 
72060 59060 
80899 15026 
72231 52029 
83590 39389 
28823 3156 
63226 49358 
76925 47374 
35589 8116 
82959 41229 
