100
48 99 576700870
11 61 660453471
95 22 9383010
15 34 313020829
52 36 898566590
37 58 91161449
15 35 345323654
70 90 67950708
10 20 736187947
49 88 672928624
36 48 228325803
4 92 479877628
11 20 852644258
10 73 658524370
46 95 379056529
23 32 116145966
54 27 121690733
96 17 415768449
11 15 197200490
81 1 284879702
94 4 455909385
57 43 275951748
64 2 72473695
5 66 97923988
34 92 58265767
99 15 663782260
43 3 608453387
69 11 889250397
54 55 766121646
21 63 214282241
89 91 907428604
7 35 103694585
81 79 497428021
70 40 465981293
63 26 210222903
26 42 352612612
14 1 863378060
90 25 25031693
27 69 744062643
65 86 349902318
10 12 956556210
22 28 232205517
34 44 41170907
49 92 14812285
90 63 676118054
43 58 8073919
99 85 46921638
17 100 131110901
84 8 100998554
94 47 433187595
45 71 58747620
1 22 664900259
23 14 33389299
78 8 333821260
6 14 947050449
63 99 1333680
30 6 683351409
28 45 753046523
29 100 484234806
46 98 3777166
53 75 979699910
81 44 72065508
4 76 926024868
24 91 146894247
60 47 838504977
36 72 214640235
97 88 502786571
47 82 800378680
33 34 282412596
10 29 558351521
71 75 905250767
64 85 668380253
93 25 867303531
2 24 363375933
12 68 652394227
85 43 41151191
31 70 203777550
100 5 126761445
74 6 103308959
56 60 113613957
8 14 637835947
9 64 112140713
16 58 111477688
89 83 647245285
41 51 622915307
59 35 26428589
71 62 195993678
59 41 21552280
50 77 139035319
46 86 82690802
96 19 596268333
80 62 325432179
88 39 651336367
44 38 742028638
95 18 898544046
13 66 256146484
47 77 419523673
11 87 692106346
33 67 897090002
31
5 7 10 15 18 19 26 27 30 34 35 45 46 47 52 59 61 64 67 68 70 71 74 79 81 86 87 88 89 90 100 
34
1 2 3 8 13 16 17 22 23 24 28 31 33 37 40 43 44 49 50 51 54 56 57 58 62 63 77 78 84 91 92 93 96 98 
