394
-1
-1
-1
435
-1
-1
-1
713
-1
-1
-1
656
396
-1
-1
-1
-1
443
-1
485
-1
-1
-1
-1
-1
420
-1
-1
-1
-1
-1
-1
-1
-1
-1
-1
-1
-1
-1
693
-1
-1
-1
-1
-1
-1
-1
551
-1
-1
-1
-1
-1
-1
-1
-1
-1
-1
-1
-1
-1
-1
-1
559
-1
-1
-1
-1
-1
721
-1
-1
-1
625
-1
-1
-1
440
-1
-1
584
-1
-1
-1
-1
-1
-1
-1
-1
-1
-1
-1
-1
-1
-1
-1
-1
-1
-1
-1
-1
-1
-1
-1
-1
-1
-1
-1
-1
-1
-1
605
-1
-1
-1
-1
-1
-1
-1
-1
-1
-1
435
-1
-1
-1
-1
-1
-1
-1
-1
-1
-1
-1
498
-1
-1
-1
-1
-1
-1
-1
-1
-1
-1
-1
-1
-1
425
-1
455
-1
635
-1
-1
-1
-1
-1
-1
-1
-1
-1
-1
-1
-1
771
-1
-1
-1
-1
-1
-1
-1
-1
-1
511
603
-1
-1
-1
549
-1
-1
-1
-1
-1
-1
-1
-1
-1
-1
-1
-1
-1
-1
-1
498
-1
-1
-1
-1
-1
-1
-1
-1
-1
-1
-1
-1
-1
500
442
-1
-1
-1
-1
523
-1
-1
735
-1
-1
-1
-1
-1
-1
-1
-1
-1
-1
-1
-1
-1
-1
-1
-1
-1
-1
487
-1
-1
620
-1
-1
-1
-1
-1
-1
640
-1
-1
-1
-1
-1
-1
-1
-1
470
-1
617
-1
-1
-1
-1
-1
-1
-1
-1
-1
-1
-1
-1
-1
-1
517
-1
-1
-1
482
731
-1
-1
-1
-1
-1
-1
-1
-1
-1
-1
-1
-1
-1
-1
-1
-1
-1
-1
-1
-1
-1
-1
-1
-1
-1
-1
-1
-1
-1
-1
-1
-1
-1
-1
622
-1
-1
-1
-1
-1
-1
-1
-1
-1
-1
-1
654
-1
-1
-1
-1
-1
745
-1
-1
468
-1
-1
-1
-1
-1
-1
-1
-1
-1
-1
-1
-1
-1
-1
-1
-1
-1
696
775
747
-1
-1
-1
-1
-1
473
-1
-1
-1
-1
-1
-1
-1
-1
-1
-1
-1
-1
-1
-1
-1
-1
-1
-1
-1
-1
-1
517
-1
-1
-1
-1
550
-1
656
-1
776
544
723
-1
-1
-1
-1
-1
-1
-1
544
-1
-1
609
-1
-1
-1
-1
-1
704
-1
-1
-1
-1
-1
-1
-1
435
-1
759
453
-1
-1
-1
-1
-1
-1
-1
-1
-1
429
-1
-1
-1
618
-1
-1
-1
-1
579
-1
-1
-1
-1
-1
-1
-1
600
-1
-1
-1
-1
-1
-1
-1
-1
-1
-1
-1
-1
-1
-1
-1
-1
-1
-1
-1
-1
-1
-1
-1
-1
-1
424
-1
-1
-1
-1
-1
-1
-1
-1
-1
-1
-1
-1
-1
-1
-1
-1
-1
-1
-1
-1
-1
-1
-1
-1
-1
-1
-1
-1
-1
-1
-1
-1
-1
-1
-1
-1
-1
448
-1
-1
-1
-1
637
-1
551
-1
-1
-1
-1
-1
-1
-1
-1
-1
-1
-1
-1
753
703
-1
-1
-1
-1
-1
-1
-1
-1
-1
-1
-1
-1
-1
-1
-1
551
-1
-1
-1
-1
-1
-1
-1
-1
-1
569
-1
-1
-1
-1
-1
-1
-1
679
-1
-1
-1
-1
-1
634
-1
-1
-1
-1
645
-1
-1
-1
-1
-1
640
-1
-1
-1
-1
-1
-1
434
-1
-1
-1
-1
-1
-1
-1
-1
-1
-1
-1
-1
-1
-1
-1
-1
-1
-1
-1
-1
-1
-1
-1
-1
-1
-1
-1
-1
-1
-1
-1
-1
-1
-1
-1
546
-1
-1
393
-1
-1
-1
-1
-1
-1
-1
-1
-1
-1
-1
-1
-1
-1
-1
-1
-1
-1
-1
-1
-1
-1
478
-1
-1
-1
594
-1
-1
474
-1
-1
-1
453
-1
-1
612
436
-1
-1
-1
-1
-1
-1
-1
-1
-1
-1
-1
-1
-1
-1
-1
-1
-1
-1
757
-1
557
-1
-1
-1
562
-1
-1
654
-1
-1
-1
-1
724
-1
-1
-1
-1
-1
-1
-1
-1
-1
-1
-1
-1
-1
-1
623
524
-1
-1
-1
-1
703
-1
-1
-1
-1
-1
-1
-1
627
626
-1
-1
-1
-1
-1
-1
-1
-1
742
-1
-1
504
-1
-1
-1
-1
-1
-1
-1
-1
-1
-1
-1
-1
-1
-1
-1
-1
-1
-1
-1
-1
-1
-1
665
-1
-1
-1
689
620
-1
-1
-1
-1
-1
-1
-1
-1
-1
-1
-1
-1
-1
-1
-1
-1
-1
-1
-1
-1
-1
-1
-1
-1
-1
-1
-1
-1
-1
-1
660
-1
-1
-1
-1
-1
-1
-1
-1
549
-1
-1
-1
-1
-1
465
-1
-1
-1
-1
-1
-1
-1
-1
-1
688
-1
-1
-1
-1
-1
-1
-1
-1
-1
389
410
-1
-1
-1
-1
-1
-1
-1
-1
-1
667
-1
-1
-1
-1
-1
-1
715
-1
-1
-1
-1
-1
-1
-1
-1
-1
-1
475
-1
-1
-1
670
-1
-1
-1
-1
-1
-1
589
-1
-1
-1
-1
-1
-1
-1
-1
-1
-1
-1
-1
772
-1
-1
-1
-1
-1
-1
-1
-1
-1
-1
-1
-1
-1
-1
-1
-1
-1
-1
-1
-1
-1
644
666
-1
-1
-1
-1
414
-1
-1
-1
-1
-1
-1
-1
-1
527
-1
-1
-1
-1
-1
-1
-1
-1
-1
-1
-1
-1
-1
-1
-1
-1
-1
-1
-1
-1
-1
-1
-1
-1
405
-1
503
707
-1
-1
-1
-1
-1
-1
-1
-1
635
-1
-1
-1
-1
-1
-1
-1
462
-1
-1
-1
-1
-1
-1
-1
-1
737
-1
-1
-1
-1
-1
-1
-1
561
-1
-1
-1
-1
-1
-1
-1
762
-1
-1
-1
-1
-1
-1
-1
652
-1
-1
-1
-1
-1
-1
-1
-1
-1
-1
-1
-1
-1
-1
-1
-1
-1
-1
-1
-1
-1
-1
-1
721
-1
-1
-1
-1
-1
-1
-1
628
-1
-1
461
-1
-1
-1
-1
-1
-1
-1
-1
-1
-1
-1
-1
-1
-1
-1
-1
-1
-1
-1
-1
-1
-1
-1
-1
-1
-1
-1
-1
-1
-1
-1
-1
-1
-1
-1
-1
-1
-1
-1
-1
-1
-1
-1
-1
-1
-1
-1
-1
-1
-1
-1
-1
-1
-1
-1
-1
-1
-1
-1
-1
-1
-1
-1
-1
577
-1
-1
-1
-1
-1
-1
-1
-1
-1
-1
-1
-1
-1
-1
-1
522
-1
-1
-1
-1
-1
-1
-1
-1
-1
-1
-1
-1
-1
668
-1
-1
-1
-1
-1
-1
588
-1
476
-1
-1
-1
-1
-1
-1
-1
-1
-1
-1
-1
-1
-1
-1
771
-1
-1
701
-1
-1
-1
-1
-1
-1
-1
-1
-1
-1
-1
-1
-1
-1
-1
-1
-1
-1
-1
-1
-1
-1
-1
-1
-1
-1
-1
-1
-1
-1
-1
-1
723
-1
-1
-1
-1
-1
669
-1
-1
-1
-1
-1
-1
-1
-1
-1
767
-1
-1
-1
-1
-1
-1
-1
-1
-1
-1
-1
-1
-1
-1
-1
-1
-1
-1
-1
-1
-1
-1
-1
624
-1
-1
-1
-1
-1
-1
-1
-1
-1
-1
-1
-1
-1
-1
-1
-1
-1
-1
-1
733
-1
-1
-1
-1
392
-1
-1
-1
-1
-1
662
724
538
-1
644
-1
-1
-1
-1
-1
-1
-1
-1
-1
599
-1
-1
-1
712
482
-1
-1
-1
-1
532
-1
-1
723
654
-1
-1
-1
-1
-1
-1
-1
-1
-1
-1
-1
-1
-1
-1
-1
-1
586
-1
-1
-1
-1
-1
617
635
-1
-1
-1
-1
-1
-1
-1
-1
-1
-1
-1
609
-1
-1
-1
-1
-1
-1
-1
-1
713
-1
765
-1
438
-1
-1
-1
-1
635
-1
-1
-1
-1
-1
545
-1
-1
-1
-1
-1
-1
-1
-1
-1
-1
620
-1
-1
-1
776
-1
-1
-1
-1
-1
769
-1
632
-1
-1
-1
-1
-1
594
-1
-1
-1
-1
637
-1
-1
-1
-1
-1
-1
-1
-1
-1
-1
724
-1
-1
728
-1
-1
-1
-1
-1
556
-1
-1
-1
-1
-1
-1
-1
566
-1
-1
-1
-1
-1
-1
-1
595
715
484
694
-1
-1
-1
-1
-1
-1
-1
-1
-1
-1
-1
-1
661
-1
-1
-1
-1
-1
-1
-1
-1
-1
-1
-1
-1
465
-1
-1
-1
-1
470
-1
-1
-1
-1
-1
-1
-1
-1
-1
-1
-1
-1
-1
-1
627
-1
-1
-1
-1
695
-1
673
-1
-1
-1
401
-1
-1
609
-1
-1
-1
-1
-1
-1
-1
-1
-1
589
-1
-1
-1
-1
-1
-1
-1
-1
-1
436
-1
-1
-1
-1
-1
-1
-1
680
-1
-1
-1
-1
733
547
-1
-1
-1
-1
-1
-1
-1
-1
-1
421
-1
-1
-1
-1
-1
-1
-1
-1
-1
-1
-1
-1
-1
-1
-1
-1
-1
-1
-1
-1
-1
-1
-1
-1
-1
-1
-1
-1
-1
-1
-1
-1
-1
-1
-1
-1
-1
-1
-1
-1
739
-1
642
-1
-1
-1
-1
-1
-1
-1
-1
-1
-1
769
-1
-1
-1
-1
738
-1
-1
689
-1
-1
-1
-1
-1
-1
394
-1
598
-1
-1
-1
-1
-1
-1
-1
-1
-1
-1
-1
-1
-1
-1
498
744
-1
-1
-1
-1
-1
-1
510
-1
-1
502
-1
-1
-1
-1
445
-1
-1
746
-1
-1
767
-1
-1
-1
-1
-1
628
-1
392
-1
-1
-1
-1
-1
-1
-1
-1
-1
-1
-1
-1
-1
669
-1
-1
603
-1
-1
-1
-1
-1
-1
-1
-1
-1
-1
-1
460
-1
-1
-1
-1
-1
-1
-1
711
-1
-1
-1
-1
-1
-1
-1
-1
437
-1
-1
572
-1
404
-1
-1
-1
732
-1
-1
-1
-1
-1
-1
-1
-1
624
418
-1
-1
442
-1
-1
-1
-1
-1
-1
-1
653
-1
769
-1
-1
491
-1
-1
-1
-1
-1
-1
-1
-1
-1
-1
-1
-1
-1
-1
-1
-1
-1
-1
-1
-1
-1
-1
-1
525
456
-1
-1
-1
-1
-1
-1
-1
-1
675
-1
-1
-1
-1
-1
487
-1
-1
-1
-1
-1
-1
-1
-1
-1
-1
-1
-1
-1
-1
657
-1
-1
-1
-1
-1
-1
-1
-1
585
-1
-1
403
-1
-1
-1
497
-1
-1
-1
-1
-1
-1
-1
-1
438
696
-1
-1
-1
506
609
467
-1
-1
-1
604
543
-1
-1
-1
-1
-1
-1
-1
-1
-1
-1
-1
758
-1
-1
-1
499
729
-1
592
-1
-1
-1
-1
-1
-1
-1
-1
-1
-1
-1
-1
-1
596
-1
-1
-1
681
-1
-1
427
716
-1
-1
-1
-1
-1
-1
-1
-1
-1
-1
-1
-1
389
-1
-1
-1
-1
-1
-1
-1
-1
-1
-1
-1
-1
-1
-1
-1
-1
-1
-1
-1
-1
-1
-1
-1
-1
-1
-1
-1
-1
-1
-1
-1
-1
-1
-1
-1
-1
-1
-1
-1
478
-1
-1
-1
-1
-1
-1
-1
-1
-1
-1
-1
-1
-1
747
-1
-1
-1
-1
-1
-1
-1
727
-1
-1
453
-1
-1
-1
-1
-1
-1
-1
-1
-1
-1
-1
-1
-1
-1
-1
-1
-1
-1
-1
-1
-1
-1
-1
462
401
-1
476
-1
-1
-1
-1
-1
528
-1
-1
-1
-1
-1
-1
-1
-1
-1
-1
-1
-1
-1
-1
-1
-1
-1
-1
573
-1
-1
-1
-1
-1
-1
