60 60
25 17 20 3 6 11 38 18 55 56 8 4 5 28 30 7 58 53 2 19 47 32 45 35 26 39 34 23 29 21 1 41 12 57 37 27 14 51 60 49 42 33 52 10 36 50 31 44 46 22 48 24 43 40 59 13 54 15 16 9
20 7 53 549856
57 1 59 830526
18 1 53 225242
42 1 59 597162
31 1 58 441988
40 3 56 886819
9 4 56 457256
5 3 54 643845
47 2 58 90544
43 4 58 794326
5 5 55 812283
59 7 58 666588
56 6 56 662446
12 1 53 293512
18 7 55 461658
20 5 60 148413
56 6 60 516840
36 1 55 621853
44 1 53 101637
48 7 56 603847
56 1 59 991375
34 4 60 503742
50 6 58 229839
52 1 55 628543
60 4 53 839822
3 4 57 433359
10 5 60 718949
33 3 54 374336
54 7 58 562256
23 3 57 338460
9 1 58 94908
41 4 57 362576
60 5 55 763982
12 1 55 774750
42 5 57 625983
15 2 58 403439
37 1 54 452005
27 5 54 183780
28 4 60 347636
11 3 60 903853
49 5 58 677081
43 4 60 387688
11 1 57 463693
23 4 57 226419
33 5 56 707316
46 5 53 202020
60 6 57 103011
30 7 60 497163
33 1 58 455657
9 6 58 82182
3 3 60 866937
41 1 59 708415
22 7 60 174396
16 5 59 982322
58 1 56 458250
15 4 56 579294
29 4 57 391727
21 1 60 446014
46 6 58 443897
47 3 57 978883
