297 300
86 175 296 78 75 44 99 87 62 294 169 124 111 98 138 72 90 145 64 159 247 117 95 127 77 125 139 110 67 206 289 214 20 230 30 136 244 5 119 45 36 180 158 105 197 39 168 47 107 101 292 284 181 1 270 184 290 9 164 153 26 224 6 260 283 104 102 49 278 163 151 156 10 134 220 213 173 132 33 91 277 114 182 66 286 35 79 58 194 229 205 252 14 240 121 122 231 115 239 29 60 218 41 232 276 216 118 258 15 282 53 76 249 243 274 123 84 147 189 65 268 144 209 143 176 257 109 63 154 170 165 152 192 28 203 4 162 2 183 272 3 128 16 204 146 188 187 89 131 293 222 46 50 288 68 150 200 73 129 93 223 133 227 92 112 88 186 166 251 19 267 217 83 228 281 208 275 120 254 295 54 248 56 261 237 285 135 51 32 160 11 13 106 191 266 221 271 226 236 238 259 71 149 80 126 57 233 291 140 22 265 116 130 142 82 148 245 69 12 7 34 61 202 108 179 100 190 250 256 269 235 74 225 297 207 219 253 196 161 215 52 255 21 23 242 246 211 263 174 17 201 59 262 195 279 157 97 96 18 212 8 81 241 113 177 31 193 137 185 198 171 264 24 155 172 280 25 85 210 48 287 40 55 27 42 37 103 94 43 167 38 234 273 199 70 141 178
10 10 296 69937
125 5 297 377862
269 9 283 727686
272 13 282 182511
271 12 296 364816
173 13 285 885824
134 1 287 757268
256 11 285 648248
128 2 294 149780
147 16 284 321924
51 15 292 986797
210 1 290 625322
296 15 286 854187
19 16 288 611313
71 8 285 725280
102 6 285 148786
291 15 290 985458
212 5 290 3534
237 7 295 373775
3 9 297 330747
34 7 293 839607
138 2 288 515465
61 9 289 386768
289 1 286 718976
59 1 280 172978
178 17 291 395763
107 3 291 734445
113 5 293 925668
93 3 288 871381
241 14 291 953534
165 3 291 274647
239 10 293 240996
130 8 289 173715
13 14 285 888629
79 1 281 770958
187 15 285 288111
108 14 286 527047
50 13 293 855279
243 16 287 83334
296 17 290 21782
228 16 287 580711
209 4 295 164587
278 7 297 32757
40 12 291 544940
110 6 297 861247
191 9 292 775500
238 10 280 794167
101 1 297 45576
59 3 282 92141
212 5 293 463847
220 7 287 426595
91 13 280 148906
85 8 289 229399
17 13 290 388322
147 5 289 78193
164 17 293 819352
82 1 293 791568
249 5 287 458784
245 13 285 103978
82 5 283 311628
51 4 296 128683
235 9 282 130317
14 14 291 415505
270 1 292 690694
164 7 290 983882
55 14 287 930737
44 15 285 360074
243 12 282 544168
62 7 283 501
206 14 292 347289
48 10 288 244174
81 17 297 206416
89 3 289 372772
265 13 290 323910
63 2 287 443483
213 5 282 518772
105 4 287 521887
252 10 287 722009
262 1 293 635771
19 10 293 835908
251 5 284 358486
38 1 285 806534
8 4 292 608090
160 5 293 70860
137 16 287 188441
204 7 282 133996
160 13 292 707817
65 15 288 842274
218 3 290 870883
229 16 287 163294
168 5 294 698848
296 16 280 810287
6 4 295 185141
111 2 296 171223
50 9 288 174505
210 8 283 80085
56 4 291 638555
125 5 297 566823
141 1 284 987811
214 11 284 664815
137 5 294 797069
128 13 282 475444
280 6 281 850463
198 12 281 733785
266 17 293 151157
138 1 280 83539
92 8 282 64445
170 8 288 813807
88 3 284 721166
296 1 283 766390
286 14 284 417098
41 5 294 70403
144 16 280 784194
21 6 280 907088
61 14 285 961120
268 5 291 372141
153 15 287 550850
259 1 293 819061
179 11 285 371365
168 6 287 388691
219 4 293 201795
257 2 286 432512
214 16 287 544680
82 10 293 19238
139 12 284 340379
225 3 286 754417
140 12 292 49502
163 4 287 848592
290 1 295 269731
144 4 295 420827
156 5 280 904548
156 13 296 930547
83 6 288 617173
32 8 296 495728
205 10 290 86313
286 3 295 276362
56 6 296 85772
114 13 297 427871
269 1 293 382304
222 9 280 962365
209 8 284 764554
34 15 283 362765
100 2 291 238810
9 2 284 963563
297 9 295 408636
89 3 292 543203
234 7 297 868859
289 4 293 666359
107 8 281 284534
63 3 297 352196
130 13 289 828951
221 17 281 893119
113 9 286 125864
194 10 294 738179
173 6 295 666860
239 12 287 704235
20 10 288 692431
3 4 296 844748
174 10 284 590188
287 6 288 912292
54 1 294 895490
237 9 296 486084
7 12 288 495366
151 7 295 139248
83 7 296 961249
289 5 288 738592
41 1 283 633753
233 2 285 791472
223 5 285 633980
272 14 284 829108
255 1 287 388280
274 4 297 12724
131 15 282 253187
241 3 285 818422
207 12 294 354497
156 4 290 4413
201 16 291 427311
278 15 292 416887
183 7 283 8356
111 4 285 86124
2 17 282 722828
131 2 285 567212
68 7 292 571090
211 15 285 161719
71 5 284 196848
152 6 281 627541
69 7 286 34799
161 8 289 676270
5 13 291 241498
218 4 289 450940
93 5 280 84497
211 2 296 133583
14 6 282 357553
271 9 294 610109
86 7 290 392121
99 9 288 383488
136 1 285 738551
214 5 284 342484
7 5 283 217638
248 3 291 265652
247 17 297 836485
97 10 283 205338
294 17 288 466040
246 15 281 969484
295 9 295 715562
73 1 289 259648
57 15 297 177118
59 16 292 879682
184 15 282 801019
185 6 295 920927
134 6 291 807732
231 3 289 420436
206 13 292 541136
21 9 292 573476
20 6 283 565533
16 4 286 872208
237 3 295 703154
14 4 283 257177
141 2 295 830668
216 8 283 343214
153 10 282 102044
144 15 288 89801
15 13 285 325562
19 5 295 443511
139 6 280 443409
67 3 281 288632
97 8 283 217639
45 4 288 45648
226 11 292 118835
192 11 285 492753
231 11 280 317910
17 9 282 170132
121 13 282 538409
7 7 293 496167
242 3 288 298836
160 16 293 809614
45 2 287 465041
268 6 293 29689
257 14 281 119130
116 6 289 181875
166 6 294 450704
94 6 290 698629
203 8 297 543582
286 11 297 654770
143 15 290 197662
202 16 287 631939
239 7 297 258769
51 17 294 41651
123 11 297 939370
115 6 296 450183
240 7 287 858567
15 8 287 463865
43 6 289 68332
166 16 285 47321
205 12 287 358077
50 6 282 791766
133 10 288 293490
2 2 293 813335
13 9 291 821997
52 4 284 186138
235 4 287 744839
125 17 289 245017
177 16 290 944353
89 3 287 264873
63 4 296 434223
68 13 284 733705
65 1 288 63941
168 8 287 420306
250 6 297 962009
33 12 290 158930
294 13 284 880344
288 15 293 725790
263 10 297 982930
120 13 291 227362
71 6 288 665835
153 3 292 576372
234 13 297 90343
90 3 292 404311
138 2 295 912039
250 7 297 29411
8 8 295 850686
141 1 291 473682
115 14 283 29626
216 10 297 320825
260 3 288 760491
158 12 283 265505
292 8 280 993567
274 8 286 141841
182 1 297 81583
163 9 284 287725
245 7 281 10301
267 15 292 774599
43 3 292 689786
172 14 288 233057
116 3 285 441318
31 4 296 871545
56 10 288 534164
123 2 288 871610
212 16 290 878421
53 11 293 340316
