864470
45576
94307
94307
94307
225244
45576
104608
45576
502410
679329
179159
116089
1122840
64814
45576
94307
179159
94307
818894
936506
45576
137717
34506
65315
220831
45576
45576
45576
104608
220831
104608
45576
1122840
64814
81583
45576
679329
104608
94307
599595
81583
81583
749732
45576
81583
104608
0
65315
81583
179159
45576
45576
1006909
502410
220831
45576
94307
104608
64814
679329
104608
1006909
12724
220831
131348
749732
104608
156955
85117
749732
64814
45576
94307
45576
179159
45576
104608
12724
936506
94307
115979
864470
220831
-1
167896
220831
80375
179159
599595
220831
116089
679329
45576
749732
179159
45576
45576
45576
179159
-1
45576
94307
167896
94307
75202
45576
220831
45576
34506
116089
679329
502410
1122840
156955
94307
220831
12724
225244
225244
81583
58300
179159
45576
-1
179159
-1
225244
12724
81583
225244
81583
45576
864470
81583
94307
45576
45576
12724
599595
179159
1165839
45576
864470
94307
45576
81583
94307
45576
45576
45576
599595
45576
81583
81583
104608
1122840
679329
225244
94307
45576
104608
864470
81583
45576
94307
115979
179159
179159
94307
12724
81583
45576
94307
85117
220831
85117
94307
81583
45576
-1
45576
45576
179159
64814
220831
45576
220831
864470
179159
45576
45576
1122840
94307
45576
45576
45576
179159
864470
94307
91884
45576
94307
104608
94307
45576
131348
131849
81583
81583
45576
179159
85117
936506
1122840
1122840
94307
1122840
45576
179159
220831
502410
1122840
679329
-1
64814
45576
749732
502019
81583
599595
1122840
45576
864470
94307
220831
749732
94307
104608
45576
220831
45576
81583
94307
502410
167896
81583
679329
45576
45576
94307
1122840
749732
225244
167896
749732
45576
-1
1006909
1019645
94307
75202
220831
45576
45576
80375
45576
225244
81583
1006909
116089
94307
94307
45576
45576
220831
91884
45576
45576
81583
864470
45576
45576
81583
94307
225244
116089
94307
0
225244
94307
94307
679329
220831
45576
679329
131348
45576
179159
679329
