85158
53543
334254
160544
256970
436554
252447
207306
159445
53543
53543
207306
85158
288984
276099
77527
94970
839544
140558
53543
94970
140986
142573
168761
361132
252447
597820
76771
140986
139048
85158
170026
87412
92156
140986
142573
108791
139048
139048
140558
428217
168761
161167
159445
161167
142085
533488
92156
159445
53543
159445
85158
53543
183699
270244
361132
-1
85158
160544
92182
90789
53543
72033
53543
143672
139048
92156
248370
140558
85158
174046
252447
43338
159445
108791
426287
53543
361132
252447
377302
108791
207306
85158
207306
140986
140986
43338
550315
350163
53543
55674
139048
253203
45823
139048
436554
395099
127250
436554
53543
85158
270244
350163
140558
85158
159445
550315
85158
-1
252447
253203
181956
291931
108791
53543
160544
108791
288984
170026
426287
334254
108791
161167
353016
621593
53543
481455
361132
334254
623811
260581
621593
476633
252447
139048
92156
550315
92156
242032
140558
242032
159445
159445
53543
242788
108791
108099
108791
242032
533488
108791
85158
242032
140558
361132
139048
795343
-1
108099
161167
39838
256970
53543
53543
242032
161167
108791
53543
170600
159445
426287
85158
252447
140558
533488
161167
621547
108791
94970
242032
207306
159445
92156
53543
127250
85158
85158
73132
229215
252447
160544
186013
365805
161167
170026
140558
43338
108791
85158
92182
260581
160544
53543
76771
85158
-1
90789
597820
172509
160544
361132
140558
150281
139048
436554
332791
159445
3500
85158
110378
605337
160544
74953
170026
270244
53543
597820
35115
252447
353016
68953
159445
130353
161167
85158
160544
92156
476924
561994
270244
174046
161167
348495
159445
53543
108791
207306
426287
108099
74953
229215
140558
332791
85158
242032
160544
426287
436554
212009
242032
53543
377302
90789
533488
159445
361132
170600
174299
108791
92156
274109
252447
160544
334254
436554
160544
274109
597820
159445
90789
252447
92156
174046
274109
74953
108791
503957
256970
252447
253203
288984
252447
174299
229215
208532
92182
184877
632921
621593
92156
159445
377302
597820
632921
632921
256970
452565
252447
53543
81977
53543
160544
334254
108791
142573
108791
85158
207306
274109
426287
248370
159445
274109
174299
715574
53543
295821
181956
53543
140986
140558
503957
436554
170600
174123
43338
53543
122009
150281
143672
550315
550315
174123
248370
85158
85158
161167
648665
159445
92156
85158
142573
92156
90789
395099
212009
53543
205719
159445
715574
-1
130353
170026
207306
53543
252447
108791
53543
85158
159445
140558
85158
242032
277396
452565
181956
242032
130353
166526
88656
122009
92156
85158
348495
168035
140558
108791
92182
260581
205719
212009
53543
288984
334254
53543
127250
140558
159445
53543
92182
92182
85158
127250
53543
159445
270244
212009
-1
1261131
53543
92156
174123
53543
108791
53543
168035
205719
90789
212009
175676
94970
85158
92182
85158
74953
140558
288984
90789
426287
53543
159445
108791
260581
108791
174299
43338
90789
43338
361132
53543
-1
108791
92156
53543
160544
795343
181956
252447
87412
426287
140986
270244
-1
533488
159445
436554
208532
248370
161167
108791
426287
90789
108791
334254
90789
76771
238158
248370
140558
632921
348495
140558
140986
85158
252447
361132
108791
270244
546868
274109
170026
53543
140558
108791
252447
-1
159445
108791
85158
174123
597820
533488
142573
181956
90789
274109
53543
181956
597820
53543
252447
90789
53543
108791
122009
395099
159445
241658
256970
436554
108791
160544
361132
92156
92182
179283
212009
252447
92214
252447
252447
140986
155587
174046
92156
108791
53543
368880
43338
85158
170026
632921
242032
161167
53543
92182
242032
139048
252447
252447
621593
139048
597820
291931
361132
161167
288984
252447
242032
92156
53543
170026
139048
50043
361132
139048
252447
550315
605337
248370
53543
140558
85158
159445
274109
140986
108791
108791
274109
256970
53543
623811
53543
140986
436554
334254
779927
53543
248370
92156
92156
90789
108791
90789
170026
252447
334254
170600
53543
43338
108791
605337
139048
172509
248370
205719
425040
597820
426287
196973
160544
170026
334254
242032
436554
270244
53543
140558
92182
108791
426287
181956
92156
161167
274109
113308
130353
43338
274109
270244
108791
50043
274109
159445
92156
426287
72033
53543
256970
53543
426287
92156
127250
74953
503957
256970
92156
53543
108099
270244
184877
597820
92156
53543
252447
140986
174299
-1
361132
140558
256970
288984
142573
334254
197338
92156
110378
259284
108791
295821
621547
200838
242032
108791
142085
361132
174046
139048
533488
207306
170026
85158
242032
366887
252447
159445
50392
53543
436554
597820
139048
184877
561994
621593
426287
159445
425040
159445
53543
270244
205719
170600
184877
85158
350163
53543
270244
623738
274109
90789
140558
74953
53543
45823
76771
43338
170026
85158
43338
436554
229215
436554
159445
108791
108791
-1
74953
274109
436554
-1
170026
139048
561994
53543
85158
170600
92156
170026
436554
252447
161167
295821
43338
256970
436554
140558
150281
621547
92156
160544
361132
92156
207306
108791
436554
90789
90789
139048
108791
436600
159445
110378
181956
53543
108099
242032
242032
207306
140558
242032
377302
205719
130353
252447
436554
85158
361132
715528
252447
252447
-1
161167
130353
160544
242032
621593
92156
108791
452565
150281
621593
140558
74953
159445
122009
425040
533488
-1
140558
161167
393489
140558
113308
260581
53543
110378
181956
242032
85158
85158
361132
92156
52318
597820
90789
159445
252447
-1
270244
108791
242032
108791
181956
303997
212009
140558
161167
160544
142573
43338
159445
159445
274109
39838
260581
85158
242032
621593
92156
53543
140986
170026
248370
74953
85158
130353
108791
621593
170026
160544
160544
76771
92156
143672
248370
140986
288984
59174
207306
533488
39838
533488
252447
53543
623811
361132
92182
252447
85158
3500
92156
53543
140558
85158
140558
161167
229215
98680
108791
248370
632921
150281
175676
288984
259284
90789
170026
92156
260581
92156
127250
175676
53543
241658
159445
170026
92156
72033
550315
53543
90789
85158
288984
108791
252447
142573
150281
172509
92182
53543
152682
172509
85158
127250
140986
597820
159445
92182
108791
108791
252447
632921
43338
92182
207306
90789
150281
436554
85158
185976
122009
274109
139048
110378
436554
551071
181956
361132
139048
597820
174046
85158
436554
92182
53543
533488
621547
140558
53543
242032
260581
85158
174123
108791
43338
161167
481455
334254
160544
561994
426287
139048
242032
476633
85158
242032
207306
597820
426287
242032
141928
334254
148123
53543
108791
252447
170600
53543
85158
160544
160544
140986
533488
212009
621593
242032
53543
140558
161167
108791
426287
53543
108791
159445
361132
361132
92156
270244
242032
680506
181956
92182
140558
350254
140986
242032
242032
90789
74953
274109
160544
92156
108791
252447
140558
139048
92156
53543
270244
395099
212009
140558
621593
108791
181956
160544
43338
288984
207306
160544
252447
252447
274109
207306
366887
436554
90789
92182
621593
159445
252447
142573
74953
142573
248370
53543
242032
252447
92156
260581
242032
155664
53543
117017
160544
130353
270244
597820
207306
205719
90515
74953
159445
53543
92156
92182
108791
252447
252447
92156
285406
108791
597820
85158
170026
252447
74953
90789
274109
92156
140558
256970
53543
85158
53543
152682
159445
85158
90789
94970
288984
139048
108791
139048
139048
159445
150281
242032
361132
274109
242032
361132
53543
160544
161167
92156
597820
256970
-1
597820
476924
140558
-1
377302
140986
161167
53543
253203
130353
53543
159445
252447
288984
139048
155587
55674
159445
53543
53543
90789
92156
436554
252447
174299
110378
481455
53543
39838
53543
108791
207306
242032
561994
150281
92156
139048
550315
92182
53543
185976
43338
74953
597820
174046
476633
256970
108791
242032
140986
108791
256970
92156
291931
140558
159445
53543
53543
621593
212009
361132
159445
395099
160544
85158
241658
92156
621593
207306
53543
242032
551071
334254
1261131
50043
242032
150281
426287
159445
361132
39838
90789
174299
140986
108791
85158
108791
53543
179176
503957
334254
426287
53543
288984
242032
181956
426287
295821
92156
623738
39838
256970
53543
-1
242032
159445
142085
252447
52318
127250
252447
242032
561994
436554
92156
632921
142104
170600
159445
179176
155587
274109
155587
426287
350163
174299
43338
53543
53543
43338
155587
303997
0
533488
108791
108791
53543
150281
159445
74953
436554
53543
140986
205719
252447
142085
90789
288984
623738
242032
252447
50043
85158
252447
76771
207306
160544
108791
140558
53543
94970
456696
0
648665
302243
92182
140558
159445
92156
136766
256970
140986
334254
159445
85158
252447
361132
85158
140986
334254
74953
170026
252447
436554
252447
85158
288984
142085
139048
406305
207306
174123
597820
-1
127250
256970
108791
174299
159445
324561
252447
159445
92156
142573
252447
270244
85158
92156
85158
181956
181956
92156
108791
53543
334254
92156
68953
140558
108791
252447
-1
108791
621547
108791
92156
256970
159445
127250
85158
53543
248370
59174
436554
253203
-1
92182
150281
425040
274109
-1
90789
92182
350163
53543
53543
90789
53543
212009
252447
53543
256970
92156
252447
252447
946602
546868
181956
207306
174299
53543
270244
157174
140558
550315
623738
73132
425040
85158
242032
168761
406305
159445
108791
295821
229215
274109
550315
85158
274109
130353
90789
361132
492050
90789
53543
159445
90789
108791
90789
274109
200838
274109
561994
74953
50392
43338
74953
53543
150281
361132
395099
159445
3500
140558
140558
0
53543
303830
252447
92182
140558
288984
108791
242032
159445
160544
174299
252447
92182
140558
108791
533488
174299
621593
127250
53543
274109
92156
-1
161167
149761
159445
108791
161167
252447
181956
53543
160544
181956
170026
43338
160544
53543
395099
140558
108791
160544
181956
81977
142085
621593
74953
85158
550315
159445
140558
110378
259284
274109
207306
436554
87412
53543
127250
108791
648665
174123
185976
242032
395099
533488
597820
248370
632921
361132
108791
108099
288984
92156
436554
159445
53543
53543
174299
85158
476633
406305
142573
207306
334254
436554
50043
-1
90789
159445
53543
90789
174123
53543
85158
108791
108791
533488
295821
108791
108791
3500
74953
288984
108791
110378
208532
161167
623738
43338
140558
92156
43338
197338
55674
53543
242032
108791
140558
108791
252447
161167
270244
181956
108791
270244
127250
212009
252447
150281
140986
324561
621593
492050
121329
92182
92182
150281
141928
252447
248370
108791
85158
242032
161167
104599
76771
68953
85158
92182
161167
533488
503957
161167
274109
53543
436600
550315
252447
253203
334254
108791
53543
492050
174299
242032
53543
551071
252447
303997
174299
377302
142573
395099
248370
288984
436554
53543
436554
274109
90789
256970
76771
90789
53543
85158
248370
159445
242032
142573
1261131
108791
92156
256970
92156
252447
288984
142573
350163
366887
53543
-1
260581
85158
503957
74953
436554
139048
256970
361132
334254
53543
108791
127250
361132
81977
170026
436554
159445
597820
140558
140986
63505
139048
85158
252447
108099
85158
561994
252447
53543
150281
130353
108099
149761
140986
140986
361132
53543
248370
127250
74953
161167
536397
597820
621593
252447
174299
256970
161167
92156
242032
92156
43338
140558
172509
92156
260581
53543
597820
108791
242032
395099
270244
260581
92156
74953
74953
140558
43338
274109
85158
53543
550315
242032
533488
426287
597820
242032
159445
53543
108791
270244
90789
207306
274109
159445
252447
90789
621593
155587
170026
181956
252447
350163
242032
252447
561994
184877
150281
127250
110378
623738
259284
334254
436554
155587
68953
108791
53543
140558
108791
361132
159445
140986
288984
90789
108791
248370
-1
159445
252447
142085
140558
175676
242032
291931
170026
252447
-1
260581
108791
179176
74953
436554
161167
174299
256970
155587
160544
92182
248370
256970
85158
252447
212009
108791
270244
108791
160544
303997
456696
252447
168035
160544
334254
142085
546868
632921
242032
159445
621547
53543
140986
53543
43338
207306
274109
334254
159445
242032
108791
160544
561994
43338
92156
50043
242032
546868
50043
395099
426287
108791
551071
140558
92156
252447
92182
170026
256970
142573
53543
200838
161167
139048
161167
288984
172509
90789
76771
274109
252447
160544
165261
53543
108791
212009
159445
597820
170026
85158
170026
110378
161167
53543
174123
621593
53543
212009
53543
43338
76771
395099
50043
159445
295821
334254
150281
256970
53543
536397
108099
72033
110378
139048
436554
53543
174123
159445
252447
361132
561994
533488
425040
274109
53543
395099
550315
92156
53543
108099
274109
597820
546868
92156
130353
252447
170600
155587
242032
53543
108791
365805
170026
172509
108791
168761
621593
242032
184877
334254
181956
242032
252447
108791
140558
252447
334254
425040
607235
161167
242032
140558
426287
53543
43338
88656
139048
108791
503957
140558
170026
159445
92182
108791
291931
1261131
546868
108791
68953
85158
85158
207306
242032
85158
140558
159445
621593
648665
94970
242032
92156
436554
53543
90789
229215
172509
295821
130353
94970
174299
597820
436554
53543
181956
170600
53543
53543
623738
181956
270244
130353
53543
260581
288984
597820
108099
212009
85158
108791
92156
361132
92156
174299
533488
170600
90789
170026
3500
252447
170026
108099
436554
253203
361132
406305
288984
170600
108791
72033
50043
53543
533488
252447
160544
621593
130353
150281
248370
536397
-1
256970
53543
108791
53543
53543
334254
252447
334254
242032
242032
377302
102090
110378
361132
252447
303830
108791
174299
253203
260581
53543
597820
108791
174046
476633
