3680378167
7360756334
11041134501
14721512668
18401890835
22082269002
25762647169
29443025336
33123403503
36803781670
40484159837
44164538004
47844916171
51525294338
55205672505
58886050672
62566428839
66246807006
69927185173
73607563340
77287941507
80968319674
84648697841
88329076008
92009454175
95689832342
99370210509
103050588676
106730966843
110411345010
114091723177
117772101344
121452479511
125132857678
128813235845
132493614012
136173992179
139854370346
143534748513
147215126680
150895504847
154575883014
158256261181
161936639348
165617017515
169297395682
172977773849
176658152016
180338530183
184018908350
187699286517
191379664684
195060042851
198740421018
202420799185
206101177352
209781555519
213461933686
217142311853
220822690020
224503068187
228183446354
231863824521
235544202688
239224580855
242904959022
246585337189
250265715356
253946093523
257626471690
261306849857
264987228024
268667606191
272347984358
276028362525
279708740692
283389118859
287069497026
290749875193
294430253360
298110631527
301791009694
305471387861
309151766028
312832144195
316512522362
320192900529
323873278696
327553656863
331234035030
334914413197
338594791364
342275169531
345955547698
349635925865
353316304032
356996682199
360677060366
364357438533
368037816700
371718194867
375398573034
379078951201
382759329368
386439707535
390120085702
393800463869
397480842036
401161220203
404841598370
408521976537
412202354704
415882732871
419563111038
423243489205
426923867372
430604245539
434284623706
437965001873
441645380040
445325758207
449006136374
452686514541
456366892708
460047270875
463727649042
467408027209
471088405376
474768783543
478449161710
482129539877
485809918044
489490296211
493170674378
496851052545
500531430712
504211808879
507892187046
511572565213
515252943380
518933321547
522613699714
526294077881
529974456048
533654834215
537335212382
541015590549
544695968716
548376346883
552056725050
555737103217
559417481384
563097859551
566778237718
570458615885
574138994052
577819372219
581499750386
585180128553
588860506720
592540884887
596221263054
599901641221
603582019388
607262397555
610942775722
614623153889
618303532056
621983910223
625664288390
629344666557
633025044724
636705422891
640385801058
644066179225
647746557392
651426935559
655107313726
658787691893
662468070060
666148448227
669828826394
673509204561
677189582728
680869960895
684550339062
688230717229
691911095396
695591473563
699271851730
702952229897
706632608064
710312986231
713993364398
717673742565
721354120732
725034498899
728714877066
732395255233
736075633400
739756011567
743436389734
747116767901
750797146068
754477524235
758157902402
761838280569
765518658736
769199036903
772879415070
776559793237
780240171404
783920549571
787600927738
791281305905
794961684072
798642062239
802322440406
806002818573
809683196740
813363574907
817043953074
820724331241
824404709408
828085087575
831765465742
835445843909
839126222076
842806600243
846486978410
850167356577
853847734744
857528112911
861208491078
864888869245
868569247412
872249625579
875930003746
879610381913
883290760080
886971138247
890651516414
894331894581
898012272748
901692650915
905373029082
909053407249
912733785416
916414163583
920094541750
923774919917
927455298084
931135676251
934816054418
938496432585
942176810752
945857188919
949537567086
953217945253
956898323420
960578701587
964259079754
967939457921
971619836088
975300214255
978980592422
982660970589
986341348756
1015784374092
1026825508593
1023145130426
1012103995925
1001062861424
1045227399428
1019464752259
1041534597982
1026591576918
1026217160159
1026173301241
1026175231885
1026175110651
1026175065400
1026175052723
1026175054241
1026175054270
1026175054202
1026175054187
1026175054184
