1559935272546
1551411036084
1542886799622
1534362563160
1525838326698
1517314090236
1508789853774
1500265617312
1491741380850
1483217144388
1474692907926
1466168671464
1457644435002
1449120198540
1440595962078
1432071725616
1423547489154
1415023252692
1406499016230
1397974779768
1389450543306
1380926306844
1372402070382
1363877833920
1355353597458
1346829360996
1338305124534
1329780888072
1321256651610
1312732415148
1304208178686
1295683942224
1287159705762
1278635469300
1270111232838
1261586996376
1253062759914
1244538523452
1236014286990
1227490050528
1218965814066
1210441577604
1201917341142
1193393104680
1184868868218
1176344631756
1167820395294
1159296158832
1150771922370
1142247685908
1133723449446
1125199212984
1116674976522
1108150740060
1099626503598
1091102267136
1082578030674
1074053794212
1065529557750
1057005321288
1048481084826
1039956848364
1031432611902
1022908375440
1014384138978
1005859902516
997335666054
988811429592
980287193130
971762956668
963238720206
954714483744
946190247282
937666010820
929141774358
920617537896
912093301434
903569064972
895044828510
886520592048
877996355586
869472119124
860947882662
852423646200
843899409738
835375173276
826850936814
818326700352
809802463890
801278227428
792753990966
784229754504
775705518042
767181281580
758657045118
750132808656
741608572194
733084335732
724560099270
716035862808
707511626346
698987389884
690463153422
681938916960
673414680498
664890444036
656366207574
647841971112
639317734650
630793498188
622269261726
613745025264
605220788802
596696552340
588172315878
579648079416
571123842954
562599606492
554075370030
545551133568
537026897106
528502660644
519978424182
511454187720
502929951258
494405714796
485881478334
477357241872
468833005410
460308768948
451784532486
443260296024
434736059562
426211823100
417687586638
409163350176
400639113714
392114877252
383590640790
375066404328
366542167866
358017931404
349493694942
340969458480
332445222018
323920985556
315396749094
306872512632
298348276170
289824039708
281299803246
272775566784
264251330322
255727093860
247202857398
238678620936
230154384474
221630148012
213105911550
204581675088
196057438626
187533202164
179008965702
170484729240
42621182310
68193891696
144912019854
136387783392
76718128158
140332019214
77884240472
77211033976
77811021030
77752954470
77753371074
77753405764
77753410620
77753412090
77753410840
77753410686
77753410722
77753410706
77753410706
