136 4080
29141 8560 15142 19235 16322 84 32445 12500 2445 3482 1335 18368 9718 29713 249 8266 11561 20298 13083 31673 3483 31986 18284 18481 26677 6238 12726 6371 30644 21608 28739 28288 1872 10106 22431 25587 15515 32232 19360 4943 14509 26243 2468 18182 21630 28011 26650 19293 31891 6436 12100 29724 28637 15852 28474 10890 26078 6988 30515 6040 24589 30702 20992 15965 10876 12206 27609 6850 20408 26611 17756 6271 1008 24128 22483 30278 19290 1286 3766 26941 24531 25277 31345 5298 6598 26418 8294 10763 24654 11043 3126 17659 25759 19977 1596 22524 11426 26165 4955 15609 12511 14110 8698 15946 4512 8698 2124 11238 10067 1163 14293 20692 29233 31292 18986 23779 11549 13164 19192 5787 1999 22282 25415 26995 19505 8802 18944 9285 29449 15158 7597 31742 27609 26641 2945 9882
2 131 75
1 61 22833
1 31 32009
3 79 66 2039
2 63 17
2 98 116
1 19 12685
3 5 126 12320
1 65 27963
2 121 20
3 93 73 5635
1 128 30194
2 49 129
2 60 41
1 8 4202
2 128 132
1 111 889
2 33 88
3 128 129 7395
1 49 29035
3 89 25 29858
1 121 3876
1 115 205
2 80 3
1 1 20315
2 117 93
2 89 121
2 14 47
3 3 36 13526
3 40 45 1502
1 22 10169
3 8 62 24287
2 21 125
1 34 14448
2 82 121
2 81 112
2 60 40
3 77 128 23770
3 53 26 16797
2 58 58
1 4 16368
1 101 3387
3 73 83 18354
2 57 133
1 96 791
2 109 10
1 11 5593
3 111 17 6884
3 32 122 14967
2 24 71
3 105 102 15943
1 19 3478
2 85 20
1 99 22895
3 89 40 29840
3 96 132 31812
2 21 31
1 42 6080
2 51 57
3 61 58 20575
1 25 17580
3 59 94 4365
1 96 8900
1 77 18861
2 13 76
2 32 115
1 113 30920
3 121 73 8542
1 39 4102
3 79 29 10064
2 83 121
2 52 65
3 110 100 9786
1 90 27478
3 113 108 27299
3 22 41 328
1 80 13070
2 19 117
1 45 24393
1 14 31119
1 38 8483
1 79 22246
1 55 8714
3 18 36 4570
2 79 71
3 131 81 24488
2 135 20
2 9 1
1 8 23521
1 78 19276
1 79 5922
3 93 91 31357
3 2 133 31253
3 88 50 28938
2 37 106
2 45 9
2 17 109
2 37 26
1 41 11009
2 3 130
3 59 110 18131
3 2 103 10338
2 4 31
2 54 22
1 129 29295
2 80 31
3 86 55 8096
3 130 132 16002
3 115 25 14034
1 11 1361
3 56 106 8540
1 29 26374
1 106 3934
1 76 32201
2 5 50
3 53 24 12844
2 18 81
2 11 72
2 97 115
1 92 13757
2 58 111
2 23 13
3 71 3 2553
3 85 127 26948
1 19 20128
1 53 9450
3 117 36 15603
3 105 66 3397
2 51 39
2 38 125
3 109 126 27383
1 66 14235
2 17 81
3 74 98 18740
2 65 135
3 74 103 32416
2 97 7
1 86 27510
1 76 18690
2 45 11
2 83 80
3 36 118 15683
3 73 5 14120
1 43 23398
3 32 41 2578
3 9 15 15170
2 14 116
1 109 25956
2 32 6
1 1 23391
2 109 65
1 79 19272
3 116 22 18092
2 18 58
1 9 18786
2 40 84
2 124 26
1 48 2001
2 19 21
1 37 24763
1 106 23123
2 132 101
3 69 91 31017
1 23 2413
3 117 91 9305
2 131 80
3 64 93 10167
1 57 18003
3 104 14 9224
2 43 117
3 21 104 23474
2 97 99
2 8 24
3 65 54 23518
1 120 16317
3 8 118 14121
2 90 26
2 22 78
1 4 21834
2 5 56
1 71 6221
1 57 1927
1 104 25880
1 121 26605
3 37 76 5592
3 28 136 23982
2 116 130
3 103 117 29147
3 28 89 3981
3 66 53 1667
3 27 123 25197
1 98 5406
1 90 12119
2 47 59
3 2 86 23837
2 4 25
2 86 74
3 67 57 20008
3 31 124 9639
1 77 25201
1 38 8710
2 24 108
1 49 1906
1 30 14538
2 122 41
2 2 93
1 66 26111
3 29 71 13144
2 57 125
1 56 28631
2 80 134
2 101 19
2 48 93
2 71 86
1 113 1110
3 21 135 4885
3 127 122 1267
3 34 31 16159
1 35 9000
2 94 24
1 44 18479
1 74 28442
1 111 18955
2 61 23
2 117 29
1 103 1173
3 130 44 7476
1 97 13456
1 68 32346
1 95 32290
2 13 81
3 40 84 30403
3 80 121 19153
2 94 9
1 89 25751
3 52 77 24539
3 129 81 16513
2 35 57
1 84 32560
3 66 101 12113
3 72 50 17173
1 6 14153
3 50 102 27136
2 94 87
1 79 4856
2 117 82
1 109 25090
3 111 17 5909
3 4 30 4017
2 51 81
1 60 8360
1 105 21156
3 112 127 4099
1 21 27699
2 27 23
2 105 28
1 8 28933
1 80 114
1 104 664
3 22 31 20182
3 135 99 12846
3 96 89 14769
1 47 31269
3 62 110 6003
3 118 58 11146
1 92 30023
2 125 87
2 136 8
3 105 81 23713
1 73 8039
1 18 3107
1 21 9801
2 130 50
1 68 31665
3 87 88 18947
2 111 133
2 40 96
2 80 130
1 124 9173
1 5 29838
3 20 107 21173
3 70 109 27264
3 97 73 13569
2 67 37
1 135 30105
3 103 84 21911
2 10 114
2 126 19
1 114 6837
2 46 92
1 41 26951
3 123 125 12003
1 18 32089
3 38 11 17393
2 42 45
2 76 125
1 15 20227
1 134 31512
1 107 29633
2 6 113
1 125 14576
1 40 26406
3 58 101 1424
2 134 103
3 77 89 2045
2 104 94
3 76 98 4912
3 112 47 6845
1 14 4326
2 121 132
3 128 68 28114
2 52 24
3 52 87 2184
2 33 39
2 71 65
2 40 110
3 11 91 15182
2 41 101
2 81 98
2 26 98
1 52 24430
3 75 129 13389
2 85 19
1 119 30927
3 49 1 24256
3 77 97 20139
1 77 486
2 65 111
3 103 4 31954
3 38 126 18324
3 45 68 29456
1 73 20376
2 98 49
3 80 116 2202
1 92 30602
1 16 3665
2 75 79
2 41 105
1 57 9069
3 22 60 30234
2 4 109
2 9 135
1 35 27983
3 109 79 12708
2 37 5
1 41 13844
2 87 45
1 72 10104
2 92 100
1 112 19290
2 37 59
3 75 136 25016
2 73 88
1 3 28198
2 37 117
2 60 39
2 90 86
2 54 55
2 13 2
2 110 84
2 136 134
3 21 36 10280
3 124 89 12445
3 121 112 26215
1 8 11276
3 57 120 28440
2 76 132
1 124 12701
2 56 54
1 80 15921
2 76 13
1 105 9731
1 12 12787
3 105 108 22192
2 10 25
1 23 9770
3 107 117 17932
3 129 26 29455
3 70 43 11274
3 10 47 18449
2 76 20
1 50 13915
3 111 90 3913
1 41 6769
2 111 32
2 77 94
2 93 18
2 35 93
1 100 22164
3 38 110 20000
2 35 126
3 31 37 13983
2 107 32
3 121 118 20429
1 105 20198
1 59 28369
2 122 74
2 16 37
3 102 103 23989
2 15 16
1 118 23873
1 131 13579
2 46 55
3 120 89 20730
3 77 94 14610
2 35 19
2 8 109
3 48 58 6586
1 119 8896
1 71 31686
3 51 124 6208
1 14 14787
3 121 50 11808
3 109 58 31908
3 66 86 15812
1 128 17840
2 25 12
1 4 21127
2 24 109
1 6 3542
1 49 20507
1 110 22187
3 116 47 5605
3 68 95 28863
1 106 1905
3 4 67 27619
3 69 102 10462
2 105 17
2 132 121
1 31 32610
2 62 14
1 24 18442
1 80 16694
3 119 45 11153
2 10 89
1 88 12527
1 101 8472
3 90 110 21613
3 1 25 22126
1 136 31329
2 111 15
2 10 103
2 62 80
2 97 6
1 78 15828
1 72 32170
3 40 48 7370
3 111 97 6271
2 25 82
2 36 23
3 116 114 17965
2 41 89
3 127 125 26576
1 69 6755
1 67 994
3 16 105 16621
1 132 32102
2 29 57
1 128 29461
2 93 16
2 15 98
3 78 52 31834
1 40 21758
2 34 119
2 22 40
2 77 18
2 51 130
1 66 5077
1 77 23146
2 51 21
3 15 81 19050
1 6 25955
2 128 98
3 64 75 28679
3 44 52 19828
1 135 30920
2 42 103
1 26 17790
2 76 57
3 32 108 9724
1 23 5353
1 100 26573
1 99 775
2 44 90
2 102 66
3 22 9 5747
1 118 2885
1 63 15644
3 56 4 16153
2 12 123
2 35 46
2 110 8
2 118 102
1 88 23848
3 93 68 29269
3 57 121 30614
1 27 25629
3 38 37 28717
2 23 54
3 22 91 3773
2 24 132
3 64 21 19068
1 100 4484
1 61 28744
3 89 2 16425
1 9 29735
3 40 6 12435
2 105 85
3 115 37 869
1 68 24875
3 78 38 9077
1 118 26252
1 18 14967
3 84 58 20086
2 84 2
1 32 22057
2 102 14
3 94 135 16526
2 59 98
1 95 26494
2 130 128
3 34 104 29063
3 37 92 12475
3 93 128 35
3 40 82 4696
3 53 125 15125
1 45 32560
1 26 24195
1 29 10673
3 50 24 26776
3 78 5 5914
1 135 30318
1 23 27487
1 38 13711
1 9 25780
3 25 78 8543
2 62 107
3 84 83 6722
3 17 73 17332
1 108 30554
1 120 11220
1 27 14505
1 136 8831
2 118 6
3 110 100 7117
2 27 129
1 51 2802
3 23 18 16313
2 100 136
2 119 101
2 63 129
2 18 135
3 93 7 13239
3 60 23 11282
1 4 245
2 30 48
2 91 34
1 11 5338
1 2 31429
3 42 4 9481
3 134 7 1327
1 119 22506
3 106 17 15517
1 52 7592
2 121 48
3 40 53 32752
3 134 79 27589
1 131 30760
3 98 76 14552
2 76 66
3 17 101 5077
1 84 22451
2 63 11
2 7 90
1 65 29622
3 84 86 9617
3 39 70 19214
1 72 23029
2 62 107
1 41 29073
3 104 104 16563
1 101 14777
1 1 30004
1 55 7335
3 31 15 32243
1 33 13141
3 20 38 31730
2 36 84
3 56 53 16138
3 100 88 21660
2 11 28
1 20 9461
2 33 127
2 35 26
1 133 7861
3 53 108 29072
3 79 3 1169
2 133 58
2 39 120
1 4 27585
2 128 84
2 133 93
2 11 92
2 39 62
2 115 7
3 80 92 8719
3 34 33 5308
1 47 12366
2 45 51
2 113 128
3 97 107 140
3 80 30 8831
2 107 70
3 119 101 17756
2 12 87
3 136 84 27056
2 71 62
1 67 10633
1 134 23884
1 125 3070
1 97 21781
3 42 58 5115
2 16 56
3 136 96 2093
3 57 4 1416
1 124 15499
3 83 94 11370
3 36 97 31947
2 71 134
3 81 2 31739
3 97 31 23264
2 78 92
2 64 31
2 93 18
1 85 19644
2 107 58
2 5 7
1 28 20387
3 32 28 21064
3 112 75 21685
3 33 6 31084
1 11 15472
2 55 33
1 113 22197
1 34 5938
2 106 64
3 124 9 31717
1 3 10539
3 38 34 32632
3 107 34 29446
3 72 68 16987
2 27 18
1 22 26282
2 20 115
1 69 8647
1 70 12832
1 111 12194
1 56 7865
1 114 29582
2 56 109
2 67 25
2 103 86
2 43 54
1 121 19186
1 29 20889
3 115 4 21246
1 72 30756
1 134 2018
1 118 4385
2 52 52
3 40 30 7227
1 130 27577
1 81 3814
2 120 6
3 117 129 17417
1 103 2796
1 30 31305
3 26 10 23481
3 7 85 12413
3 72 125 9069
2 99 102
3 21 53 6182
1 136 15254
3 70 60 22530
2 55 51
1 14 2988
2 136 15
3 77 32 5889
3 31 34 3385
1 89 8943
1 38 14561
3 15 114 18460
3 126 46 32393
1 8 9641
3 72 85 7580
3 57 15 31813
2 115 31
2 59 37
1 72 14970
2 74 19
1 54 117
3 72 14 24547
1 122 25156
2 108 39
3 63 100 25798
3 37 69 25645
2 123 112
1 118 9855
2 39 117
2 70 95
1 93 18375
1 71 5705
2 132 47
3 118 24 27252
2 135 131
2 101 98
2 11 36
2 73 15
1 106 8028
1 18 4042
1 132 14235
1 76 12057
3 17 38 14807
2 32 113
3 81 20 15538
3 127 16 13435
3 89 32 26
1 52 24904
2 135 67
3 132 119 23983
2 85 49
1 20 3697
3 37 91 28640
2 48 70
3 22 27 29367
1 69 22806
1 10 29291
2 37 31
2 91 49
3 116 41 15429
2 59 48
1 11 18031
2 29 47
3 134 53 3249
3 48 103 30351
2 103 108
2 79 133
1 23 6784
2 67 73
1 58 1505
2 53 86
3 125 57 10547
2 35 122
2 35 13
1 20 22760
1 90 22882
1 119 13133
1 128 8864
1 29 11012
2 52 20
3 105 124 27452
1 1 18398
2 115 123
3 96 24 3586
1 28 18346
1 102 11345
3 73 104 6195
2 106 70
3 104 24 21860
2 29 92
1 128 26708
3 83 108 20881
2 80 136
3 64 41 19836
1 33 28561
2 71 134
1 69 576
3 24 72 32545
1 85 1825
3 112 16 1706
2 106 62
1 96 809
3 46 67 14821
2 103 62
1 42 9256
2 133 75
1 106 14559
2 71 5
2 134 9
3 123 52 24932
3 130 106 27995
2 76 93
3 61 47 29474
3 67 90 9630
2 107 16
2 100 123
2 115 62
3 133 7 18042
1 58 10752
3 102 102 26768
3 92 126 29152
3 2 17 19597
3 33 38 14179
2 101 131
3 117 116 31629
1 32 27758
2 105 110
1 10 6502
2 125 48
2 88 78
3 110 3 27468
3 119 87 25601
2 37 45
1 121 32127
2 51 97
2 2 136
1 123 4875
3 61 108 3198
3 75 93 4247
3 45 119 8585
3 122 83 9332
1 79 22350
3 10 42 21004
3 103 65 17032
2 96 83
1 27 12319
3 82 123 28380
3 86 72 31934
3 105 11 4175
2 103 7
2 70 15
3 66 38 21268
2 79 90
2 57 95
1 47 22788
2 77 48
3 136 35 31093
2 26 127
1 126 14716
2 70 56
3 75 20 1008
3 39 50 17393
1 56 27723
1 22 30587
1 90 20198
1 110 13993
2 25 46
1 95 21015
2 61 38
3 59 22 17114
2 2 47
3 86 39 6931
1 135 12281
3 116 48 13103
3 93 95 12902
1 16 29481
1 78 2041
3 134 43 26448
3 45 32 32301
2 136 64
3 96 124 95
3 34 31 21575
2 112 128
1 57 7860
1 82 10777
2 111 5
2 45 30
1 2 13503
2 57 99
3 12 60 32179
2 46 8
3 116 86 29981
1 93 32754
1 6 5217
2 89 102
3 65 98 3459
1 81 21057
3 24 75 28401
1 75 17631
2 45 2
2 7 112
3 98 47 14363
1 26 25167
2 27 133
2 17 128
1 1 3705
1 91 19571
2 27 120
3 85 4 25265
1 3 33
2 94 133
2 18 125
2 88 85
3 35 53 17402
3 91 103 26196
1 6 4255
3 36 59 17719
3 85 59 15635
1 67 25149
1 29 30208
1 44 30177
2 113 33
3 32 104 12225
1 63 24162
2 120 21
2 86 52
1 57 10373
1 133 3269
2 103 28
3 66 90 2716
2 130 82
2 106 42
3 37 115 15731
2 55 50
1 120 27959
3 13 107 28170
2 82 136
3 103 33 10439
1 70 2186
2 84 17
1 48 24726
3 60 71 8837
1 63 417
1 92 2620
1 117 25998
2 57 85
1 70 20404
1 52 304
2 96 56
3 1 29 29433
1 69 22492
1 48 23776
1 101 11523
1 64 25073
3 67 113 12514
2 58 58
2 55 88
3 64 93 8491
1 133 9469
1 35 3704
3 116 83 29634
2 99 115
3 8 32 17757
1 107 5734
3 43 51 9055
1 66 241
1 110 11579
1 51 5947
2 121 126
1 110 29167
3 88 46 12975
3 37 86 18736
1 66 25516
3 59 24 10776
3 60 9 9117
1 23 14244
2 25 65
3 66 1 13825
3 129 28 5604
3 97 27 26644
1 84 11106
2 12 33
2 135 126
3 136 104 23039
3 10 126 12013
1 89 16097
2 63 73
2 40 53
1 57 16900
1 14 21327
3 127 126 12160
2 120 110
3 108 9 27810
2 116 35
3 71 110 27023
3 10 125 25357
2 83 16
2 116 82
3 131 54 21168
3 39 65 22614
1 22 7605
3 131 70 22112
1 92 12391
1 84 27776
2 61 53
2 5 48
3 106 132 15120
3 40 119 14879
3 30 6 25285
1 42 28066
2 88 121
1 25 2890
2 114 38
3 74 3 32721
1 49 5910
1 103 14046
1 134 28086
2 6 41
3 134 115 31553
3 135 13 6542
1 107 29346
2 79 25
1 75 23351
1 22 7115
2 23 65
3 45 87 17745
3 81 46 6184
3 38 13 29790
2 111 116
2 73 34
2 117 100
1 112 26650
2 16 98
3 96 29 8652
1 38 1930
1 71 26190
3 130 80 8950
1 33 3664
3 60 16 23233
1 46 15674
1 84 13176
2 69 25
1 6 20977
3 24 85 16438
2 106 135
1 44 11852
3 3 88 17938
1 56 857
1 56 13121
3 25 58 865
1 77 27117
2 79 48
1 84 14472
3 57 107 21726
2 34 20
1 127 8949
2 133 51
3 129 40 546
3 110 77 8281
2 36 54
1 74 18725
2 49 77
2 82 136
1 8 15
2 102 130
3 10 68 27721
2 40 40
3 67 126 14255
2 2 21
3 130 127 16225
1 66 25886
3 114 39 17703
2 46 109
3 88 20 16094
3 114 97 5533
2 37 44
1 13 19891
1 67 16722
1 91 5343
1 100 1366
3 53 71 7941
2 42 58
3 13 30 4907
3 124 77 26804
2 105 48
1 70 26492
3 50 92 31427
2 68 12
1 51 6541
1 120 3277
2 72 41
2 98 107
2 103 46
2 12 51
3 16 100 10753
2 29 95
1 12 27062
3 70 17 1338
2 50 47
2 80 30
2 109 79
2 111 33
2 73 25
3 43 92 746
1 36 21092
2 91 77
3 29 31 1458
1 7 717
2 116 105
3 98 18 4548
1 126 8363
2 15 130
3 60 62 31270
2 42 22
3 48 108 11090
3 125 92 2918
1 51 18048
2 24 46
3 84 115 2087
1 42 26892
1 116 2213
2 56 41
2 116 16
3 76 40 30374
1 29 9885
1 125 3561
2 113 21
1 35 11025
1 136 18594
2 97 60
2 8 76
2 37 102
2 74 64
1 66 5457
1 133 6852
3 118 96 5302
3 105 6 12293
1 66 26208
1 136 5218
2 29 40
3 11 70 5005
1 114 9593
2 76 8
2 74 131
2 58 46
2 49 66
1 37 27588
2 3 7
1 113 10664
2 121 35
1 2 8144
3 7 46 27758
3 92 93 27950
3 53 4 28417
3 6 71 20224
3 12 102 634
3 12 21 15171
1 7 9806
3 12 105 28
2 21 131
2 80 28
2 92 78
2 109 102
3 65 122 27737
1 127 16171
1 26 10887
3 57 39 11221
1 114 23267
3 113 49 9695
3 92 39 28588
3 100 69 24837
2 20 80
1 30 11309
1 8 30354
1 103 24098
2 125 10
2 80 46
3 116 33 5896
2 111 134
2 56 98
1 65 21542
3 73 115 4251
3 11 64 10122
1 35 23736
2 20 51
1 74 15887
2 34 71
1 24 7138
1 34 19357
1 71 3622
2 10 61
1 119 12253
3 112 10 19666
1 127 15153
2 39 22
3 9 105 3690
3 72 112 63
1 99 17034
3 21 95 136
1 77 866
2 74 101
3 89 123 27580
2 99 91
2 22 82
1 82 11278
2 36 116
2 20 24
3 135 77 23329
2 76 36
3 5 16 1303
1 96 17824
2 112 95
1 60 29470
2 96 81
1 110 16853
3 77 64 16273
2 15 65
3 78 20 18543
2 53 129
3 14 62 30044
2 5 53
3 127 32 31733
1 27 9446
1 26 4063
2 119 63
2 7 102
3 42 110 24947
3 41 65 6941
1 42 11916
3 67 21 9427
3 45 17 25035
3 79 53 8520
2 102 82
2 111 3
2 31 83
1 74 13495
1 72 19245
3 24 77 18419
2 103 89
1 45 15999
1 113 8624
3 102 3 21999
2 61 64
1 83 32541
2 64 29
2 15 83
2 78 15
1 118 16340
1 130 6959
1 25 4611
2 37 113
1 91 9154
3 70 71 2188
3 2 47 24888
2 116 83
1 86 10078
2 17 44
3 62 122 27082
2 24 97
3 134 15 15893
1 80 11069
1 75 6193
3 77 68 14151
1 118 3643
3 132 108 21967
3 115 55 15227
3 115 130 25436
1 57 32178
3 104 125 23005
3 123 99 8145
2 53 66
3 89 62 15592
3 26 13 7294
3 47 48 26809
2 93 18
1 111 17665
2 50 110
3 47 57 27438
1 108 24987
1 27 15265
1 86 277
3 136 42 21921
1 36 29081
3 63 123 11504
1 55 28332
2 93 66
2 102 99
2 19 132
3 11 45 19522
2 19 134
2 88 43
3 10 58 12831
3 128 33 1815
1 122 3657
1 49 24843
1 136 24693
3 101 68 10963
2 50 62
2 20 14
3 91 59 29980
1 118 13563
3 33 73 27772
2 110 46
2 69 43
1 124 13042
3 29 93 24919
2 99 109
2 134 124
3 44 117 25180
1 49 2019
2 43 70
1 112 14263
2 125 31
3 48 122 18518
1 98 31128
1 20 1283
2 102 18
3 19 29 20985
3 122 112 26902
1 53 10565
2 134 89
1 10 4622
2 32 70
1 132 5843
1 112 16878
1 83 6332
2 87 78
2 19 25
2 30 89
1 84 17101
1 18 32083
2 52 25
3 75 75 9083
2 8 32
2 70 33
1 80 10218
1 1 24582
1 116 11142
2 97 32
2 69 98
1 105 7715
2 9 33
1 72 3123
3 87 105 15137
3 58 105 16805
1 122 11984
3 103 9 28786
1 94 11033
2 66 19
3 132 118 29670
3 133 50 16036
3 94 54 3416
1 125 26304
2 3 9
2 31 96
2 3 39
3 19 79 28500
1 103 3266
3 23 100 16850
1 27 26215
2 132 37
3 110 54 15565
2 134 33
3 101 118 31726
1 53 29921
2 35 69
3 39 134 32611
3 94 91 18997
1 65 18340
2 50 9
1 104 14283
1 56 26694
2 127 82
2 109 78
1 75 13507
1 133 3926
2 120 63
1 10 10432
3 12 25 20773
3 108 62 23093
2 109 101
3 49 28 11907
2 30 53
2 130 104
2 30 121
3 134 126 1497
1 5 14061
1 96 25741
1 74 15813
2 2 87
3 63 14 9859
3 87 118 10931
3 136 123 13034
2 31 25
3 69 88 18672
3 119 104 17857
2 128 111
1 133 12785
1 76 8864
2 44 39
3 1 126 14840
1 30 14834
3 123 49 21551
2 105 117
3 13 116 321
2 10 52
1 85 21211
1 22 10158
1 73 30321
1 21 6860
3 125 34 14417
2 18 20
3 130 76 31122
1 7 28867
2 53 92
2 31 43
1 111 15441
2 131 86
2 92 104
1 30 9420
2 104 8
2 76 38
1 94 10272
2 7 15
1 62 1255
2 4 37
1 46 29619
1 37 11489
3 88 8 1785
1 131 7615
1 106 529
3 87 73 11556
3 56 76 15589
1 107 4165
3 51 123 21229
2 72 61
2 83 124
1 24 2434
3 128 120 23018
2 69 101
1 1 18323
2 94 117
3 1 130 27812
1 95 18424
2 106 3
1 37 3758
2 78 111
1 113 1659
3 30 58 28860
2 98 35
3 4 114 1603
1 38 4073
1 61 23281
3 62 42 23574
2 115 127
3 41 80 21473
3 22 136 29648
2 63 29
3 66 3 22571
1 33 13377
2 90 43
3 57 86 9787
2 57 133
1 92 17441
3 65 14 31867
2 28 18
1 70 26565
3 30 71 13066
2 119 53
2 49 31
3 74 81 17451
2 69 134
3 13 64 10443
2 112 18
2 25 91
2 17 68
1 78 31278
1 82 26670
1 103 29713
2 57 76
2 65 1
2 98 114
3 54 55 20742
2 12 43
1 77 9550
2 44 99
3 66 64 3251
2 20 20
2 69 134
1 38 23964
1 131 27944
1 133 28937
3 77 110 29517
1 104 10875
2 95 123
3 87 84 10216
1 75 5880
2 18 96
3 53 130 28392
2 131 48
2 68 34
2 4 97
2 21 81
1 119 3485
1 33 14828
3 72 3 7403
3 6 103 14398
1 103 22162
2 103 117
2 38 125
3 1 109 31985
1 98 19719
3 17 112 24314
1 69 8093
2 12 16
2 130 75
3 100 73 278
2 16 16
2 120 48
3 1 26 5034
2 112 36
2 8 124
1 122 18898
3 79 70 4175
2 88 93
1 66 23520
1 83 18194
3 124 39 14576
1 133 18202
3 102 90 22100
1 120 22768
2 88 66
2 55 74
1 67 12663
2 78 128
2 52 97
2 107 12
1 122 26308
3 80 25 7392
3 23 63 600
3 123 104 19707
1 31 640
2 4 70
1 119 8867
1 50 400
2 129 130
2 34 85
2 132 88
1 95 26817
3 21 39 21250
1 41 10957
2 23 79
3 92 135 14460
2 39 58
3 96 129 2293
2 32 100
2 123 125
3 117 20 12841
3 91 95 8212
1 35 5163
3 60 81 30033
2 50 109
3 7 135 30082
2 34 4
3 38 53 12278
1 4 15114
1 90 31144
1 5 23902
2 113 66
2 51 77
3 71 121 2501
2 33 127
1 61 19256
3 55 117 14526
2 6 18
2 22 49
3 43 69 13741
1 103 32443
2 75 95
1 62 8458
1 45 23540
1 71 10723
3 116 27 28789
3 103 17 24301
3 51 13 24397
3 15 52 4469
3 37 82 6842
3 97 126 7655
3 102 94 29825
3 118 111 3408
2 136 109
1 5 11492
2 17 24
3 31 129 32697
1 54 15082
1 25 6695
1 10 25906
1 19 2168
2 118 132
3 71 82 27795
2 19 35
2 99 74
2 99 84
1 5 9088
1 132 26686
3 83 130 20562
3 84 16 26048
2 28 103
2 81 55
3 44 66 23340
1 58 18763
3 5 7 19040
1 76 23898
2 110 87
1 45 31474
1 136 25902
1 63 2160
2 70 59
2 85 80
3 39 46 31556
2 55 24
1 57 13912
1 88 29539
1 105 26574
1 54 18266
3 113 73 27078
1 130 10873
1 21 28141
3 67 39 28527
2 36 61
1 95 5014
2 79 86
1 46 763
1 84 336
1 76 10123
3 97 133 3892
2 101 74
1 123 23251
2 38 61
3 92 101 14944
1 113 21918
2 74 57
2 6 51
1 73 1015
2 32 13
1 35 29686
2 53 109
2 52 129
2 49 23
3 103 81 25288
1 96 26185
2 62 65
1 5 3178
2 13 34
1 115 32256
2 7 1
3 45 28 5835
1 2 17615
3 94 38 19040
1 115 15557
3 134 46 20904
1 34 8153
1 93 9919
3 73 32 11218
1 130 13407
2 82 25
3 50 87 12640
2 5 91
3 42 16 5739
1 19 7928
3 59 25 22262
3 109 45 3773
1 82 5783
2 127 24
1 25 2437
2 110 125
3 18 89 31871
3 46 3 26430
1 29 29421
3 33 63 24693
1 107 7200
3 51 48 16787
3 75 72 483
2 52 12
1 46 19789
2 66 114
3 95 121 20277
3 26 73 7904
1 72 20704
3 98 97 30603
1 97 28887
3 62 62 29976
3 90 123 587
1 4 3194
3 4 27 28431
1 7 12701
1 52 10344
1 13 10505
1 49 25835
2 56 37
2 93 75
3 3 57 16685
1 19 12332
3 101 135 10099
3 22 134 26377
3 53 11 30531
3 63 21 21712
1 30 10121
1 100 28304
2 37 135
2 59 111
1 79 2152
2 107 15
2 129 129
2 97 119
3 33 45 2991
1 86 24532
1 81 9943
2 62 109
1 75 16464
2 8 35
1 116 8343
1 108 23731
2 125 101
1 101 9174
2 123 13
3 94 24 17452
2 86 127
1 28 7552
3 129 56 14417
2 125 102
1 115 16200
1 88 2989
3 128 17 10837
2 31 67
2 25 50
3 58 56 20048
3 52 3 3394
3 31 14 16019
3 37 35 15680
2 57 25
3 55 43 28666
1 87 16993
1 33 3139
2 82 119
1 28 4012
1 6 6152
1 102 3378
2 89 13
2 1 118
2 13 48
3 61 69 5624
2 48 93
1 16 21249
3 2 73 27406
1 130 29674
3 59 50 1141
1 29 20678
3 110 128 7346
3 127 8 22620
2 128 65
1 56 15805
1 72 9889
1 31 6761
1 60 19278
2 106 52
1 54 7254
2 67 56
3 99 122 5352
2 14 113
2 91 90
2 114 125
1 2 8341
3 21 110 20739
3 30 12 23213
3 67 39 3930
1 123 23768
2 91 37
1 134 28330
1 60 24071
1 72 14758
1 70 11933
1 4 16374
1 12 26953
3 65 30 27211
2 104 65
1 122 27049
2 118 105
1 76 12190
2 13 103
3 85 60 25509
2 121 129
3 118 98 23988
1 57 9673
1 31 19056
3 127 81 24225
3 18 29 25695
3 71 70 30904
3 120 85 20328
3 13 44 5728
1 29 27078
3 32 111 26270
2 40 47
3 24 2 30003
2 23 26
3 71 87 26113
1 71 23593
3 95 68 26728
3 39 127 13827
1 97 26475
1 135 17638
1 2 20284
2 46 130
1 81 25162
2 31 96
1 37 23532
3 34 124 21440
2 20 56
1 116 31883
3 37 65 28167
3 120 53 31094
2 87 19
1 65 26094
3 41 127 12212
2 108 79
2 83 105
3 131 123 17545
3 117 82 30625
1 121 31759
2 66 125
3 18 69 26021
1 30 8774
1 12 9876
3 11 113 19678
1 111 16086
3 101 81 30794
1 92 16668
2 112 1
2 70 70
3 85 4 9744
1 92 31523
2 66 20
2 119 112
2 98 112
3 87 72 2091
1 25 17660
3 47 10 30178
2 92 54
2 55 27
1 95 7354
3 129 77 28629
2 50 106
3 81 57 14988
1 55 10421
1 49 2487
1 87 16990
2 103 70
2 94 115
3 103 59 30724
2 11 62
3 126 4 13283
2 70 24
2 106 96
2 76 59
2 54 95
1 10 12537
3 111 37 12934
2 62 107
1 106 4765
2 130 34
1 9 16419
3 32 70 27831
3 41 77 4939
3 132 112 18884
1 75 31671
1 131 20567
1 105 28356
2 121 73
3 107 13 12683
2 13 111
1 74 5196
3 52 9 1485
3 38 118 11054
1 63 17600
3 64 74 14298
2 90 44
1 73 2519
1 90 32165
2 1 121
3 110 33 4440
3 69 136 12729
1 69 1172
2 30 1
1 124 32183
2 83 95
2 16 126
2 86 82
3 128 95 24289
3 41 76 26183
2 82 23
3 135 67 21284
1 80 19361
1 107 3594
3 91 106 14712
2 124 8
1 118 13470
2 48 63
2 92 46
1 94 19516
2 33 74
1 109 24001
1 88 30843
2 22 5
2 20 40
3 107 43 30169
1 71 19202
2 132 112
1 123 21263
2 136 135
1 127 12565
3 57 49 7584
2 40 120
3 88 33 10708
2 69 103
2 38 112
1 59 25514
1 1 9418
1 111 29965
3 126 102 31439
3 131 64 9659
1 20 885
3 60 7 7714
2 129 4
3 18 128 19508
3 47 135 21975
2 71 48
3 83 128 27444
1 121 4895
1 111 5163
1 17 31301
3 33 21 28011
3 132 129 21387
2 124 13
3 69 17 17676
3 28 72 31935
3 72 40 25772
2 100 35
2 65 96
2 134 34
3 47 113 26969
2 71 128
1 62 21765
2 133 41
3 87 114 22514
2 16 65
1 17 16812
1 13 14951
3 93 126 10201
2 101 69
3 121 17 17758
2 58 46
1 117 11807
2 5 58
2 17 81
3 119 123 2963
1 88 24421
2 91 134
1 31 14514
2 39 71
2 94 133
2 22 132
3 74 98 17656
3 31 10 3650
3 124 79 9195
1 110 14470
2 113 135
2 74 63
2 130 41
2 28 129
2 101 24
1 107 13740
3 62 6 19362
2 17 51
2 68 102
3 112 66 14372
2 25 72
2 43 53
2 9 83
2 111 122
1 94 22178
1 79 5886
3 75 32 26816
2 134 64
1 54 25703
2 45 105
3 14 81 17311
2 79 20
2 86 77
1 115 26336
3 78 36 22939
1 91 3572
1 70 24028
3 12 94 18079
1 36 9779
2 125 96
3 115 73 14920
1 27 22321
2 60 90
1 15 19725
1 94 16723
3 50 91 7930
2 44 87
3 109 14 25478
3 99 5 12695
2 45 45
1 106 15502
1 51 32595
1 99 22081
1 43 29677
3 55 126 25597
3 102 41 6639
2 31 18
1 13 19409
2 55 46
3 119 41 13511
2 115 128
2 48 94
3 45 31 14008
2 93 104
1 121 10403
2 51 75
3 70 8 7957
2 101 21
1 69 8145
2 34 85
1 22 10541
3 85 42 9927
1 77 17949
2 76 8
2 14 57
2 85 19
1 116 31424
3 51 49 393
2 124 9
2 123 35
2 114 122
2 42 14
2 26 65
2 92 52
3 77 66 27274
1 61 8910
2 99 130
1 44 1586
1 38 15175
1 73 5588
1 86 21213
3 114 18 2588
1 118 252
3 41 53 32441
2 78 135
2 35 109
3 133 29 10891
2 127 27
2 109 77
1 118 8276
3 120 96 15617
3 13 7 3614
3 106 79 8581
1 50 28183
1 32 21130
3 26 21 24084
1 48 6248
1 19 3472
3 112 79 29668
3 59 18 17186
3 34 112 4932
3 85 15 782
3 27 33 22690
1 17 757
2 83 1
1 90 18244
1 43 13936
1 87 28095
2 127 61
3 20 105 5246
1 122 28516
1 75 18663
3 8 52 10983
1 64 28051
3 41 118 15959
2 121 66
3 27 70 8880
2 133 52
2 129 99
3 27 3 1077
2 105 23
1 48 2307
1 35 15108
2 29 46
1 121 26610
3 44 103 6051
2 24 35
3 10 28 19835
2 100 100
3 69 55 16193
3 21 14 25193
3 49 7 17607
3 8 4 17886
2 89 110
2 35 21
3 93 107 6251
3 115 130 6032
1 117 25167
2 33 19
2 34 107
1 93 9244
1 134 20263
2 53 130
3 80 19 10984
2 102 75
3 91 129 15743
2 86 69
3 64 78 31870
1 99 27715
1 75 3664
2 108 132
1 9 24505
3 55 34 28515
2 74 21
1 120 26661
2 23 38
2 123 57
2 110 111
3 116 21 4510
3 91 129 9094
1 111 8862
3 12 17 15282
2 83 121
2 58 48
1 57 9299
3 8 34 11052
2 86 33
2 123 14
2 134 10
2 46 17
2 90 87
1 66 23332
1 34 16640
2 63 110
3 120 131 6883
3 73 54 27170
1 110 23862
2 77 134
1 36 8136
3 6 34 29161
2 100 17
1 77 7647
2 136 106
3 106 112 29482
1 40 24080
2 124 114
2 30 11
2 94 8
2 22 41
2 112 17
1 10 1006
2 33 94
1 1 4949
1 124 5458
2 23 126
1 42 4509
1 119 6917
2 21 110
2 99 71
2 108 99
3 44 23 17379
2 89 16
1 55 19764
1 84 3745
1 75 25034
3 89 112 29895
2 93 111
2 17 22
3 96 32 18869
2 74 113
1 32 31776
3 42 107 15272
1 131 21526
1 57 10030
1 132 28326
1 30 24055
1 28 4805
1 27 1516
1 110 6197
1 33 7551
3 103 44 1475
1 90 13873
2 54 26
1 18 25803
2 87 9
1 108 26994
1 27 317
2 7 86
1 96 24299
3 23 11 17445
1 122 101
2 35 83
2 47 45
1 57 11949
2 71 119
3 47 43 26984
1 65 14508
1 73 31194
3 31 71 13059
1 89 23293
1 20 7688
2 112 6
3 89 87 3465
1 6 13988
1 117 12130
2 66 37
1 96 8900
2 114 119
1 126 26382
3 127 40 23549
1 3 10515
3 84 44 23704
1 7 20993
3 101 136 6933
1 123 10354
3 61 71 9140
3 52 59 90
3 60 20 10965
1 34 24522
2 103 59
3 66 125 29913
3 15 41 370
2 36 47
3 129 80 11522
2 27 39
1 66 25162
2 128 122
1 32 6198
3 89 36 32607
3 108 9 5042
3 37 98 19446
3 3 116 30795
1 76 10939
2 29 35
3 51 136 631
3 31 36 7476
3 110 41 26975
2 110 112
1 114 21654
1 84 29576
1 90 1693
1 82 23375
2 104 94
3 113 4 9814
3 11 28 27684
2 79 76
2 87 97
1 24 6013
1 93 22049
3 15 42 16232
1 69 17999
2 50 111
3 18 18 8473
3 53 42 3416
1 124 27459
2 130 96
1 17 11241
3 10 9 884
2 2 87
3 21 93 28442
1 20 16222
3 130 69 8794
3 58 70 14536
1 32 1551
2 2 133
3 114 14 18953
2 45 59
1 51 14875
1 5 2888
1 27 2657
2 88 96
3 20 116 9927
1 123 1825
2 33 38
3 83 21 24718
2 21 69
2 123 44
2 92 52
1 17 23371
2 58 7
3 77 43 21257
1 30 25451
2 39 59
1 34 13431
3 122 10 7721
3 83 122 13773
3 88 41 23031
1 5 4379
3 126 45 7720
2 48 40
3 93 129 19530
1 100 10002
1 1 12668
2 40 79
2 103 42
3 99 68 6397
1 73 1878
2 42 48
2 56 7
2 92 108
3 50 117 4223
1 27 9246
1 55 5568
3 43 79 11766
1 68 7425
1 102 31121
1 116 22310
3 76 39 4653
2 110 127
1 108 1271
2 100 58
3 106 28 25708
2 15 109
2 109 16
3 14 104 7233
3 79 125 29463
1 93 2113
3 123 20 20499
3 25 24 19736
2 100 55
2 135 103
2 73 126
1 82 19522
3 63 10 7399
1 135 31854
2 59 51
2 2 21
2 12 1
1 70 3588
1 102 972
3 43 121 24737
2 77 75
3 135 5 2811
2 16 131
3 20 23 11452
2 60 72
1 88 32277
3 2 37 16440
1 56 1618
2 74 124
2 19 98
2 14 128
3 2 102 1766
1 115 11592
1 136 8148
2 94 34
1 55 25638
1 117 19557
2 124 93
1 93 8434
1 50 21592
3 132 1 14197
1 72 1108
2 129 133
2 58 49
1 26 11392
2 5 104
2 129 3
2 126 128
3 19 62 28582
3 21 12 6792
2 84 50
1 127 1611
3 131 81 13129
2 114 86
1 77 2797
3 62 42 32738
3 6 114 1618
2 79 97
1 69 11155
2 13 11
3 95 78 24564
3 35 80 7000
1 131 26451
1 131 6783
3 53 87 19981
3 93 101 11049
1 95 23270
1 9 10501
2 58 37
2 61 33
3 136 9 17398
3 60 112 28557
1 90 30879
1 114 12644
2 109 87
3 34 55 12234
2 93 121
3 92 104 27192
3 133 47 18721
2 85 116
1 94 7819
3 126 115 25595
1 81 17657
3 91 80 20370
1 89 21834
2 49 88
3 16 20 9408
1 60 8703
2 33 9
1 110 18697
2 105 32
3 117 94 6922
1 44 13991
2 99 80
1 107 5250
3 102 61 24795
3 41 67 6650
2 120 36
3 111 134 30004
1 59 8427
2 89 82
3 82 36 5220
1 63 8660
1 102 14319
1 9 11616
3 61 101 32320
3 36 19 27794
2 20 88
2 35 126
3 131 94 8822
2 8 48
2 87 120
3 113 128 32217
2 23 14
2 98 62
2 30 124
3 37 101 15173
1 21 22286
3 1 105 14985
2 69 57
3 101 60 28364
1 129 16994
3 31 95 31650
1 57 31904
3 87 59 15673
1 110 5596
2 45 91
3 53 56 21070
1 100 4493
1 11 25572
1 59 18942
2 122 92
1 136 3252
3 33 34 27503
3 71 2 28118
3 37 71 27948
1 125 5959
2 96 45
1 127 8808
2 122 102
2 112 44
3 8 101 2642
2 119 63
2 26 50
2 43 54
3 49 118 1462
3 92 20 28243
2 61 103
1 28 16728
3 1 59 2743
2 67 103
1 73 16045
3 36 131 21135
1 53 624
1 35 5713
1 39 23925
3 44 27 22517
1 25 31971
2 86 59
3 135 42 27807
1 2 26354
3 35 44 4151
2 135 6
3 53 96 16955
3 50 18 26887
2 15 136
1 63 7273
1 6 6420
1 88 22905
3 18 37 26024
2 50 58
3 34 8 5608
3 58 49 26919
3 55 62 25893
1 19 4320
3 130 10 26402
3 46 3 25332
2 73 20
1 3 18391
3 12 58 863
2 62 58
1 94 28257
1 19 10516
3 133 21 27500
3 114 53 14582
3 125 73 24502
3 71 47 25329
2 79 126
1 74 15008
3 43 73 14779
1 61 31291
1 86 10501
1 134 20830
1 16 18332
1 50 20346
2 65 108
3 50 64 13414
3 124 47 25262
1 94 4535
1 113 11530
3 49 47 6588
1 31 20855
1 132 6996
2 65 114
2 46 40
1 59 2726
3 26 48 30437
1 96 19232
2 16 106
2 135 111
2 98 87
2 54 42
3 81 88 6115
1 86 15030
1 52 27068
1 23 22993
2 99 95
3 33 42 27360
3 129 74 13862
2 25 135
2 61 111
1 7 20687
3 27 136 5004
1 11 28861
1 87 292
3 68 35 14941
1 2 2368
3 16 71 11205
1 1 29644
3 86 110 11589
1 63 32099
2 7 7
2 89 15
2 128 110
1 68 21166
1 88 21061
2 56 93
2 104 19
3 129 19 7966
3 120 85 18619
3 76 67 14953
2 26 70
2 89 67
2 43 42
2 133 25
1 22 9335
2 109 53
2 22 42
1 71 21130
1 26 26454
2 61 111
1 59 18486
1 68 9425
2 37 24
2 65 29
3 106 34 23749
3 34 1 26526
1 37 4968
1 113 11187
1 71 31934
3 14 8 15830
3 56 59 16718
2 52 122
2 59 33
3 71 42 23106
1 92 2048
2 127 99
2 86 3
1 120 3182
1 9 2864
3 129 20 7530
3 32 30 29981
2 93 85
1 127 6003
1 99 16879
1 33 32269
2 80 136
1 20 19758
3 19 12 11939
3 101 10 31767
3 102 117 27904
1 121 23278
1 68 26921
2 118 16
3 122 116 10697
2 64 29
2 47 135
1 135 10418
3 22 114 18009
3 44 128 23789
3 5 53 6536
3 36 14 24
1 60 11232
2 31 107
1 60 27403
1 113 14663
3 54 47 28446
3 28 4 2952
3 52 87 23450
3 110 134 20444
1 130 27375
3 85 120 18280
1 97 10957
2 82 13
2 42 131
3 74 120 30542
1 126 17868
1 125 26883
1 82 5529
3 43 131 8269
3 57 78 3166
3 83 37 12006
1 63 26140
2 121 29
2 129 24
3 65 110 9000
2 130 78
3 1 66 21114
2 107 44
1 57 9529
3 40 94 889
2 47 76
3 59 10 3849
2 38 102
3 62 49 9920
2 90 119
3 112 69 12594
3 72 106 14134
1 20 6908
2 135 84
2 82 111
2 52 104
2 13 69
2 3 43
3 38 79 30137
1 129 22837
1 101 13914
2 72 60
1 24 16813
3 26 136 18517
3 56 78 9366
1 45 156
2 33 27
3 69 71 3393
1 109 26325
2 78 43
2 62 72
2 118 56
2 57 133
1 70 8023
2 128 1
1 117 18288
3 107 127 9505
3 10 47 11731
2 67 40
3 110 91 3868
1 8 23830
3 110 91 21444
2 120 29
1 71 11940
2 23 4
1 104 4848
1 113 16370
1 60 28338
3 134 65 25323
3 117 39 10783
3 76 28 15966
2 47 52
2 59 67
2 6 4
1 19 13364
1 62 5437
1 133 6915
1 44 11192
2 28 69
3 62 64 5057
3 85 104 13327
1 86 17476
3 19 44 13536
3 19 89 28166
1 124 11778
1 10 17262
2 32 44
1 129 19895
2 32 38
1 80 17043
2 98 5
1 55 795
3 114 127 9917
1 86 1376
2 136 125
2 68 50
1 21 15138
2 48 39
1 97 26140
1 5 30912
3 43 107 8888
2 66 18
2 19 97
1 98 23802
1 82 30574
3 54 40 6755
1 133 25343
3 127 28 1011
2 104 118
3 66 70 1352
1 27 20253
2 15 103
2 129 65
3 42 59 26316
2 45 59
2 101 48
1 52 18903
2 9 30
3 112 20 26858
3 76 122 19758
1 55 25206
2 130 36
2 12 50
3 71 40 28056
3 122 68 5835
1 38 3139
1 5 31595
1 126 3112
3 87 28 7696
2 23 38
2 1 17
3 46 25 18543
3 130 10 23311
2 60 113
3 61 52 28602
2 39 42
3 48 38 18216
3 32 31 15659
3 42 81 23423
1 17 31706
1 109 8328
1 119 13557
3 133 30 30036
1 47 26212
1 109 25670
1 83 27361
2 136 60
2 99 42
3 132 30 18524
1 106 15969
2 23 87
1 115 3178
1 66 19625
1 2 26451
2 88 92
1 92 12841
1 74 5774
3 10 131 16018
2 48 69
1 13 19646
2 85 71
1 7 1848
3 4 124 31990
3 100 124 30201
1 98 3322
1 9 5382
1 87 17511
1 27 21328
1 5 31146
2 57 36
2 116 58
2 38 76
2 95 44
2 88 86
3 73 13 7652
3 31 20 16418
1 106 23897
1 47 5576
3 1 15 7723
2 65 62
3 19 123 16674
3 101 68 28540
1 80 14554
2 7 17
2 42 123
1 98 16417
2 2 96
2 7 118
3 113 106 12410
3 63 39 13450
1 127 6069
3 38 62 7669
2 45 86
2 35 9
3 8 34 7485
3 111 97 26658
1 51 9004
1 31 5276
1 35 2822
2 30 115
2 114 41
1 84 26479
3 93 96 29910
2 56 89
2 76 30
2 4 4
1 132 21017
1 116 32630
1 77 27014
3 20 72 8891
3 4 29 30085
3 2 64 662
1 71 21324
2 79 6
3 13 133 19956
2 88 122
2 23 9
3 76 83 19705
3 22 111 18919
3 77 23 26554
1 94 3577
2 9 101
2 81 113
2 58 134
3 104 106 2501
2 91 61
1 53 3081
2 42 53
3 48 115 8796
2 42 23
1 39 29308
2 58 120
2 2 114
3 66 12 7823
2 70 125
2 13 26
3 102 49 16523
3 42 86 22561
1 80 26249
1 33 16776
1 115 11368
2 108 43
3 100 27 636
3 98 27 14480
3 103 74 6098
2 25 61
1 47 9996
2 127 109
3 89 68 24139
3 121 12 20989
2 2 124
2 14 130
2 135 77
2 115 82
2 88 4
3 43 101 31244
2 135 123
2 125 94
3 35 35 25541
3 122 84 26677
2 20 40
3 13 136 12303
1 4 19922
1 25 8553
2 13 65
1 113 15185
2 89 98
2 4 42
1 69 20942
2 5 63
3 47 54 32531
1 130 26124
1 89 28945
2 122 58
3 31 87 23061
1 94 8407
2 73 58
3 100 36 67
3 42 73 10495
2 62 65
1 47 31397
3 69 106 26072
2 121 57
3 55 16 1313
2 21 120
2 15 126
1 23 30204
2 91 68
1 72 6353
1 78 17385
1 6 14444
3 97 7 8709
1 42 23736
3 103 135 18071
3 15 28 4840
2 55 128
2 93 55
3 103 108 24475
3 6 7 19667
2 82 101
1 4 31992
2 32 79
3 118 91 10828
3 47 98 31468
2 55 31
2 93 19
1 110 1132
2 128 80
3 14 126 22400
1 114 7384
2 135 49
3 74 3 6156
3 89 37 28674
2 16 16
3 30 10 2175
2 67 101
3 65 23 6224
3 80 134 23636
1 130 27006
1 104 2593
2 12 9
1 75 19961
3 132 19 24717
3 58 34 13914
2 98 51
2 95 90
3 42 31 31267
3 52 91 7991
2 55 6
3 85 77 23787
1 32 30218
1 14 15216
3 31 74 23608
2 123 126
3 110 30 13747
2 68 94
2 76 117
2 110 100
2 90 57
2 119 36
3 23 85 30006
2 51 36
2 113 79
1 73 27912
1 39 24578
3 15 130 23645
2 31 60
3 7 81 21646
2 89 26
2 98 105
1 135 8167
2 14 14
2 32 54
2 101 75
3 69 132 18992
3 94 87 32518
2 131 107
2 11 21
3 66 117 6306
1 89 5796
2 107 129
3 46 121 16914
1 38 9103
3 14 79 24268
1 36 21697
2 122 2
2 114 20
1 132 602
1 72 4440
3 50 93 21657
1 53 13635
2 134 117
2 21 66
2 50 17
3 131 125 13974
2 56 38
3 64 39 633
3 34 95 216
2 80 112
1 49 31906
1 16 28592
3 100 32 31845
1 57 29266
1 39 11162
3 18 72 16794
1 115 16063
2 106 62
3 85 124 1724
1 14 19440
1 80 16403
2 124 13
3 28 71 12999
1 116 17779
1 3 22021
1 118 25634
2 55 56
3 8 93 9362
1 60 28900
3 2 123 31778
2 1 55
3 105 15 19044
3 9 68 4074
2 21 70
3 98 96 17097
2 90 102
3 133 62 16386
3 27 36 22626
3 70 77 19447
1 12 5079
3 129 12 22449
2 50 101
2 132 69
3 102 48 14742
2 124 69
3 90 108 11515
3 95 16 32041
1 118 23578
2 63 10
3 92 114 13944
2 107 72
3 79 65 2792
1 118 358
2 5 78
2 88 40
3 132 61 12995
3 42 77 4761
1 61 26760
2 45 53
2 74 130
3 13 126 18677
2 72 53
3 124 135 21245
1 67 19470
1 57 1229
3 24 102 18356
2 24 34
3 105 52 5481
3 13 59 22646
2 9 106
3 64 29 23177
3 113 11 17357
2 2 30
1 100 9236
3 69 82 1033
3 61 112 22130
2 129 84
3 98 130 20096
3 70 97 27000
1 111 20958
1 8 17387
2 72 119
3 6 75 9175
2 79 66
1 58 24898
2 79 28
3 93 64 2970
1 39 31837
1 60 17004
3 54 109 10517
2 131 100
2 57 129
1 79 21018
3 56 104 31031
3 36 95 3439
2 47 88
3 39 78 27565
2 75 111
1 58 439
3 121 80 31909
1 24 24328
1 76 7881
1 84 19036
2 107 102
2 46 102
1 76 2304
2 123 61
1 114 13671
2 39 75
1 6 4187
2 44 109
3 91 92 16027
3 72 44 22500
2 124 101
3 6 73 25202
2 96 79
2 67 93
1 93 21640
2 63 33
3 122 40 31645
1 66 13175
2 59 130
1 37 4008
2 109 3
1 61 10824
3 114 53 24139
2 63 44
3 85 130 23767
3 132 97 6655
1 100 15380
1 75 19665
1 29 24168
2 130 116
3 41 80 14985
1 37 25911
3 87 81 23828
1 103 16788
3 64 1 19145
2 45 125
2 59 120
1 91 15627
2 111 19
3 99 66 17948
3 82 65 28131
2 61 17
3 136 76 14325
3 95 81 19939
2 25 88
3 40 76 32590
1 93 17724
2 84 48
1 73 204
1 131 25709
2 46 78
1 107 8627
2 100 109
1 69 21842
1 78 24555
1 134 22389
1 96 13851
3 108 125 6325
3 65 105 31066
1 15 5057
1 1 21931
1 54 28918
2 43 104
3 49 112 28047
1 51 5463
2 99 35
3 35 86 13640
1 93 3373
2 81 38
1 19 408
1 7 22319
1 66 10300
2 109 132
1 113 15841
1 134 9660
3 78 56 16780
3 55 118 32386
3 28 8 20136
1 116 5295
2 90 62
3 7 118 19846
1 41 24310
1 125 32112
2 21 20
1 119 10433
2 67 81
2 53 114
3 86 14 8682
1 86 3592
2 95 1
3 129 77 11628
2 24 10
2 115 69
3 25 109 1581
3 76 130 28217
1 52 18536
3 53 79 27972
1 124 7233
3 46 44 21501
3 101 120 29838
1 81 31284
3 107 23 19177
1 96 15718
3 127 16 28
3 129 82 2597
2 39 56
2 53 91
2 54 130
3 32 134 14056
1 57 24665
3 64 98 20245
3 119 56 5426
3 121 77 19899
2 134 19
1 80 16723
2 84 128
1 71 1460
2 51 104
2 69 5
3 99 111 30789
3 14 112 28573
2 89 36
1 27 29815
2 31 4
3 120 136 27570
3 5 97 6341
3 24 26 9454
1 65 22251
2 29 12
2 109 103
3 48 94 31720
3 37 88 4179
2 37 28
2 103 27
3 100 15 1122
2 26 121
2 70 104
3 132 3 12291
3 24 63 26735
1 70 28793
2 101 5
1 75 12684
3 45 84 29028
1 2 23438
1 119 29235
3 117 68 3687
2 126 5
3 95 36 15575
2 101 65
2 37 17
3 105 27 9791
1 31 20467
2 27 62
3 89 44 24950
3 58 98 14092
2 132 27
1 52 18938
1 121 30941
1 20 15591
3 101 15 3699
3 128 59 1279
2 84 106
1 89 18400
3 42 53 11994
2 98 2
1 117 27164
3 3 74 11088
1 84 2986
1 117 25389
3 132 94 16321
3 110 38 6462
3 84 131 29041
3 48 14 10413
3 48 123 23824
2 83 44
2 106 135
1 77 15740
2 123 20
2 60 121
2 128 124
3 31 24 3873
3 116 87 6901
3 54 32 30693
2 20 84
2 63 99
1 113 21865
3 91 61 20978
2 11 80
2 66 6
2 130 66
3 14 105 19991
2 134 17
2 74 70
3 33 5 2969
2 70 116
3 44 94 26642
1 36 31930
1 72 30152
2 1 112
2 43 96
1 94 25757
3 10 21 14986
1 85 30044
1 31 14871
3 130 96 10396
1 89 214
3 6 39 5200
2 79 102
1 41 3969
1 21 8585
2 33 120
3 41 123 23024
3 92 95 26771
3 108 94 20689
1 11 12956
3 112 131 13377
3 64 52 20311
3 64 61 26393
1 82 27595
2 79 127
3 37 6 29188
2 107 18
3 97 81 6558
1 115 7747
3 9 70 15769
1 106 17478
1 43 13004
2 96 2
3 95 49 6860
1 126 29169
1 85 10179
3 119 71 763
3 114 24 11956
1 65 244
1 5 18957
2 96 24
3 132 27 15269
2 61 125
3 111 35 31471
3 90 89 9259
2 70 94
1 32 31412
3 110 3 5337
2 38 95
2 78 128
3 37 27 27605
1 124 12456
3 129 135 4422
2 90 44
2 67 43
3 114 46 23212
1 117 11941
1 23 8937
2 118 58
1 39 29338
1 77 16778
1 106 27789
1 71 5977
2 107 42
2 104 114
3 47 75 13800
2 36 29
1 40 8024
2 94 11
1 19 3529
1 109 14689
2 75 111
3 130 81 29970
2 69 50
2 122 136
2 105 113
3 84 41 15490
3 111 99 22380
3 54 85 26109
1 7 3907
2 92 91
1 83 18617
3 105 133 15012
1 136 15495
3 114 19 18563
2 112 45
2 113 27
2 83 129
2 22 82
1 106 31402
3 18 58 10775
2 95 28
3 33 96 6625
1 1 23110
3 41 4 14870
3 44 6 31189
3 116 48 32129
1 26 4632
2 78 92
2 129 38
1 7 27352
3 85 92 7662
3 102 123 19698
3 38 98 12697
2 48 129
1 75 2669
3 95 40 24589
1 42 2698
2 7 99
3 116 54 14732
2 108 14
1 54 10189
2 3 104
3 84 77 23262
3 3 79 18338
1 39 9695
3 12 100 1380
2 19 71
1 22 27614
1 43 26008
2 77 108
1 108 4572
3 11 136 27634
2 129 88
1 53 25255
3 66 65 23834
2 43 72
2 73 109
2 59 35
1 131 2505
2 128 53
1 34 16932
3 118 113 15631
1 31 14582
3 86 36 23096
2 53 118
2 73 18
1 53 7000
1 77 4450
2 20 55
1 121 27339
2 41 126
3 45 111 7792
2 79 119
2 10 123
3 87 14 20718
1 64 8142
2 15 130
2 68 136
3 123 63 30081
2 89 50
3 128 119 31575
3 65 89 5890
1 96 13336
3 42 42 4315
2 6 66
2 9 97
1 20 32692
1 51 28197
2 41 28
3 92 12 3938
3 48 95 32541
3 105 35 25037
1 100 31275
2 136 88
1 86 15077
3 79 119 5246
1 95 8985
1 41 12336
3 3 3 16014
2 45 127
1 34 4259
2 74 96
3 119 80 28833
1 72 21363
1 132 10666
3 22 83 24377
1 56 2489
3 94 37 5244
2 93 121
2 26 101
1 101 7228
1 107 16091
2 109 91
1 1 12688
3 26 129 11681
3 114 92 19961
3 25 126 4010
1 79 880
3 113 135 2824
3 75 118 8780
2 89 70
1 78 29690
3 13 117 2653
3 106 131 30955
1 69 2880
2 10 36
3 94 23 5575
2 117 66
3 94 91 30660
3 108 9 23836
1 12 28962
3 108 37 29599
3 91 22 2272
3 89 62 2208
3 118 107 30221
3 107 120 11316
2 12 101
1 4 8317
2 70 39
2 39 12
2 8 132
3 72 80 20743
2 91 7
2 33 76
3 45 121 24705
3 102 117 17809
3 122 26 19299
3 21 97 22275
2 117 25
1 63 29354
2 68 89
3 85 37 22059
1 119 21836
2 117 112
3 33 40 24503
3 109 29 27437
3 78 84 17806
2 109 62
3 42 84 32487
2 24 121
2 39 129
1 40 19360
2 126 133
3 19 84 14283
2 23 135
2 17 131
2 30 75
1 63 15363
3 128 2 20389
1 20 10165
3 74 15 29912
2 104 9
1 93 22924
2 134 48
3 55 2 1678
1 34 15851
2 25 90
2 11 112
1 33 27452
3 64 48 30949
3 103 38 31281
1 97 32393
2 52 66
2 83 136
3 53 19 1542
3 25 62 25710
1 56 23907
2 131 55
3 92 79 5715
3 131 70 6526
1 90 9582
2 15 88
1 114 27487
3 44 59 31288
2 101 60
2 110 59
1 79 17139
1 127 12050
1 63 31524
3 48 61 31458
1 26 7541
3 54 100 25493
1 125 4328
3 48 65 2831
2 104 30
3 19 13 29391
1 119 20383
1 111 2857
2 96 74
2 30 55
3 43 49 15857
1 31 16486
1 100 32749
3 62 73 25064
2 9 23
1 94 10567
2 39 120
1 38 27392
1 1 12934
3 11 97 27763
1 8 4925
3 29 97 2217
1 10 24728
3 94 1 30081
3 92 4 26370
1 97 13690
3 46 71 22228
3 56 25 670
1 88 12791
1 57 17141
3 109 7 32627
1 116 3323
2 93 65
3 59 53 13528
3 110 51 17101
3 30 65 19019
1 127 31974
2 16 119
3 11 98 25379
1 55 9771
1 125 31287
1 105 30257
2 55 50
1 122 5836
1 133 8842
1 88 13181
2 130 46
3 100 112 25353
3 8 93 4366
2 50 118
2 80 66
1 12 21229
2 84 131
1 134 11046
1 31 20008
3 46 116 9492
1 109 16553
3 106 125 8216
2 136 27
3 91 72 32010
2 112 71
1 38 11365
2 15 123
1 64 23052
3 8 86 14146
3 69 75 32731
3 52 46 21889
2 122 19
1 99 14583
2 55 42
1 134 22702
3 100 51 21883
1 62 365
3 31 109 30521
2 119 28
1 117 18189
1 40 24735
1 44 3081
3 76 96 32287
1 9 22193
1 40 27453
3 76 14 26704
1 44 19008
2 39 97
3 103 119 12117
3 135 64 16151
1 54 18468
3 60 82 17884
1 58 14819
3 36 14 24100
2 58 95
1 94 24876
2 103 38
1 73 16496
2 87 112
2 20 25
3 28 59 31532
1 31 29248
3 52 113 24408
2 65 81
1 111 24061
1 63 18524
3 52 73 4191
3 10 23 24021
1 136 24789
2 38 103
1 29 9239
3 47 63 29054
1 60 2884
2 129 73
1 72 5827
2 7 102
1 32 387
2 56 68
1 136 189
2 9 58
3 53 83 18959
3 20 54 10832
3 133 104 26892
3 54 25 7283
3 59 2 26600
2 19 69
3 4 16 30059
1 12 9803
2 90 113
2 62 5
2 32 43
2 74 30
2 129 93
2 40 128
2 28 6
3 45 136 10067
3 37 49 9009
2 74 19
3 90 64 2236
3 26 72 5120
3 130 66 10424
2 136 58
3 33 92 9073
3 35 61 20009
3 80 6 16907
3 15 113 3379
3 20 82 14290
2 121 47
2 35 9
1 133 13669
3 116 25 27641
3 93 49 20830
1 20 7121
3 25 96 20890
2 32 70
1 103 21306
2 17 96
3 118 132 3896
3 69 55 32645
2 85 18
2 127 20
1 14 2311
1 107 26991
2 32 77
3 120 8 21755
2 82 19
3 111 104 27689
2 34 131
3 6 9 1876
2 16 43
1 41 28533
3 92 102 4068
1 22 23590
3 112 46 30153
2 111 20
2 2 134
1 66 2298
2 28 90
1 25 22318
2 28 19
1 90 6398
2 113 102
2 133 76
1 108 21802
3 100 66 38
3 41 71 17908
2 101 126
1 61 15177
1 80 657
1 73 16731
2 39 45
1 58 17504
1 120 16375
1 5 9113
1 37 27319
3 81 102 19311
3 25 42 29348
2 54 97
3 89 90 15385
2 43 38
2 75 38
1 99 17535
3 71 70 30526
2 60 54
1 56 2558
3 8 109 10230
2 108 4
3 104 93 25763
2 42 118
1 56 31462
1 7 31875
1 45 403
3 31 57 15066
3 127 102 18059
3 90 81 4050
3 84 73 32030
1 92 2915
1 16 10528
3 48 36 1194
1 101 31884
2 116 85
1 55 1397
1 65 13393
2 8 35
3 39 82 21973
3 10 50 4186
2 21 116
3 134 127 17099
1 81 27615
3 1 25 3551
1 78 28524
1 131 31215
1 27 11348
2 30 115
3 82 50 29170
3 93 53 22503
1 121 27104
3 117 112 8821
3 123 28 24169
3 16 20 4607
1 42 15856
3 131 97 9031
2 95 36
2 23 3
1 115 4011
2 113 65
3 106 99 21075
3 28 136 17692
1 41 17434
3 84 74 32026
1 2 11610
1 110 21395
2 135 100
2 114 13
1 100 30895
3 56 84 9103
2 56 56
1 73 32606
1 44 26467
3 102 94 8307
2 1 130
3 69 44 3830
3 18 11 4024
2 111 61
1 64 17123
3 91 12 23395
1 1 14230
2 115 65
1 74 121
3 48 69 30292
2 77 32
1 54 31406
1 120 12192
1 132 22501
3 26 25 21035
3 57 114 6808
3 118 14 1708
2 100 58
2 32 53
1 130 26019
3 132 81 31143
2 70 120
3 25 127 26109
1 38 1216
1 106 15676
1 65 8641
1 49 10026
1 123 3515
3 49 74 24174
1 129 10025
2 30 80
1 59 27182
1 56 2198
1 43 22790
2 75 41
1 89 32581
1 74 23441
2 61 100
1 2 30890
2 5 87
3 20 87 30794
3 131 108 19420
2 37 40
2 80 92
3 116 33 29377
2 70 7
1 10 498
2 109 103
1 53 32453
1 91 18482
2 38 39
3 109 136 11038
2 44 7
2 1 24
3 110 130 30720
2 70 62
3 4 81 1547
3 60 78 19302
2 53 10
1 79 5001
3 31 61 20197
3 37 28 28961
2 85 13
3 130 29 7692
2 1 16
2 126 116
3 104 123 21113
2 127 113
3 96 7 20768
2 35 104
2 116 42
3 108 123 27367
2 72 72
1 126 14060
3 16 56 1500
2 79 78
2 3 78
2 136 116
2 114 127
3 73 3 15156
3 33 29 26009
2 11 28
1 98 29994
2 79 103
1 75 15965
1 126 20539
2 71 135
3 124 50 30446
1 117 17466
3 113 85 10730
2 100 15
2 132 77
3 35 68 25739
1 133 22394
3 1 133 14599
1 75 18935
1 85 10484
2 86 10
2 18 75
1 56 22536
2 9 57
1 65 1580
2 120 44
2 20 128
3 5 24 23536
2 40 3
3 74 1 1803
1 22 28027
2 71 86
3 14 130 21752
2 1 121
2 54 74
1 52 25275
1 136 25450
2 123 92
3 63 100 2624
3 20 78 5248
2 114 98
2 96 115
1 128 13379
2 50 131
1 25 29508
1 22 7940
1 47 19981
1 72 28538
2 127 37
1 101 30647
2 66 25
2 13 16
2 87 107
3 41 41 6079
1 48 12660
3 25 26 30687
2 25 60
3 131 99 28897
3 88 73 25206
3 73 70 2219
2 57 15
1 92 15964
1 23 11913
2 46 89
3 32 2 14232
2 42 44
1 1 254
1 99 8426
2 3 95
2 92 25
1 23 8603
1 30 23360
2 134 18
3 96 8 12657
2 119 33
1 119 12311
3 76 115 7076
1 119 10935
3 36 44 5286
1 67 28543
2 82 103
1 116 32507
1 40 21382
1 26 30716
3 26 1 24593
3 91 74 32148
3 68 4 12489
1 23 14061
2 40 118
1 68 28898
3 17 13 25915
3 12 36 23487
2 54 85
3 22 47 16391
1 68 24289
2 19 83
1 87 16927
2 53 80
3 102 40 32744
2 89 43
2 74 102
1 118 4933
1 27 15848
1 129 7897
3 16 45 14669
2 95 79
2 100 13
3 27 126 10545
3 23 12 877
1 92 9581
1 92 28213
2 45 7
1 77 4750
3 73 134 24437
2 19 54
2 96 25
3 109 108 4073
2 41 70
1 116 13095
2 3 86
3 55 109 24781
2 78 38
3 84 131 22560
2 119 60
3 112 27 29657
1 15 31156
2 119 120
3 117 129 3352
1 105 9371
1 66 4373
1 119 9561
3 132 49 11119
3 71 47 15073
3 114 9 24539
3 61 119 6389
2 64 104
3 79 75 24354
2 121 91
3 126 102 14026
3 94 49 8835
2 122 66
2 4 23
1 16 565
2 15 98
1 101 15707
3 127 86 7859
2 1 95
3 28 74 18964
3 3 85 23188
1 79 9695
3 89 43 9132
2 52 37
2 123 90
2 106 18
3 9 105 1558
1 94 3301
2 59 136
1 74 21386
1 8 28040
1 132 32738
2 121 72
2 84 96
2 83 90
1 71 28676
3 18 107 4789
2 83 11
3 60 24 20837
3 95 19 6246
2 62 20
3 68 84 17239
1 112 9498
2 28 96
2 1 103
1 131 16441
3 5 55 388
3 41 4 12938
3 78 70 1944
2 111 110
2 10 34
3 102 74 26130
1 120 7444
1 49 18797
2 57 53
3 106 19 2327
3 92 103 19456
3 61 93 25108
1 52 12287
2 76 117
1 129 15513
2 43 17
1 9 31567
2 72 26
1 71 31831
2 77 131
3 49 110 5925
2 54 72
3 123 120 9838
1 37 27650
1 49 24063
1 54 17036
2 117 46
1 102 30437
1 111 17530
2 72 49
1 4 26778
1 8 5532
2 105 90