100
9 64
10 18
10 83
10 10
8 29
8 86
5 51
4 4
9 90
10 91
2 90
10 88
6 57
2 18
9 78
4 61
3 68
1 48
9 22
8 15
2 21
2 84
3 11
1 80
9 62
6 37
10 32
7 73
9 45
1 85
7 79
9 71
7 8
8 17
5 89
10 59
8 94
5 18
4 86
2 14
5 48
5 1
4 2
8 53
3 33
7 48
3 46
5 14
3 19
8 11
1 53
3 49
1 20
5 100
7 43
7 4
7 50
2 11
6 25
6 76
3 7
8 83
1 23
2 6
7 94
9 3
6 97
6 66
4 64
6 62
3 95
2 19
6 23
5 19
4 72
9 85
5 79
6 13
8 59
2 30
5 92
2 88
1 45
3 26
9 85
8 59
5 100
3 95
8 92
8 28
7 24
7 2
1 55
9 88
4 20
7 11
4 29
1 80
1 34
8 13