1 2 4 5 6 7 8 9 9
1 2 3 4 5 6 9 10 10 10
1 2 3 4 5 6 7 8 9 92
1 2 3 4 5 6 7 8 10 14
1 2 3 4 5 6 7 36
1 2 3 4 5 6 8 50
1 2 3 6 21
1 3 4 4
1 2 3 4 5 6 9 13 13
1 2 3 4 5 6 7 8 15 22
10 10
1 2 3 4 5 6 7 8 16 20
1 2 3 4 7 24
3 7
1 2 3 4 5 6 7 13 21
1 2 3 64
1 5 19
48
1 2 3 4 5 6 7 9 19
1 2 3 4 5 6 9 12
3 8
7 13
1 2 13
80
1 2 3 4 5 6 7 9 39
1 2 3 4 5 42
1 2 3 4 6 7 8 9 10 10
1 2 3 4 5 6 79
1 2 3 4 5 6 9 10 13
85
1 2 3 4 5 6 85
1 2 3 4 5 6 7 8 79
1 2 3 5 6 7 7
1 2 3 4 5 6 7 24
1 2 3 4 93
1 2 3 4 5 6 7 8 9 68
1 2 3 4 5 6 8 54
1 4 5 5 5
1 2 4 46
2 8
2 5 5 5 5
1 2 3 4 5
1 2 4 4
1 2 3 4 5 6 7 60
1 4 13
1 2 4 7 7 7 7
1 3 25
1 2 3 5 11
1 2 21
1 2 3 4 5 6 7 18
53
1 8 9
20
1 2 7 8 8
1 2 3 4 5 6 49
1 2 3 4 6 7 7
1 2 3 4 6 10 11
1 12
1 2 3 4 9 10
1 2 3 4 8 24
1 2 9
1 2 3 4 5 6 7 90
23
3 3
1 2 3 4 5 7 53
1 2 3 4 5 6 7 8 11
1 2 3 4 5 102
1 2 3 4 10 16
1 5 6 7
1 2 3 4 6 36
1 6 21
1 20
1 2 3 4 5 28
1 2 3 4 23
3 5 5 5
1 2 3 4 5 6 7 12 25
1 2 3 4 83
1 2 3 4 5 18
1 2 3 4 5 6 7 66
6 6
1 2 3 7 27
8 12
45
1 3 15
1 2 3 4 5 6 7 12 25
1 2 3 4 5 6 7 66
1 2 7 8 8
1 6 21
1 2 3 4 5 6 10 30
1 2 3 4 5 6 10 14
1 2 3 7 7 7 7
1 2 3 4 5 7 7
55
1 2 3 4 5 6 7 15 19
1 2 7 7
1 2 3 4 5 6 17
1 2 3 32
80
34
1 2 3 4 5 6 7 20