1 2 3 4 11
1 2 3 4 5 6 7 8 15 15
1 2 3 4 5 11 17
1 2 9 14
1 2 3 4 5 6 7 9 31
1 2 5 6
1 6 6
1 2 3 4 5 7 23
1 4 4 4
1 2 3 4 5 11 17
1 2 3 4 5 8 11
1 2 75
1 2 3 4 5 6 11 14
1 2 3 4 5 6 7 86
1 2 3 9 17
1 2 3 4 5 6 11 14
1 2 3 4 5 6 7 8 12 28
1 2 3 4 5 7 9 9 9
1 2 5 6
1 2 3 4 6 10 13
1 2 3 4 6 7 7
1 2 3 4 5 6 8 9 10 10
1 2 3 4 5 6 9 38
1 2 3 4 11 18
1 2 9 16
1 2 3 4 57
1 3 25
11
1 2 3 4 5 6 7 12 25
1 2 3 4 5 7 8 9 10 10
1 2 3 4 5 24
1 2 3 4 23
1 2 3 7 11
1 2 3 4 5 7 13 14
7 11
5 9
1 2 3 20
3 5 5 5
1 2 5 9 9
1 2 3 4 5 6 7 86
1 2 4 32
4 14
1 2 3 4 5 6 15 18
1 3 9 10
1 2 3 4 5 6 7 10 11 12
2 30
1 2 39
2 42
4 4 4 4
1 2 3 5 7 7 7
1 2 3 10 11
1 2 3 4 5 6 7 8 91
1 2 3 4 5 12 17
1 2 3 4 5 6 7 8 10 56
1 2 3 4 35
3 3 3
1 2 3 4 7 34
1 2 3 4 5 8 9 14
1 2 3 4 11 11
1 2 3 4 5 6 8 30
2 5 5 5 5
1 2 3 4 5 8 8 8
1 2 4 8 8
1 2 3 4 5 6 73
1 2 3 4 5 6 7 8 10 40
2 24
1 2 7 14
26
2 6 6
1 2 3 4 7 8 8 8
1 2 3 4 5 6 7 11 21
80
1 2 3 4 6 7 8 9 9
1 2 4 8
1 2 3 4 8 28
71
2 4 5 5 5
1 2 3 5 11 11
1 2 3 4 6 46
1 20
1 2 3 4 5 6 7 68
84
7
1 3 21
1 2 3 10 17
1 2 6 8 8
1 2 3 4 5 6 8 54
1 8 9
1 2 3 6 21
1 2
40
1 2 3 4 7 24
1 2 3 74
3 5 5
65
1 2 3 4 5 6 8 50
1 2 3 5 41
1 2 3 4 7 36
1 2 39
87