100
5 7
10 42
7 66
4 77
9 46
4 9
3 20
7 34
4 6
7 66
7 15
3 73
8 35
8 79
5 78
8 35
10 76
9 12
4 9
7 70
7 4
10 8
8 93
6 91
4 91
5 53
3 46
1 11
9 85
10 16
6 19
5 19
5 28
8 98
2 70
2 40
4 17
4 72
5 90
8 79
4 58
2 52
8 99
4 98
10 27
2 58
3 37
2 82
4 24
7 12
5 49
9 83
7 77
10 94
5 31
3 6
6 87
8 63
6 42
8 46
5 48
8 6
5 40
7 67
10 62
2 46
4 55
1 26
3 40
8 18
9 52
1 80
9 16
4 10
6 92
1 71
5 36
6 84
6 82
2 19
8 61
1 84
1 7
3 38
5 91
5 80
8 94
3 49
5 51
2 1
1 40
6 57
4 71
3 36
1 65
8 86
5 74
6 93
3 37
1 87