100
1 73
7 64
7 48
1 96
1 87
4 95
6 90
1 91
4 62
1 21
1 100
7 20
8 44
9 63
4 89
2 81
8 26
1 41
7 46
6 7
5 53
10 9
6 59
9 98
3 80
5 25
9 76
3 41
3 11
2 100
9 84
4 96
3 51
6 5
4 69
7 72
6 31
4 11
5 74
7 74
9 21
6 46
6 60
4 40
9 75
5 33
5 90
7 43
3 11
4 34
3 36
8 48
9 75
9 89
10 39
2 15
5 82
10 9
4 32
8 79
4 69
2 41
9 81
3 71
4 63
7 93
9 19
3 66
8 93
9 15
8 7
7 89
2 14
9 54
2 80
3 20
10 80
4 94
8 15
8 100
10 57
9 33
5 95
7 24
7 56
9 84
4 69
6 31
3 69
5 9
6 9
9 64
4 96
9 10
6 59
5 86
3 43
6 92
6 91
1 24