73
2 3 4 5 6 7 7
1 2 4 7 7 7 7
96
87
1 2 7 22
1 2 3 6 10 10
91
1 2 4 34
21
100
1 2 3 4 5 10 10
1 2 3 4 5 6 10 18
1 2 3 4 5 6 9 10 15
1 2 3 92
9 10
1 2 3 4 5 6 8 20
41
1 2 3 4 5 7 29
1 2 3 4 5 12
1 2 3 4 57
1 2 3 4 5 6 7 8 11 12
1 2 3 4 5 64
1 2 3 4 5 6 8 14 15
4 6 6
1 2 3 8 9
1 2 3 4 5 6 7 11 27
1 2 43
1 2 13
10 11
1 2 3 4 5 6 8 14 14
4 5 5 5
1 4 19
1 2 3 4 5 10
1 2 5 26
1 2 5 7 7 7 7
1 2 3 4 5 36
1 2 3 14
1 2 3 5 41
1 2 3 4 5 7 43
1 2 3 4 5 6 7 10 15
1 2 3 4 6 28
1 2 3 8 8 8
1 3 7 7
1 2 3 4 5 6 9 12 13
1 2 3 6 15
1 2 5 9 9
1 2 3 4 5 6 49
1 2 13
1 2 4 20
3 5 5
1 2 3 5 8 8 8 8
1 2 3 4 5 6 9 12 13
1 2 3 4 5 6 7 8 97
1 2 3 4 5 6 7 8 11 22
3 6
1 2 3 5 45
1 2 3 4 5 6 7 8 11 12
1 3 6 7
1 2 3 4 5 6 7 86
1 2 5 26
1 42
1 2 3 4 5 8 9 10 11
1 2 73
1 4 5 10
1 2 3 4 5 8 37
1 2 3 4 5 6 7 8 27
1 7 13
1 2 3 4 5 6 9 38
1 2 3 4 5 6 7 10 13
1 2 3 4 5 6 7 14
1 2 3 4 5 6 95
2 8
1 2 3 4 7 8 9 9 9
8 11
1 6 6
1 2 3 4 5 6 7 11 13 13
1 2 4 50
1 2 3 4 5 6 9 12
1 2 3 4 5 10 11 11
1 2 3 4 5 6 7 8 11 28
1 2 3 4 5 6 7 10 19
1 2 3 8 23
1 2 3 7 7 7 7
1 2 3 4 5 13 13
1 2 3 4 5 6 8 14 14
1 2 5 26
1 2 3 4 5 36
1 4 25
1 2 3 6 7
1 2 3 4 7 8
1 2 4 5 6 7 8 9 9
4 5 5 5
1 2 3 4 5 6 7 9 13
1 2 3 4 5 64
1 2 3 5 47
1 2 45
1 2 3 4 8 28
1 2 3 4 11 18
24