5000
61893 98614 45925
71431 78860 92496
10317 41844 4940
46506 63211 89205
65777 76251 68224
51855 53237 21682
82757 96748 67033
62532 71723 76761
47040 73528 54423
69771 80495 98051
19263 78387 57664
81539 94488 8963
90387 93138 35947
11678 58178 582
17235 21870 44993
1810 20757 30823
23491 92904 51995
90523 94515 22452
83635 86826 31537
38057 76230 2223
52460 88616 34802
10123 86219 38811
35438 96488 69488
71384 72988 63022
71965 90557 38685
16957 92362 66202
64132 68977 76475
32478 66757 65632
54929 80656 18179
2817 33401 40497
5040 13634 98429
56193 74542 37899
11355 24111 67756
97194 98849 25642
60215 69675 17114
15252 36134 94043
81453 81758 10814
57928 84970 18107
39911 68196 25386
58089 63636 70722
14937 26531 68517
13365 70859 92787
51264 59022 68845
35371 65114 16287
77364 84159 35693
94477 94744 88407
88519 96148 21605
15684 56521 87279
33790 69419 40586
59175 75874 80358
46249 97986 57872
31117 37935 91579
40255 90670 36639
9100 63296 78893
25386 91627 14065
77430 79677 48136
65836 90843 80011
3792 34868 86166
7423 97015 32230
48008 49870 52735
44717 61951 4529
2589 94352 69687
10519 97174 86108
63509 84481 54251
58753 78210 16109
72817 93799 56091
20952 28270 17295
17315 42918 77830
3480 79919 88506
35709 56700 74708
4796 9291 7159
9324 60013 87078
79010 79192 7251
81469 96607 52876
52071 54107 23885
68179 97374 88676
40621 77467 19302
57915 64187 70071
52096 77685 28263
40601 82161 50814
31660 89671 18081
38818 53968 87937
42247 66254 1014
65850 98155 61248
18725 62254 80235
58961 88660 88390
47636 58745 17496
83289 85698 63917
53360 97329 30168
97974 98596 32128
48787 53638 38883
66867 87044 71313
54803 74900 99104
72169 94941 8363
33416 34598 86044
30002 71164 31903
18391 64019 18382
52239 86970 79127
16155 86437 8319
62674 76272 61759
94802 96839 63211
33684 94383 19832
21349 40477 18699
20452 84937 83416
45167 82898 83208
31210 58798 58313
79465 89600 81054
97846 99568 87083
93325 95920 46471
1643 1790 20184
79754 82720 42683
59316 71154 32048
79147 81612 92568
97845 99862 25256
97612 99060 91360
80820 81865 3817
55484 86309 51016
36537 40139 50454
23619 86227 82397
86441 94505 77014
6624 60117 82784
65658 81842 22238
97706 99776 99391
90273 95500 13348
15529 53759 72471
23240 97663 79156
43408 54812 65304
10775 97156 65650
61228 75226 75672
59977 79137 3689
53342 58620 27810
36126 95524 94895
58363 64977 57477
74105 75724 17904
87453 98804 75943
76275 77317 31152
55430 70517 41845
37086 72606 89075
19087 24792 76275
11111 17534 49915
14799 28433 30179
42608 97382 8805
53854 78465 68783
27683 31909 35386
45586 54231 50221
37880 48040 88295
69032 87449 86128
10876 98269 94736
16302 59942 64571
92576 98515 10734
42491 88760 26590
89021 99960 78572
97825 98433 88915
82960 90848 89715
34697 70133 77967
84918 94224 42494
73212 99617 78802
59340 95654 52195
54075 81426 61026
34997 80432 64616
62082 88943 15707
5023 62814 25758
83594 92374 89663
88861 92170 97601
78575 87848 51125
72894 93426 42529
15387 29775 19315
94188 99238 39681
62734 80694 59997
23759 50532 89240
4726 62040 77325
20433 24291 54430
46190 85410 29360
52204 89419 3601
49805 56463 12539
929 65092 6393
59809 74942 89811
95476 98512 48920
35156 36660 78455
11504 28852 42986
743 2750 2302
78067 95968 50289
48849 64200 98221
78208 81537 35013
98161 98959 66731
10699 11208 71343
17091 98228 91340
23254 84708 21877
72173 99571 15146
66980 71050 48526
9965 10489 86632
28619 59655 45169
78907 85715 82600
93479 99445 72235
28491 99475 11673
11573 54897 68392
82915 99413 84920
90607 92488 96922
28835 93397 60432
60332 92615 35446
8858 81486 27554
95489 96934 14080
57009 68448 49455
55961 92422 79389
28195 40266 7483
39867 77343 62627
24611 98765 34861
9530 74769 46701
22803 33849 47065
99587 99637 14408
51384 77587 8067
95289 97076 30345
9368 36582 31528
58822 88604 42542
54562 95205 98397
62044 92032 65825
24670 87031 32520
75883 92742 6172
38935 81216 8659
2351 10280 71477
16758 45396 43152
41176 61751 43019
71520 93055 99894
19400 40573 12730
78293 91610 70111
76689 86073 83711
58866 75161 21921
7737 30897 86012
13908 59319 72906
38918 70721 59385
10394 18926 13600
69897 86969 46750
12915 31935 5620
12809 21360 39664
41890 53366 28269
28352 90862 95269
28415 62043 86939
50335 70851 70843
52699 80765 93681
25604 93007 18869
1340 43887 77166
14939 15830 76639
61689 78139 63983
83660 85700 87078
23323 74600 4817
67943 97099 99244
63212 64461 68889
50150 56982 46269
20993 90258 53909
14673 77445 16819
33542 92040 90122
27059 84879 33321
3697 94099 5787
84031 88950 7413
87460 91720 67280
92276 96217 55499
91520 95745 72131
60408 97943 55450
23028 32683 91467
93289 96376 69439
10107 39647 65103
228 78941 59353
49900 66699 47995
72039 98753 3944
79451 81538 99568
63083 74500 63135
34933 82849 6264
7063 26298 99543
78865 99015 46518
86683 94163 8166
72474 84496 19706
37576 76169 58305
13280 13806 16953
61274 64003 59631
81569 86344 6120
81137 98866 28533
60623 94082 58817
66886 71130 82212
82781 95689 12283
29298 43140 35641
53815 85182 85458
73521 82823 35501
48177 70086 51796
65129 90551 40129
41111 69166 7913
47231 90872 71482
92115 92780 53632
67284 81769 59196
49495 77541 43624
61777 79745 31086
13770 76323 7374
15579 78439 21236
67431 89696 48378
19227 69126 69496
59355 77645 55831
83619 96557 39654
55101 88715 84099
25084 72400 11782
84279 85445 38596
44254 99134 94708
75339 88328 20987
82712 97412 37137
20300 22535 1464
85029 89521 47272
54524 99481 34190
10355 33070 84690
50008 66413 27304
34107 92001 37202
45888 58420 12946
835 4764 50466
95543 99998 18108
32881 85726 17679
86369 96969 84681
87833 91621 70909
35104 94588 49196
85645 96470 27453
70334 71935 60810
97637 98584 19250
34838 95655 78320
64135 79625 81643
14601 31115 60304
49060 86288 54381
83090 91212 68757
67771 93980 68161
55031 95155 22089
20578 51542 86370
48030 85492 17011
8839 12586 98110
44440 88756 41448
22759 24136 85621
4401 24396 41687
81057 81151 30634
35437 45237 22301
4194 51733 18152
72354 73143 65458
10794 87499 98408
97164 97655 1691
30526 95122 2610
44988 98854 54719
2787 35469 70963
88407 90083 18158
30094 67700 30765
77079 79266 26461
15731 75537 6279
50234 64980 41127
15691 65176 96553
14098 59267 16361
32140 94746 45007
34749 98869 18092
5820 10849 30288
93134 97662 63237
27643 65643 77241
58407 74401 26682
1219 53329 13020
7497 39320 71712
64976 82765 57549
61528 80921 40549
94240 97984 86778
39246 96404 77995
73690 83780 71998
3977 7163 70759
67213 96869 15966
60806 70502 38250
87487 97830 76265
16859 93423 80864
4922 90932 17506
62470 85550 84596
19370 82807 67474
6147 40186 17804
84141 90751 57601
72490 83475 6883
43249 47888 83807
59214 86743 35490
97463 99800 88392
90079 96894 65142
87295 96509 6867
21152 55428 42823
5747 5803 56667
73220 81335 26109
91023 93386 69239
64975 74885 49050
88209 99341 96074
72016 73925 3902
23857 88993 15569
12248 60427 44094
93741 96449 93892
16959 96896 6159
59782 67744 54147
16448 54052 8282
58908 89691 62909
44499 90189 90025
93548 95188 76742
89621 96527 39023
93523 96459 98767
9091 28963 64942
69537 93539 34762
63428 86911 25734
85939 88235 38804
56437 87058 25093
64718 91665 18757
27626 54310 77396
34003 91279 40595
10744 45895 92161
49766 88929 83935
64885 99580 87957
46178 76708 85720
97291 98322 16793
39376 57252 7647
78179 87900 31300
3272 61224 13861
22028 37907 40920
15775 86347 94231
72721 73842 20810
81233 96312 73615
65168 74624 35510
53124 79260 83294
55195 60113 10857
88339 88411 24358
95985 99721 10647
27285 56668 61654
41145 96932 56639
98417 98682 85625
92647 98089 58059
29808 99550 80258
19774 43189 83693
55283 85456 33305
54928 91703 96559
65784 88642 15541
6493 36807 96350
17140 29326 13133
78793 96896 51944
51783 69900 22882
53760 72724 66540
11818 28778 91430
92075 97870 97840
92119 94670 73725
41775 90848 4804
38333 41423 40574
53874 63842 72329
66575 90119 31367
96059 99947 64254
64355 89574 95557
87236 87981 35858
70127 98620 22318
61556 73289 28551
75747 82142 6419
49471 51328 39214
54275 81888 70496
94848 95054 91919
83528 90712 63185
14895 55696 13244
95500 99560 15085
91057 96019 70685
43266 86629 54454
65584 67292 46649
10486 23266 30962
16904 93117 57049
72469 76967 37820
42965 59659 88817
51235 86538 22739
30772 63163 52720
44015 56324 47055
59099 64530 44977
46135 74487 13025
16940 94009 58981
63588 66991 80683
10901 80269 51855
67949 99970 77302
5768 62955 30300
94584 99667 66825
17323 43959 18245
86394 94404 81516
33449 75507 35843
94777 99705 66139
24154 95708 45667
83134 96518 52032
80168 91537 91652
32022 80570 20093
25675 66885 91498
55974 83837 46842
22799 76928 16604
57395 74150 46733
38910 76357 35959
91104 99426 4024
57242 89924 89027
19260 66835 53970
87643 92419 29812
95647 98519 73603
15739 38141 39513
23589 91041 16358
70430 78248 26878
3385 99373 23791
50117 80414 70504
2428 53354 28345
6451 55972 10340
11829 70266 75467
65798 93840 37114
95610 97410 30782
85564 98371 50124
41428 92650 58144
57785 65314 88962
1014 24694 93526
41156 54002 36999
28011 52316 87927
56356 92256 12449
66695 75978 72582
58513 91118 20357
11978 61119 80131
42759 75856 55643
9235 78977 71095
67378 89389 73328
72692 83192 95297
66217 98470 67383
3216 61160 58248
7494 79554 71915
36294 79606 97411
8875 62924 5056
45584 51335 24662
25714 29858 13479
97708 99965 60075
85154 89436 80807
58481 88705 2553
70129 70441 81807
53864 70415 5423
28463 62404 85394
378 25534 48411
14140 73645 69940
35547 88051 19799
60208 91363 28769
90038 93817 46972
66464 79727 48905
47270 57400 23529
66175 68856 80722
64333 90629 41129
69755 82534 25382
55148 83827 45929
3558 63282 91702
89849 96054 83058
26000 73486 16479
54768 99449 47607
1739 13255 47536
50644 74749 38649
90524 92298 16242
71245 98612 31347
28726 61351 91266
70459 92829 51562
16387 74782 58701
24440 95267 85034
7497 37938 4278
23975 99613 13559
87933 91895 72951
35468 92026 12316
90468 91530 1504
6710 7040 71375
54408 82612 11001
45673 46310 22125
13586 64671 36807
72286 88186 57689
73671 78994 20922
77948 97286 22570
91506 97508 25956
80808 84580 12690
93123 94144 89947
10978 44804 54800
98705 98822 64731
9705 36622 45120
48181 68239 41895
1339 38954 79462
75379 76744 24526
96300 97267 26268
18869 79030 99590
61177 72917 41084
73866 78756 73046
80164 97801 28068
51315 97453 53850
16045 74329 25303
61164 81893 26694
19411 54024 369
98872 99642 64067
39749 90294 22063
66016 87021 71565
81958 99784 34577
39393 76132 90712
12438 31127 74177
56858 72493 56345
27059 55884 48218
52361 84305 4623
95406 95910 62366
12127 72145 95488
76193 83167 41262
98255 98621 89552
86171 87934 15370
20748 63304 31405
27811 90766 43955
1987 42657 7819
58332 65454 87728
22901 39045 61505
43875 50245 54691
22592 64614 46749
18080 81475 11260
75693 90311 25434
65244 88305 54269
96965 98809 22496
44721 51919 3161
88675 89506 73387
96493 98853 54319
573 98413 20316
62077 72411 81718
16767 41472 55246
79868 84355 21318
91127 92629 85644
32912 79040 52493
3532 92649 56441
26027 67622 88200
45540 60050 38297
18926 75567 46725
89597 99031 94405
9912 41100 85959
91629 99365 16456
63226 67877 65033
84543 97904 89301
86538 99435 95165
39031 62624 14344
11823 78733 78244
16374 37200 30817
54670 66171 96235
17746 63942 45873
28502 64037 90291
30812 32392 51476
47268 51576 8879
12300 32159 73761
17952 41525 71553
13116 32617 89229
43812 70680 32931
22055 80763 38524
52871 63556 79394
49106 53894 26213
11330 67947 82942
1621 33097 47652
69448 95849 75586
94678 99633 4415
68438 81069 3429
56343 63662 74177
45571 50995 56747
94853 97535 72043
49728 71575 58361
29121 74138 62424
71685 93040 11340
54627 91964 74716
18630 49316 1711
10567 58774 57357
31333 95086 14603
51113 94208 17668
25289 42738 64544
98388 99830 33474
70430 94887 55274
28790 45365 42532
7565 56986 57471
18905 36612 90382
93620 97187 92740
11683 14029 89775
69039 92142 55248
99993 99996 93415
17660 33394 77152
82203 88716 55741
32028 73807 84057
87302 90790 74198
46185 71791 19671
20007 56003 52474
10388 89636 3906
3127 88595 82256
92901 98455 91939
64501 89400 52735
57915 64061 55171
35067 93190 39642
7159 84017 10894
7568 16149 27288
81765 92778 34895
17787 18762 94109
70260 88306 46943
90517 97133 11459
72772 90776 61366
81063 84232 11265
50149 95120 95175
5319 50582 61288
44960 82814 75781
72205 79528 93926
99493 99732 58256
50739 95020 58943
44847 45013 70018
91790 92725 84218
19600 62928 7671
80965 86822 95624
92229 96050 57844
87404 93486 55129
65043 66369 75925
57175 87222 4288
51101 55404 30767
25708 67085 75032
84650 92659 89556
71019 89137 10948
55237 98301 5112
79259 92563 96689
74883 94740 54767
49078 92231 18162
4206 24513 26517
96483 96904 23428
17122 56310 36183
47889 86021 99676
22920 93169 24367
28828 36540 40848
39775 52913 93280
61238 91994 26676
74279 81433 68653
29045 64786 98033
47206 96027 8808
90074 97842 76757
29853 78723 95806
66035 93901 56914
82062 85601 2671
6429 43894 35799
63628 86032 40515
56907 70874 24490
99934 99994 99698
68587 97882 23984
66619 83899 68827
91778 94193 10152
68534 69746 84950
80691 85574 7637
37604 70743 69595
56627 98213 60380
8777 48690 7291
49292 58954 15440
90133 96546 97867
6182 70803 25690
46517 70270 719
15343 93774 82173
41846 87910 93479
43148 99020 3524
50784 94919 79279
36730 79989 94165
13461 64638 72679
37103 92087 8098
52543 72545 76155
66761 85346 96446
92451 94753 16060
93169 94077 27451
91693 99767 23727
1523 65086 694
5047 51661 47969
677 68738 35517
94841 96026 64546
67519 95562 42866
91969 93702 27670
68123 77327 18656
80921 90033 56158
13332 57246 25354
57134 78610 52748
97212 97912 6937
97906 98695 28261
62226 85181 2666
14094 60776 6883
78640 97401 31851
37857 97264 25712
65527 77557 86334
534 27116 39406
56691 90450 1998
98396 99170 72634
51144 72834 28441
74432 96790 5645
19045 50384 99878
38062 79435 88951
44945 53837 45542
76795 79861 26806
18858 37288 76192
21544 90517 22850
77301 87210 99191
95651 95806 32665
68284 72353 79702
96724 97586 24645
18721 40608 31812
18598 45718 53073
7548 41669 69325
69441 86840 7082
96246 96609 43068
88789 99548 63236
27990 88379 56445
43532 57188 64402
76196 95371 23502
55898 72421 73386
96894 97370 42313
28705 41427 65654
98130 98794 17587
67454 74757 79018
90887 97594 59307
33955 95056 77490
97190 97518 56622
69986 71254 47756
34388 42379 7174
74241 98166 63315
63978 99640 54528
6291 91263 64338
88296 99632 98047
22235 63704 17548
1252 60744 33295
76910 92033 54183
54400 66052 3060
27373 67637 95468
75129 94204 80424
82302 87918 37629
61968 74442 8079
16495 30086 90882
97184 99202 88165
11582 51484 52902
29129 37749 8526
78776 88821 14455
32958 46971 17574
52369 86350 90678
47836 77420 14521
44612 56596 12604
98592 99561 74665
6671 42524 59368
13904 32051 48719
18420 75580 43951
71322 92236 73139
96199 97873 62885
27005 76804 39733
44578 77556 27602
51607 65602 23303
66127 91707 1305
95083 97760 41274
69747 85842 14089
45467 81889 84087
94185 98887 82018
54487 64036 25430
27626 64072 63968
6862 33826 35464
62946 98556 59327
6900 77843 47378
30202 52930 96392
31507 57457 43998
89132 95014 14625
3221 5439 99156
3659 79449 2106
85677 99338 92729
27458 81128 79550
91425 91508 9727
43240 74612 834
2567 24160 43548
66296 88448 52388
79040 97609 72662
23037 26063 62682
54013 54127 14521
53168 88575 76895
55273 85746 10108
64353 66027 87298
60254 87167 71349
69981 96299 18346
87166 87967 88593
30713 92232 89042
99452 99747 20997
72113 80459 58436
51147 56640 99094
82019 95447 43411
75265 86240 89756
85373 86408 79910
72670 78694 61489
60371 75164 2659
95068 95122 62747
83660 96803 89130
72702 93928 94553
10050 73902 55715
68485 99038 54538
67579 73326 22881
27341 88196 62848
17097 73652 67167
13358 87623 31740
91198 92487 66293
93856 96861 4364
56602 78839 73147
45732 52850 57733
56636 66015 98080
12350 37840 5925
83240 88421 95788
6120 21346 60916
85319 97448 11415
52485 92645 67288
84225 87735 83531
66869 72806 94841
87584 88686 89811
77082 90790 90185
34815 78638 609
49246 72690 12222
71523 92890 91412
67310 88487 97943
28225 59295 37922
55992 79063 7611
39631 90524 52145
23162 51923 6886
18002 68767 34581
24164 37603 24359
14349 22531 87124
31309 85861 62239
43530 45959 20592
34942 94443 1417
49236 76946 67559
3510 30475 2538
11120 39808 38093
79616 82445 40517
2853 82337 30524
53786 78977 13964
94496 95565 48571
81620 93678 48775
43858 53604 4149
80801 90095 43184
98569 98771 26796
82480 90680 66399
1369 92791 61985
39462 90909 80731
79978 97813 17479
26853 44767 94743
57168 70196 70002
5738 46915 9274
70864 93177 92076
75012 75130 26170
34548 58205 25852
61343 91299 29043
44094 61988 59705
6078 94220 86334
3160 40347 15816
36991 60423 15434
31733 83325 9548
18086 49210 85281
27360 44004 37575
35787 55905 70670
78308 80120 18685
4160 84182 49179
49554 65991 81041
9259 52663 52365
11944 62508 20017
44111 55410 98170
59545 97266 49842
85444 94459 23603
87077 97775 68228
24651 74667 87865
11672 64060 58400
30356 96025 90278
79534 81422 66249
76927 97383 64649
29291 65052 82561
65659 92325 37462
80180 86788 24096
30021 70104 45167
53624 64165 93597
21851 39521 94165
26067 95952 73040
84467 84748 56075
91096 93800 5015
57345 68557 63213
38345 77655 49706
37257 83890 80310
91071 98711 86810
15166 46419 78754
76684 95470 57773
86632 90794 77795
80796 89640 9489
70187 75586 87890
26261 96331 45824
31275 43439 97037
10839 22736 93891
60545 65608 56404
57206 86057 99097
60368 61870 71810
39121 85902 30850
13245 41657 11740
7392 9777 35049
33232 57114 59176
21121 80719 74399
83296 90941 63317
80332 92348 90580
74223 99724 87804
46978 80272 59745
46074 48674 63204
17883 89727 59697
65084 70297 26470
76824 96518 6741
28224 43800 57199
3752 96907 50270
78150 89528 90967
57818 68985 42502
64750 68575 54582
52553 66082 56571
12297 21227 18927
75500 82962 20403
35197 58309 67827
78018 89973 22643
1110 89215 10689
74661 92171 19856
24930 54196 28670
15896 17389 34167
58397 68650 13887
29330 68553 56936
2252 52493 46058
21178 65944 53063
57932 68635 41504
25759 42469 6767
48401 96033 16606
59089 89237 46548
95296 95489 54639
40317 84081 20548
74484 81918 51205
4722 99437 50767
61657 79414 46273
7714 50396 49982
77129 87547 72536
18632 65292 5810
41750 95932 40194
74708 88405 49238
21255 86593 99563
75894 86281 82135
12793 59305 39456
80349 80998 26106
31115 74340 47711
93739 94295 74142
43721 54883 74857
32608 37450 17681
38417 99896 25258
78611 92695 91923
44200 63290 53883
43763 50370 72512
25897 29854 65624
81704 84980 63457
24161 25141 39298
71872 82148 22853
62365 83728 99887
37221 59579 11905
71254 80439 65672
96511 97847 10498
88433 98817 76578
58667 62043 34904
47531 97977 6021
29506 84733 73839
9315 41983 72772
48612 74174 65443
87816 96624 1834
4055 56849 70832
32311 52686 94598
14334 43572 96975
24831 46650 59903
1408 61913 66593
52663 74647 15531
75036 82881 46173
48874 49537 976
21645 80310 44001
87087 96959 33039
5272 8170 92002
92455 95681 22217
87053 93562 65295
379 15350 96804
76633 84824 3332
43225 67518 73742
75107 85907 73658
21280 94912 99239
38607 83281 73432
82607 88466 68145
31998 42458 66911
40351 90184 97988
78919 89454 43397
44213 59534 13637
41017 47106 17988
60700 93741 58649
50794 74273 90698
40803 66265 71620
40041 91369 90538
29825 42984 96543
97969 99669 24172
64879 99139 60607
62866 75720 84094
22615 91316 24311
52603 69102 57512
70590 84738 33937
45590 87011 1820
36287 51754 90983
24258 69955 18751
14796 92456 61830
11338 67820 36906
51861 85711 68684
12467 29669 79381
12912 65262 34290
53574 56580 46567
11085 23966 19543
61373 73759 76017
63193 75406 56940
54175 64639 94256
89277 98682 77748
51107 63426 59208
4364 74786 21899
73048 84891 63807
52428 85517 44681
3069 50796 61805
49635 78610 65870
85529 91345 15524
61545 73233 34169
18485 84147 60720
29092 47692 2065
6840 18449 87452
82399 90967 24700
20649 76888 74414
807 68729 53391
45487 64011 2294
23643 63949 78634
5864 78218 16346
37740 47864 33602
71908 98227 21384
32627 69013 14794
51044 70386 59311
38495 85839 8191
63194 69255 46470
53959 63646 53528
23702 85669 63654
25995 49759 23414
4628 72511 85054
37325 95193 24591
70926 99907 82612
8661 82683 2429
23455 57658 29084
82765 98769 38138
7307 32782 545
53776 89577 63758
7303 47034 88809
70956 80014 37503
10721 48404 92061
12126 12178 709
36717 39426 81265
35680 43228 10800
38108 62477 91377
67192 97758 10449
21681 28534 9067
22225 95061 61643
2334 62827 37920
91143 94232 72895
28645 30902 12498
37057 85012 89426
54118 72422 53631
51734 92806 42848
62533 62643 55520
53910 59626 67307
64358 77674 86401
73424 89252 75621
51418 58898 88496
89337 92206 72325
62232 87165 99579
91081 98403 22606
80506 86257 98701
50488 79143 10475
9688 94466 60357
65207 94781 10134
48865 95413 65240
51617 61508 75274
27238 90408 87641
15733 21846 7503
4409 10605 56009
3987 93248 57923
42944 86577 13955
41644 48792 38072
52119 84598 24721
28827 35710 65280
38961 40788 70196
20552 83877 81239
12177 29962 27348
16169 18382 95498
23671 72096 25878
96031 99825 47339
70306 91148 65658
612 6567 34464
38683 94794 29309
63403 99138 89360
28682 85676 14627
15229 53991 7863
96468 98762 11984
40167 45316 64541
35664 82112 21507
61542 77827 98811
8880 24344 35410
90889 94605 13653
25352 70196 60366
54660 76685 52258
60371 91371 83109
91350 93654 50864
99212 99499 47146
27548 65483 59597
92088 97465 95719
13594 59795 60575
28756 29908 79384
64166 64436 15156
94170 98986 5962
70888 77100 43818
23145 46475 43060
22605 46836 41179
89820 93254 68468
36966 37610 19572
96562 98125 22692
8632 86743 3704
69206 96696 9948
64941 84576 7081
96448 98545 29565
2409 88840 39412
62579 66820 9630
5638 21742 87549
63168 87635 81032
31636 69776 2061
67559 96381 31530
6602 91861 90945
26658 77567 79115
36605 46528 47802
60037 97720 10658
89601 98584 60754
45365 73402 17641
54994 90680 29837
42543 74501 31853
39926 63208 70833
41986 64677 22727
89868 95810 99605
80812 87323 62040
76278 91030 5767
24079 29504 45942
51088 56181 4878
11841 23497 26391
45834 69913 69894
75670 94794 92917
7522 82464 47574
94707 97943 86142
17433 88890 31312
33389 56685 3138
95428 95670 27921
1195 95730 12741
63488 70370 3513
68365 85088 56001
11108 55272 47130
97353 98646 13506
90269 94336 3454
54195 84082 68092
40336 81791 22597
71647 85951 57913
91137 99778 85858
19057 47532 21529
48149 69720 24640
68013 78016 39591
24013 32791 375
87495 93620 53180
1000 27832 13507
20805 83790 68540
5249 51074 57358
27845 84548 79564
2110 11387 97197
87967 95497 48729
25848 87436 47396
66839 86426 30779
6429 40826 25270
23155 74158 33465
92686 93241 31928
6193 66016 84586
91084 99031 93931
48441 54332 74922
28004 94424 63402
41553 81840 70938
90281 94639 42974
37676 80777 15727
84806 92947 96141
26427 67849 96752
59891 72118 14715
8171 21310 53482
9108 94685 13849
3038 60589 18412
94311 95850 25085
57712 97348 36076
45001 70552 72914
4327 14261 76590
20053 84304 3046
32545 59475 69008
29297 55653 27655
44011 84985 8847
13844 16744 81122
44044 47754 1837
62455 81116 50556
87539 87889 57179
39966 74918 54082
12879 76680 88660
89468 96477 8044
92513 99513 70206
77872 82635 8610
21879 86909 55185
30725 31618 10866
28198 66389 2289
30034 46669 88022
96942 99009 47818
54120 86660 52615
8202 17808 78090
13213 75261 39970
37608 48497 34394
7813 9629 74466
32775 69277 91252
87959 97853 5529
15176 58666 80201
17464 41595 17327
21837 76431 58344
69655 79040 55679
38621 88487 49540
33063 44722 49220
73032 78521 41413
23777 86440 27830
14594 86226 36124
5845 16240 75143
27725 32219 58710
7925 18247 72311
41603 52645 82853
16299 27589 63867
71977 74618 69433
37868 96073 88212
87087 91951 60951
28500 73320 41502
72681 97768 71179
8804 76536 88814
298 59286 37976
59008 62934 4602
31318 84473 9417
14171 89636 83885
78037 98604 13326
63821 91991 75829
68385 82258 44067
29335 96391 19729
87188 87279 42688
58366 79739 71491
63531 65072 44370
1506 60679 25173
22460 79769 80283
31876 45918 35338
32112 58955 95074
61790 66279 76324
53970 57829 61013
98037 99167 90553
34117 88786 9125
76805 81339 20149
64647 89061 47822
25369 32626 34502
66893 77629 52499
47175 69858 84667
82513 93704 11222
93938 95067 17950
70261 87374 93062
47626 72932 13860
54530 80199 21845
63655 92779 88195
155 89469 34427
47976 54671 65813
98829 99058 36009
51327 53880 54433
35993 94300 4968
63567 68275 17292
97868 99724 99937
90930 93936 80619
21141 61248 95417
42986 96487 19723
31180 90724 92323
65607 99783 6644
47771 75193 4209
131 21610 32596
70915 88060 76200
75882 99357 97388
9525 57568 5189
25814 41631 76967
6432 21914 3275
18200 49578 9588
37922 90767 32408
46596 72461 3202
69591 95568 72825
90151 98780 10126
22747 36111 83419
98946 99496 36631
12685 84297 4062
34226 93366 62422
11192 38092 41922
30818 76079 80760
56758 75867 67129
89165 90900 19104
8718 47489 51553
81542 95850 84132
91667 93113 87626
91438 99562 83354
28068 37114 88606
32129 70922 36023
10902 23902 89871
52823 67745 78270
49934 50623 37294
17062 70952 42913
36165 78765 34475
87717 91627 16188
88201 92433 20646
75826 94745 56754
59179 85837 5546
64136 89487 88563
158 71380 15475
6380 44802 73205
84649 94954 4044
21942 54580 40399
81207 86664 85472
15681 91713 12086
31868 55447 46718
68866 98925 72788
41971 53901 43276
47516 71068 62245
52430 95307 92114
67904 79829 74806
41109 45402 23784
45152 47826 89823
85551 95405 8378
87374 98798 31002
99459 99873 58178
62528 66751 44828
35315 78324 23360
94943 99887 66027
57187 84252 25204
65652 91041 90761
40458 84497 57318
80593 95539 45816
86767 90507 31873
11496 41300 49962
58850 89249 99918
17027 59446 35092
78206 92259 95883
1565 73516 36894
83944 84987 13981
9147 70054 75324
16259 91403 94127
73576 95944 58082
35744 92594 23938
67616 91100 93520
33929 44941 62559
33846 80293 94126
68937 84893 77360
81172 91875 71887
18065 42329 39953
32045 93191 57318
23721 36310 47844
17847 44901 18962
92280 99016 93198
16218 33012 78929
9737 49059 23510
88647 91971 1469
82773 86773 41281
76484 82676 15362
48370 77257 57034
88322 89844 40557
61991 67993 40338
9834 49115 13694
45147 87729 39146
38344 81700 32212
17273 78816 75559
57134 93579 36399
58602 73548 98879
99882 99890 26179
31596 43031 87894
88629 93028 98006
45537 91247 31838
85874 93809 99869
15920 52067 60179
55065 70914 53058
3628 96392 55673
79186 98294 63286
31936 45412 53672
30815 65128 20540
73345 75421 52130
77590 96823 88394
75596 84363 3000
23785 71451 27439
23653 50482 13377
83831 99718 54011
53240 62603 11916
8912 87764 43307
72198 75653 33298
42221 79657 39523
79112 98079 77343
31242 83843 20144
35987 99227 24833
38986 47194 15395
82776 87186 38229
96153 97577 16126
66515 92316 30355
78430 96041 23770
38088 64984 65472
71386 78676 37988
27260 31327 16552
20955 31663 72705
57450 74850 4454
82282 89402 59987
97676 98421 55524
35904 91619 34892
68382 73763 83852
15088 27148 41723
38857 72219 88143
4328 56547 93135
58667 99433 60886
91570 98781 76231
64275 68470 60265
68728 99440 83285
28714 84698 89080
589 33386 7379
35481 64451 8544
35684 63538 88138
93758 98473 5820
81900 96011 11239
91386 99963 43918
52271 83293 13902
44853 59721 41336
5118 83346 67402
88402 93100 91144
93833 96725 67142
1211 54309 44224
26106 70367 20042
14243 19353 51069
20063 74738 86423
47653 94537 96795
91570 92605 15089
21824 40596 81305
63159 90057 32600
46912 91359 12608
38056 68769 9557
21549 49964 58337
65772 76421 42801
2166 45534 21021
53234 89642 81141
56008 77305 48997
69154 70444 85476
84243 89635 66808
65547 87205 53256
14499 78170 60810
27106 32418 45843
53014 80267 48439
11351 49305 93491
54151 54170 52786
75171 78525 32143
72663 98076 75505
38012 98620 10436
39839 41849 83542
6646 16708 19806
76254 86765 19333
37063 67791 56916
99257 99347 16046
47695 92293 57300
57538 64096 17071
10323 63449 30075
58818 62977 15438
34322 58417 69955
61109 89921 25065
44650 47752 45722
80807 82238 97229
139 72820 75842
57054 57486 23820
89452 96256 99500
63103 66342 45682
80174 83281 67034
26600 42886 93753
42038 97588 58483
28344 97499 79404
53408 65337 90618
15482 67894 94437
12710 27865 51670
4903 51517 91807
45074 90213 12343
44573 86787 90416
6606 97104 78812
89992 95589 42376
83744 85760 40262
58579 64757 15607
37982 85980 51954
28599 91210 52754
39387 47403 70045
7408 84230 60742
99214 99445 40889
27909 58990 491
18324 72778 40266
97135 97370 6641
55863 88434 31404
96124 98515 68159
28082 80245 91025
80035 84195 13020
49141 88845 47724
35537 50536 3683
12630 48602 4716
69871 76925 66673
70361 73909 18883
10627 99699 77437
17267 88245 19734
48670 75175 36961
33180 84970 75817
24204 54423 59623
37223 92822 15519
1299 34473 62470
21333 75818 24986
26048 38013 15411
92720 97680 24159
27955 29301 62745
21743 63319 40842
41476 61146 47765
94788 96850 82770
70604 70949 14162
46578 90687 94693
62096 93111 27113
24565 32698 55811
65902 88030 70730
81312 88465 72362
21822 80259 84620
84567 86985 14144
41760 56555 8690
89524 97821 69119
72294 83360 37399
2807 53867 75606
97499 99314 15111
24612 60519 92301
96774 97159 95538
83855 90025 7846
56217 91477 48109
40836 76009 26465
71332 95462 46297
96373 96817 77267
65491 89426 95193
19241 59312 59695
94847 96175 2645
26309 81822 86510
34961 78219 36277
30498 90720 83708
54696 62251 52960
19156 56277 6778
45620 85933 2355
8268 23048 87455
85535 87820 77553
80727 99124 70456
56773 81772 60858
59417 60793 92223
62279 83903 20361
14907 56137 32354
98614 98968 16914
67925 74581 58662
74702 89492 88093
77056 90580 13896
80863 89530 5189
74767 90486 15723
45222 94388 37454
6080 90835 1846
98302 99522 84847
35015 51415 14697
67368 68689 15594
633 97831 19294
75647 96255 84965
80091 99488 58904
93987 99272 34729
99175 99520 7632
31249 42462 37308
68703 84807 26400
86900 95609 94122
71746 81878 93102
2794 26942 7048
34739 66584 72567
70384 72161 29139
55349 91040 79118
30604 82865 9960
81685 86969 15567
89316 93831 66396
26623 88683 39656
69374 80439 43922
79847 98538 66849
72949 76730 89848
79996 98684 13479
68914 73482 29108
14404 42465 24827
93522 95918 14533
3481 74795 19765
19047 43533 56245
1795 79473 77780
57802 68702 86214
1723 95191 66393
68572 75315 82070
58419 60397 16134
88249 93874 36933
17356 61775 13080
42182 77770 36182
73066 84948 40969
9182 71815 35071
65427 97805 72147
59558 73028 78597
45771 85149 64894
28515 43066 24138
10585 92704 79730
43070 99489 20588
96354 97412 75849
9433 69449 24631
61966 80931 93245
19286 34498 97257
70708 98470 86712
42855 69089 50320
37803 59071 15650
2696 35922 65904
43186 93748 74575
39267 99332 87847
59854 94386 18473
52054 82670 7633
93036 93837 69859
86280 87203 57618
83537 92232 10803
86600 93428 23545
53271 91478 82057
68920 74400 85435
51175 77749 99398
42102 72666 72781
29948 38088 42518
64772 80999 38038
72405 73722 95524
58615 73297 88648
16232 71861 36127
27034 31557 59164
50578 67263 3651
48986 71979 67186
34420 35911 90258
50169 59513 36245
39302 96116 74789
98171 99350 65386
36208 71124 49019
48084 87547 35284
36731 71073 21436
89209 93314 10540
64724 72303 52913
68374 91962 80558
51912 67539 43026
42169 64944 63946
94765 96525 31166
69553 99815 63157
51291 87402 67552
16661 39697 46913
68296 72914 42505
6084 65174 65130
16623 52870 54684
85887 99594 9575
66445 83343 98885
25822 93935 71068
89767 91754 66200
37284 74346 92206
440 4947 38068
84343 95531 64716
31255 59782 28095
73759 89675 97033
55240 83255 47047
9923 92340 65434
35849 45522 35732
51086 68215 64550
22153 22413 88133
4705 8297 81269
96910 97858 42046
51329 73751 19484
16045 65765 81570
60491 79106 66090
73875 96275 67233
20921 44550 54262
2706 31398 7735
38437 68907 87029
19339 89416 88793
7471 37404 11489
5091 63933 67329
47137 97666 91159
82972 86145 62595
80893 98732 7790
46983 64382 8225
14215 81689 51286
68476 78632 13843
92562 94079 43838
79590 94188 12337
68382 90540 85540
96223 99294 72004
63551 67458 9797
71061 81391 79986
33655 40576 10665
57797 64878 15219
82373 87328 57045
33658 66020 1576
47500 92050 17248
7689 53561 35906
36377 87694 78387
21916 77406 25958
93920 98678 37017
20068 72012 31047
54 95267 22322
10718 75055 60579
42288 58632 13050
99332 99784 50348
17260 56490 80207
34507 79332 22359
86765 95598 32893
81503 98468 56000
23812 74716 42658
77180 82801 33079
8226 94454 57155
30548 34893 39027
91126 99186 19623
20528 79152 17524
87227 89069 95629
67434 86972 81422
6144 26961 3591
39036 65780 64028
95036 98638 34736
54045 96383 25512
87123 96731 32692
60630 63872 50590
99656 99804 10776
35631 73178 70293
69506 71405 79773
65134 97069 23759
46555 47449 70862
66498 72045 15818
46877 73698 84586
81613 86290 30532
23476 63749 1056
56167 99149 18479
6757 71301 43380
17532 30740 5159
4176 62321 37813
83948 87980 54252
24058 94076 93187
11271 76945 54805
27089 49838 44162
28026 38903 71211
74909 91489 18086
92317 99027 9239
27147 43165 16399
70526 95983 75541
92037 97005 87836
29849 48124 97969
453 69418 54657
93639 93934 94193
64795 78826 80606
8956 34946 64983
96518 99876 72835
14603 53598 53206
23841 92632 56684
56591 94270 61342
32131 80288 2878
36319 68204 28362
34287 51036 94255
88943 93402 71418
83136 97072 8374
80093 84981 73354
45076 54999 13243
34262 47128 61800
87467 89255 37504
44151 78410 85
21844 64234 54702
41073 95056 55519
69434 97779 40437
63688 77653 35344
51458 95013 95046
59831 63531 63702
49536 99931 45228
62779 67715 25004
40930 90406 44972
78433 83442 37883
94869 96921 46573
65922 85843 24284
21441 41199 36282
61877 89066 37223
13572 59067 54002
24969 59741 34522
88671 97315 76469
50250 77197 52678
75253 97580 32705
36576 49989 56882
74459 92197 35606
37383 79885 39050
61666 88741 28280
14300 46421 97550
67874 98905 34628
21875 54433 31537
72749 74693 77981
65569 81574 19907
18246 27074 2762
50950 92461 64050
24183 29831 52911
76140 93825 91341
31542 55159 67563
59821 87630 5661
73722 85726 73682
8350 12533 50320
39886 54132 48332
34218 89247 96593
54124 96161 36458
56885 93925 12899
37287 44635 80149
6549 36787 1134
14241 42712 83784
81803 91040 80733
3815 91662 61907
77496 89312 81307
44168 98914 57104
92499 95413 14821
5444 83607 7135
41901 50492 66751
71151 78530 50550
51300 72603 26840
52433 74458 34671
52568 96336 18674
49652 76786 92751
11558 57743 75177
92864 98843 13840
66319 96679 86720
97491 97534 46427
20978 48750 63019
87728 88246 49600
54629 60348 26378
97820 99022 33747
32490 74928 22919
67516 96485 32256
60266 67192 2737
51795 91799 33737
65634 74720 73588
68706 90481 18881
15132 31812 22427
94502 96004 97124
44102 61562 39471
86831 89002 34251
20577 27926 97949
59847 68159 11299
92103 93574 52557
11191 66782 3031
61280 80145 19824
34867 86919 66811
70099 92660 34775
92526 96486 90466
89649 92341 17138
29119 78345 41630
79721 99355 14963
94022 96119 72163
5320 37632 89628
74228 82805 75240
77259 79893 42837
13434 56010 79139
80244 92020 30572
15018 56677 92859
21835 83217 99247
38973 44205 92465
80602 92392 22612
11916 20865 28957
84078 85300 27404
73705 98141 53393
65296 98868 57014
8132 97684 95500
3622 48535 4085
34194 49406 21547
43404 83857 45009
42651 51887 13942
51467 73408 46243
90430 90863 5269
19386 79154 69614
46789 59096 8186
16534 38934 40369
73547 99109 85984
69046 71221 44547
89483 92774 18126
27381 84569 13540
72390 96603 64278
86331 92548 11969
48925 60923 71575
54193 72397 15258
23806 92728 48998
48343 93754 64385
88711 98514 87903
91047 99124 31395
51945 80504 9080
70070 99070 46521
99962 99985 42963
64239 76149 90872
92560 92866 29211
64134 94856 86935
79392 91792 7799
44741 75867 45197
9125 35009 56140
13379 23383 52481
44774 50912 54656
70205 78481 67860
33077 34578 86156
76040 88019 90783
66911 75901 60685
96121 96497 1132
99407 99592 81735
7206 37195 10681
52402 60889 44690
24893 61454 86096
93726 94304 95799
48381 81816 59219
32592 77930 38952
18748 56666 99275
9530 93693 35806
70214 99242 69174
87697 97381 81933
69432 97942 55784
96464 97223 38759
57505 62583 51464
59953 79092 25295
55751 90703 69330
14969 33728 62793
70272 75400 32296
69546 98872 85061
21703 22592 50298
90876 92059 14942
89160 90613 3143
61295 99399 43745
53 89449 9240
67869 78633 1163
93163 93305 25115
78844 97387 98011
41636 48957 89653
90283 91642 7177
91695 96052 94914
58345 65610 86699
73286 87939 64268
76429 80792 38300
20173 23708 69836
45764 73533 77677
63279 84938 41267
88393 88829 36178
2755 31317 17711
92408 94544 68790
15936 90057 41572
10849 31290 21581
13899 15653 7101
94518 99952 37564
32817 98936 784
19005 97055 31871
13033 13929 88825
70651 86934 8269
6828 34574 85701
40891 90927 69768
9680 62484 61881
51251 51482 95986
89183 92325 19728
96284 97013 36251
50199 90739 89298
67334 88090 4460
99205 99891 82901
88029 96217 49734
12649 28301 35673
14702 48059 30372
821 82998 41005
62701 96061 78839
58686 87543 46923
94765 95362 9524
31015 42437 21294
36664 86440 52068
41124 53586 12226
24024 84820 59387
90109 96291 13375
42133 70088 8253
88856 90875 29162
29861 42860 1322
25051 86605 79017
88325 90761 52994
97848 98448 93522
19142 42865 1384
87561 96974 41153
16139 41347 68951
75525 95673 9397
88899 96724 80896
13503 95867 53215
42664 80769 88234
43986 64976 98290
39354 57556 3110
8699 41095 55297
18573 50828 44148
36308 66361 90473
77460 79423 77174
46410 99436 53982
55806 60094 89275
53053 73482 13424
22619 23624 83784
27204 87911 79195
25493 43176 79281
44955 54584 77215
16603 50420 10642
77102 89629 64334
83927 95821 34163
61100 64753 79517
31433 77304 46472
20708 71990 26930
50483 54953 66403
34266 87651 66213
29812 55724 5376
9093 96193 53237
2659 63939 36023
29653 91585 55115
93986 99021 68019
28148 47193 10981
24016 62479 42452
86840 99425 26975
30121 97055 50469
96523 99055 84815
79087 82874 77357
84462 92137 14853
54050 67331 1655
6424 99219 49207
61539 99784 13389
45909 60135 22318
56889 95771 95384
15692 37622 89156
42667 64968 33411
9487 92974 11931
94301 97862 36614
88009 92983 86742
19213 54232 55880
20868 54695 54670
86426 96288 47445
99815 99990 84719
38484 86118 62361
33867 41302 26842
23023 51256 37795
56433 89083 45270
84715 97989 31831
21328 90550 19205
24421 63356 60629
80300 95113 8476
34969 40785 50565
98765 99467 22210
99836 99846 83448
78548 87756 44026
5390 68667 79973
43184 45113 25407
4806 24533 65142
36636 57777 9237
55841 70345 56192
16469 71600 40367
41296 71415 10967
8212 87013 81381
46773 97864 90278
30221 76684 33042
90598 91372 98828
70570 86658 37398
95977 97313 44330
77470 83346 5294
86706 98471 90678
42897 66521 56361
99615 99804 89717
10581 52819 5486
91961 99591 37441
98591 99483 47944
31632 47397 80188
30460 58657 71968
67857 78962 68552
28539 52999 18124
33832 50036 7184
40861 84272 45416
13573 14007 24943
3290 85860 29033
25127 42262 79896
62567 84104 60978
26863 53561 49010
23402 83581 7611
11721 83413 78540
96625 96831 26938
14748 30897 78393
38284 39038 72744
51 93656 83062
41346 90860 20313
70378 77606 49524
66625 84988 93677
27603 33512 53109
76612 80128 75705
574 69919 66157
79113 84460 85147
22402 31832 70672
794 52176 80705
73537 75525 20662
56599 76872 63909
76911 98573 15929
42786 52253 63220
36462 38457 53725
5922 56094 67632
97978 98301 9611
64134 76995 64566
65632 71176 50620
36303 43030 74958
33359 63226 99346
54021 56502 81431
17929 99520 33893
50209 87177 69332
29781 77174 48725
83505 87352 4729
67488 86095 77658
93450 94703 29699
74367 75064 4141
24987 84447 95728
99944 99990 44500
15641 32815 82573
97071 99735 13909
47315 78552 88029
32999 92358 14963
81723 85056 64170
86452 93801 11354
80461 94273 22672
10160 41617 15974
30652 66346 61930
26380 60511 41244
87231 96743 90931
86155 92445 58545
63 16019 92720
4444 91261 73027
35758 39466 36839
99927 99941 842
11280 83589 58294
50304 70061 6465
66277 83544 79622
44558 45714 69074
85801 94041 90518
76731 95375 25384
51628 52169 23917
44347 82577 55447
33726 88085 68700
86916 87298 84756
87757 94943 97625
46050 90092 20652
52515 63964 90683
48488 51441 87093
33914 79276 70733
40783 72392 56880
66167 78669 43089
90083 94488 50093
45529 79413 76502
30581 76056 35541
31688 46875 89507
29312 45943 26481
49964 76701 29730
40646 49579 77537
44091 44522 27496
14823 91458 70537
88054 91788 65206
31142 78167 4221
97586 99777 93313
90439 96613 69320
25979 63744 33083
31838 99207 59247
58318 95823 54278
4399 35372 97796
98287 99960 91579
25782 59616 26144
12671 37958 43228
77876 91852 66745
98448 98772 35791
91760 97775 51769
77431 89394 99435
10513 98749 76412
86111 92370 19704
40388 62157 36345
54535 73511 80725
62465 85965 56279
4961 56491 19886
48188 61770 30987
14932 96445 39674
67075 84112 55151
18843 62654 96606
18277 29454 69899
11040 69418 17860
47095 51780 70220
83440 87655 20867
80516 86189 29999
36794 44460 35449
56679 81584 35126
87666 98101 49602
43691 61385 55837
98841 99230 39502
11798 18403 50031
81696 82235 46670
15908 89768 49
2479 13961 7963
39697 84866 94693
69695 97893 70031
21495 45792 26260
72972 94561 13772
22573 92325 68359
78409 96981 41788
34262 52477 66197
84292 99017 1646
47314 50058 542
47362 92103 82876
55324 78431 62078
66368 92395 78072
52750 72830 50745
79009 82412 43787
9133 88257 64167
77491 84187 16091
19278 66123 79813
85474 97859 41582
3472 16922 19258
4013 23493 15764
3240 64601 51967
65317 99452 57865
59741 63861 1609
10485 89638 1972
54272 97525 41260
34790 89087 58957
67233 92097 27267
47045 65730 96220
4978 55851 12487
40587 64989 92467
72702 80497 27770
24669 86421 45793
98885 99145 16566
493 6570 66347
2464 23913 25260
60076 87488 78015
19032 64570 50047
62650 65280 40256
75221 95275 17585
4059 73355 98925
96525 96787 99857
40647 49833 66106
86439 88427 92094
3004 3902 44919
85702 88884 68367
27313 31425 42957
5327 70834 84778
71725 74649 89996
11981 97806 16542
29565 42688 83675
44841 82501 39861
61050 98343 20715
27155 81019 453
35600 37978 97035
96871 98984 12432
65237 84687 71553
24545 29257 82408
25675 38220 72265
32022 76389 20990
48563 89250 90125
48589 63266 55785
88449 88863 78443
25515 82675 87540
42319 87169 15992
39353 47367 30145
51785 54043 87963
39689 59508 51108
38448 96741 18681
10712 56788 81882
48053 73089 7351
54530 76267 94012
10314 69518 25371
5109 58441 235
92648 93882 27051
8639 50578 50737
55135 97252 39660
59450 88746 69479
26909 28767 24972
45589 83507 12486
27470 47035 64914
51172 93337 65931
45183 69058 88101
86905 98518 35785
3492 19383 25787
30542 96126 55142
81279 85473 68985
37290 71770 22516
6768 91792 14495
31739 97210 33537
44224 80901 631
9137 79234 22255
91420 97564 70544
79520 84435 40293
15304 45659 86337
57442 82250 73723
28936 91477 16243
97920 99683 18213
36788 90114 63442
67634 72389 37908
1170 39243 56194
18152 53154 42004
56758 57984 89348
43653 79319 23596
83945 97082 61336
86633 89524 45969
60355 63027 11880
92950 99242 31432
27514 71838 74103
90955 99754 32160
28862 99933 67144
1408 1745 11264
59763 86428 46804
49110 68442 78214
72705 75489 41280
50392 69452 61787
96360 99421 11229
24591 72563 58590
72374 76179 59091
46476 79198 27224
78635 80270 96527
62130 79996 16685
73394 83247 77248
20197 50440 14168
98410 99279 35033
39689 47688 42530
1475 36422 26733
29055 75414 20238
3997 82048 41255
63087 99277 53227
6662 9516 10413
19540 94994 69005
36224 54114 3712
29824 54404 87527
43991 75672 60399
79023 95898 83663
37904 94415 3286
80989 92871 63851
1226 28599 96790
42480 54084 76205
12059 73917 50606
22471 24868 87136
91475 91500 97060
95186 99955 27179
99065 99235 88412
59463 78312 89334
43125 51645 8082
62762 72085 55884
42965 95138 7683
56106 94800 38919
32310 54978 93169
82915 96558 50607
86403 94058 60620
83462 88101 456
26992 85217 84282
15404 54436 63483
21089 23581 96940
29170 37109 95032
1405 32138 10702
25439 47924 85203
80710 89836 71762
73878 80520 80791
24484 68979 97646
1455 45531 26039
1910 61722 53496
2544 87022 56768
82378 96865 19516
79317 85466 45025
74349 76283 29851
1402 61218 87134
86604 87866 60374
58365 95956 49233
39155 80271 8142
53152 87218 83216
79191 85231 85282
49038 85697 35454
5805 54620 90363
41672 80502 7144
3049 77380 8978
32899 36547 52603
20032 87502 60584
96757 97524 58795
45990 58561 97842
70483 79970 38343
70051 86116 80753
55332 90412 42059
7137 58630 85742
13851 21533 8741
20995 81363 22441
29972 63501 21189
98926 99164 22893
59510 74550 82960
34656 79052 98534
32497 40290 67259
70839 80328 31526
67944 83958 44830
26354 47733 80291
12095 28356 73776
37187 70962 53956
59627 93982 83387
97168 98489 65552
20060 99190 28122
19371 21266 69385
34256 55517 81131
1514 13962 62926
49391 85296 16405
10573 61617 77020
7215 23315 67837
80990 97205 63297
51298 51720 21432
34684 36486 78492
16587 69978 95062
61061 82800 46287
30445 67052 46360
11575 43939 33624
90853 92084 88831
7257 66844 70391
628 21919 80397
84816 95110 27590
64464 70843 34409
85895 92524 54747
64387 96664 95144
75800 90347 71263
38438 98955 97990
1149 39821 26231
34773 81477 20214
23603 85009 24769
93994 94610 36538
74390 89666 29297
18331 61409 89705
52739 53988 84796
23837 99504 12826
18980 83218 1915
6595 96010 21449
4584 91083 68910
47166 54995 7222
67379 87541 69143
92147 92338 48042
45037 75161 11757
74333 81960 39936
80390 90824 54009
81537 85971 65172
94362 94864 52134
96277 97944 77533
34077 72988 4080
2986 99730 65400
10208 57538 66674
95702 98993 61941
43743 96524 64301
55500 78124 68640
11787 59334 58422
82147 88986 55688
47318 96447 88285
99451 99660 43829
76983 89796 20308
97414 98815 43952
62813 79487 34975
29486 64244 34497
7778 25958 95406
72079 81717 30648
57070 66800 62631
15491 27521 59799
87530 98918 84032
75815 80604 4541
35995 68156 75478
56302 72425 49401
253 78752 49883
35228 71399 46066
86076 89309 2344
97833 98721 30472
28481 42399 70387
91111 94571 8799
67261 84111 94529
51292 97720 79708
72184 81427 74574
64014 71848 66853
13414 92360 38296
79649 84175 39225
42066 60457 64284
60761 71475 77772
91233 93331 64682
77971 82337 83435
86769 91158 89717
81297 97009 71813
77357 95153 6255
68282 73114 96998
35134 35770 87993
73429 98251 46920
29006 93729 91921
93289 98957 34755
87412 99777 6069
52094 67557 84846
51880 52952 47235
41596 46372 60915
29760 77818 46779
36014 67515 13008
49363 57840 92651
53707 90823 68293
626 74552 86001
92547 98992 80822
27301 41055 83226
49722 55946 63601
50919 74609 47096
98153 98726 28239
59067 65497 86739
22198 25294 29871
35205 99868 8137
27855 32069 92535
12500 29466 89586
14852 34289 12629
95673 99015 23083
78899 88640 18335
58851 96334 49113
5946 17073 37839
34184 71500 56323
37274 51233 27173
67145 83922 47384
75281 87152 37654
84167 90437 28550
90104 90797 11991
2732 73477 39085
42166 94985 15900
60500 76202 59985
9613 65884 2222
63803 78344 3526
20125 23313 43378
47297 68261 18435
11033 87885 21347
48686 75358 53109
77235 93748 83371
5578 95803 25658
44662 84344 63194
60562 62333 59581
20546 71663 78264
39120 40199 31131
42645 70461 21272
2374 42358 78556
20809 20897 27473
58507 83191 60555
11615 11637 93
11338 62757 42361
53347 64572 26795
32892 94690 88081
8824 78580 75330
87088 97831 42734
18218 79653 13910
39489 89371 65086
18045 24927 27295
61869 89217 54541
38775 83761 75373
38867 47598 1783
81228 95972 72854
24374 40963 20838
28806 72708 5719
20488 39178 13368
63221 75758 96364
93482 95656 81734
74919 96790 4264
18565 63050 85300
89457 93057 94303
64830 87502 30994
82964 94367 21032
55817 88396 43961
93006 99970 75713
98724 99495 10905
28443 47744 64314
24807 27961 73563
22892 47949 857
27156 61702 90018
28807 78949 17954
39461 63478 1109
70455 80019 81842
91486 91939 3301
35446 61936 53566
27510 39541 40669
54766 94252 7345
35431 85520 83853
8994 68034 35280
9850 19964 5272
99867 99877 64720
34173 52479 5349
35281 80689 28941
33474 56564 24701
36775 98677 13466
6692 46618 17306
63712 88204 33237
71056 88168 6678
54909 72558 86659
6540 65538 26498
11811 74853 78792
76530 94868 86899
81878 92717 65459
10818 60320 35505
51870 85533 57347
65335 89822 23051
82641 85031 59873
32229 68831 32125
38907 64259 29722
41917 93630 37168
68414 95765 44480
63558 69464 2317
50456 98063 95433
15914 90292 38375
67770 78391 34443
25117 31629 53554
64519 77237 20025
40743 88400 73903
89219 95854 99041
35292 73605 30718
72459 75439 74206
16939 85366 10576
19255 45659 45175
31039 54027 6943
85766 86815 4229
36560 67966 83202
90114 95835 61166
26490 55181 55007
392 6241 20458
15784 19362 11473
46501 54082 87254
37059 93722 42943
63986 74028 49088
9160 44294 87498
16102 34629 93677
36683 52183 41325
36236 74135 69843
97401 98099 55455
68760 92744 30286
89217 98225 56761
17042 53375 55694
20647 49275 71565
63589 88028 39394
29028 54268 38261
16525 16585 55598
26554 91091 93142
67878 99022 53503
54072 77528 40353
9526 65790 27594
56164 56947 46970
12924 15716 12846
68617 69337 32133
56533 76697 99052
95926 99764 91483
50538 89708 16367
6135 50794 94285
15628 26194 92086
85482 98674 19991
25834 38016 16656
53427 80573 18889
16748 60553 38163
29594 51992 78083
61726 82205 97943
77129 87511 63183
84963 88790 44948
17681 90831 53265
11965 64150 45812
20402 43157 92429
40393 63413 48572
73400 89650 77230
92288 93728 18811
46802 52372 29008
24884 94005 95737
39178 56834 91095
2361 7324 20639
47308 52270 89021
16924 68509 73030
62735 75723 42521
55164 70364 54198
20087 60416 19301
13669 92037 17503
32479 66196 45299
61487 62853 51171
73575 95290 34172
64670 92868 18488
1660 14362 20484
7032 27739 34444
80061 95799 85158
38934 87314 92616
93131 98701 73473
28783 82891 62969
62637 70663 99266
24287 92397 60446
75458 83263 93508
25981 47333 12577
60820 74223 11658
81303 98759 27662
32099 98857 6400
33608 63412 56654
42576 80244 43346
16048 33672 27354
95369 97433 60192
94634 97812 70869
71432 90430 71472
64939 71535 53096
93867 95682 36379
5524 64868 43045
49537 85225 29771
55937 83216 71783
28942 77790 23276
72287 87779 19904
15992 39331 79168
92535 93288 79070
79755 80131 38078
67578 81466 55770
20673 95932 17929
57051 61659 94095
95 34342 86007
46218 86476 44231
18000 24815 28677
57627 83983 45523
77530 88539 57737
73049 91432 64585
52119 67747 59215
6548 12547 2432
62317 63313 55867
96597 97359 31177
90692 98160 56024
93050 93247 53159
53632 67874 95587
82309 88364 10301
44183 57558 73710
1920 55185 29654
82856 85877 98056
42070 52161 17683
60853 89679 74335
33071 89486 88038
64248 71633 18187
20271 64350 94553
89782 90935 5270
85368 95989 89965
95669 98030 52190
69378 83205 3816
15383 31310 7559
13438 35772 17850
47473 75178 6808
21807 87947 8715
9844 76737 17665
44382 67072 19665
55286 55450 91648
76907 96255 45939
66872 69859 60764
35413 80872 77509
39228 74468 77108
46787 64176 35129
64636 77198 54003
87795 93005 22299
12862 31337 54842
30526 78619 7655
66542 98487 66602
58189 84072 10916
20479 68077 50898
81243 91923 92961
58751 98601 50407
52210 72178 53995
87339 89234 88702
57693 81306 61568
79991 87101 60630
51184 61805 4073
58838 59248 19153
41791 98599 11140
52706 98824 69998
19955 39073 80621
29268 51297 30471
96026 98398 43459
50020 95691 21082
55074 59097 2851
16641 84547 97482
93622 94172 38990
97694 99105 47039
33199 48820 29629
44338 89502 32698
30688 41662 33360
27660 47060 92773
74482 82339 4395
17940 48630 19707
39021 39771 9063
58223 90437 78409
72056 76080 98938
11045 97394 94656
58084 72122 48517
87712 90655 55084
36761 76525 14309
70121 91096 2801
79245 96133 87318
99991 99998 21855
36049 92952 27817
45111 80202 50420
23519 49934 66644
38808 71695 96913
33463 86807 76733
98332 99391 890
69767 72847 72086
84075 88467 87293
86875 97589 60629
74192 78586 68256
12399 13055 31255
56567 56845 68828
23338 87495 62105
6333 56426 82779
19598 87327 77887
96330 96371 60707
13571 41456 80288
85656 88960 86340
89300 91350 87989
49928 74719 89627
34535 64607 27314
82141 99506 10110
50968 89842 32777
29425 85592 94250
28555 68953 89186
6441 46726 98805
67148 95454 78190
63787 82559 58001
66478 92086 24686
70818 85659 81915
60445 99039 67893
87758 88539 26790
97867 98552 9025
30643 31700 97592
24893 54632 22108
30430 57867 42953
45587 86974 93720
23776 54806 46494
98129 98991 88567
22814 50931 80567
4728 16944 23453
88973 92274 64831
15762 47325 73528
24786 33372 28002
38729 77747 11029
60836 86770 16849
20140 22006 89816
13859 52202 59273
76704 81190 95208
65270 91745 1960
45836 67682 69156
85640 87180 40461
66822 74023 9632
40350 58367 42150
84703 96040 99560
95731 99204 87400
12580 27594 37177
18747 78644 27082
78020 88363 15115
73227 83243 25962
75186 79061 74240
60693 87792 95138
1153 38221 48149
27136 48145 42298
69286 79062 91528
68845 70855 85241
72596 89691 15445
9773 78356 75860
53206 83078 29331
68321 97509 31719
10634 43061 12646
84873 97442 79213
80010 86775 28954
44510 67936 35395
3160 69255 26539
94687 96937 13413
96279 97535 29218
28075 41477 80121
20287 83044 9044
49617 60784 27544
97687 98437 21230
10332 77640 91959
89545 93890 80193
34850 79595 95562
70244 88247 96568
96782 98048 82770
26546 39031 25216
72115 80821 10138
52236 52693 48266
61279 80381 54713
88822 99936 55442
26403 60997 57394
34714 37663 55708
14906 45929 14883
26819 41253 77217
39738 59668 66941
22507 39784 36591
64075 66693 67019
74212 78108 1382
38829 57984 1712
93542 99699 16081
65335 79670 24429
22728 87722 38673
94787 94984 87766
26021 75304 23454
3237 92429 72276
70177 73971 47644
23119 50243 95126
90138 92855 11195
7871 72047 88542
25934 49987 87414
42014 43333 12689
82794 83939 89029
21466 41978 80274
25583 50031 14689
65389 71915 88841
37664 61372 1852
85307 92676 78936
96784 97859 46584
7978 99137 53061
12871 96283 53078
16637 68724 34782
29325 65342 39213
34706 51337 54782
14979 38568 96372
46020 99310 57551
51212 88381 5258
53063 80828 76083
48351 87677 69750
94934 98279 71286
64346 79537 15108
33776 47788 17296
68557 98648 18629
7769 54837 41427
78902 98521 89808
75274 82299 19929
32824 81160 87714
38081 84212 57157
30515 74588 23383
16616 50653 13939
87902 88759 17366
19361 71120 37428
53008 99349 19519
71636 90218 36315
13063 77294 68090
19222 44052 78587
39151 45808 23944
26864 75342 55068
372 577 34541
23754 42893 25300
37693 82289 80405
71410 80172 85636
25189 30633 59424
44708 54535 57331
81022 99619 34140
65463 67296 2574
44050 94232 3831
84345 90941 75872
39412 91002 78428
73953 87801 97599
99252 99674 21023
79656 92230 80159
81644 90982 8655
41067 60106 8787
14749 52595 38332
65241 70514 87099
84166 87433 91368
4349 13847 22500
80220 92433 70355
58647 74213 41964
72597 82354 51264
93619 99604 48326
90130 95647 70576
98784 99411 37533
7570 90101 18215
45902 78480 48008
49352 71591 38202
40720 73954 12741
79571 79598 26691
49926 57847 14593
8241 88683 18098
75856 87494 1259
24181 24923 82415
11108 97799 20989
64992 70798 74312
83207 85383 9226
31214 89814 28306
85768 88410 68086
98508 99148 71734
25198 43583 66732
56142 91132 17974
74239 74390 79187
91850 92027 46881
90616 98903 13359
11605 21346 87406
2268 9209 40058
27845 77861 42061
56151 73538 1136
40588 92968 39781
12321 72324 61055
79052 95925 74217
13378 56856 63234
8916 37767 92784
55797 73840 49794
69155 74502 55443
72912 83244 60650
29321 43452 13422
71381 88274 51962
88868 97253 89008
45000 65933 67604
6054 82468 2340
80270 87147 27667
59856 89765 61195
52639 69514 85339
18784 24078 37438
74226 91358 91805
51227 65285 90368
64649 75463 45081
16610 19282 40381
5617 94770 64354
73220 73676 83731
75560 89075 16484
19578 32221 74505
80773 84819 71970
66111 67076 54941
3548 13005 27175
11704 52692 12377
2071 72488 1664
63503 70269 63466
20236 73203 86619
84589 88351 99474
84671 93878 8951
17507 38016 94634
92011 95250 32956
80333 87070 6414
51625 89441 54097
78800 94794 53006
7528 87909 32916
9191 93550 29434
89008 99154 47921
75627 97265 55980
91452 93566 55949
16754 20909 75496
11388 24465 75815
60695 80904 58596
67108 76691 61277
21204 59482 75661
90562 94108 8467
23477 25338 4776
69262 82983 37672
33535 66319 55157
5866 33649 73664
61814 65967 9677
37310 96944 70404
29476 40326 95112
4424 16456 71444
65700 76847 42927
41360 54817 21937
66178 91600 26490
87306 88588 20051
24977 82585 89237
96485 98262 49875
86500 97281 43619
96176 99669 48749
82932 87801 14574
78043 93219 63859
65838 81458 50699
25116 52319 44452
47052 88988 61681
89894 94120 64523
9944 95092 17252
99180 99868 59493
65407 86328 96252
25377 44580 70320
74125 92611 90216
5051 15229 30886
85261 87058 20904
35959 79143 84984
80410 90177 15242
58442 85594 49157
22964 43986 8049
40215 40804 79777
16060 24329 38004
28663 40062 8759
98983 99010 78797
5550 23017 10525
36435 61410 24442
73690 84360 79826
58674 86075 82262
90267 98144 74590
39424 60582 9566
63824 63939 43721
59952 82337 59634
97955 98810 923
23066 34321 16336
18214 46362 53152
28739 96919 75227
69532 94160 49613
49358 91331 20759
47971 95704 50347
38912 74335 2898
48477 70712 28367
92197 94167 69896
51830 88739 56439
69104 78568 41964
1792 16216 65742
54943 76484 25954
46521 50454 76208
12485 88227 85135
33244 79618 681
83590 90133 55649
2839 49921 74441
31205 75429 69535
17452 70515 62584
73890 89266 11402
32205 48557 62082
97946 99924 57851
40252 72287 39504
16459 45314 86866
1594 11251 82198
2274 22565 32794
74274 90256 15514
65066 79675 23134
34601 54826 82584
13536 41818 11138
24938 27051 41482
87019 96702 43121
61221 89781 7632
17077 18575 84627
3942 20374 11218
2492 19564 21397
35285 64375 34415
67150 71991 11341
90283 98852 89366
72867 72868 57633
356 69913 74457
41837 89415 89226
1309 28983 44246
25292 91501 32076
9919 10459 21500
21136 48514 29548
58884 79686 28222
93298 99999 91962
20990 39320 90301
10356 90872 2176
84340 85544 38988
58796 87691 62818
48021 89921 64221
92266 98098 82699
40694 99798 21471
62193 63842 62734
8092 48117 55633
52666 78185 15681
44627 94726 66012
34927 55887 5560
37103 41197 45464
76090 98592 43556
55260 73173 59308
19480 99847 352
18530 43275 51314
40001 40041 56115
19086 38738 19800
74719 81576 93134
90399 93728 87457
72762 83406 8488
94674 99516 13858
56489 99686 61671
16396 83455 73857
75703 91840 94661
76055 96115 72509
43720 91436 12550
99835 99867 60682
35986 62941 77831
45471 55691 39606
49279 93687 52659
57766 94363 2815
71623 83330 29060
49646 78003 10564
39854 56097 27899
50866 95854 63763
23375 47741 39628
35924 40915 50930
12957 53824 36950
7139 21002 46072
63096 85075 27956
15754 76876 4513
18568 46863 53910
47627 63695 36054
74542 82542 77549
2440 55774 11449
66203 79656 72717
22182 24768 66523
89463 95839 96314
42764 93099 71575
88835 92900 12467
16791 44772 11124
37655 74109 81403
7917 88478 34032
43970 44718 10162
21518 70782 53509
32967 93713 36583
22035 23878 39227
88558 90033 87532
84871 87363 26622
72798 95910 45160
85264 96272 95803
96387 96698 65013
94141 96150 14554
28172 58638 22285
54685 55561 48807
8194 11120 41531
44776 52019 72788
354 91716 93507
87885 90577 56989
30859 89962 25657
92370 99965 94764
88172 97668 17877
69536 70515 48906
84090 85814 23904
22726 60366 36772
71532 99572 82606
29414 58191 66827
2201 27669 39604
95707 96473 97252
69047 85257 44049
94703 95220 59757
5818 19486 88203
23694 33879 10790
88951 99684 61548
29207 30943 50638
82330 94332 80626
81288 98671 71740
48114 70707 63208
4069 27283 58913
17673 54349 85475
61721 91243 20759
37830 91594 60565
26032 60661 86259
36821 75509 12394
98368 99983 61254
65358 86178 97997
62335 78689 64153
34074 94454 32509
97282 98139 12923
72546 99736 78735
58020 73203 22898
95130 96190 89230
72047 89886 79255
74657 90262 90935
3403 36930 31821
64656 91583 71389
79005 97909 8595
43157 73982 93915
92018 97611 83303
21292 41126 6715
27 32400 91847
39276 70533 14809
28505 54167 80154
24111 27878 82319
15046 91345 15556
63218 65254 97798
50958 77913 58726
59553 68850 70080
53467 66093 78714
53121 87278 76246
59835 89198 31797
68033 91667 15181
99193 99803 70612
79346 97146 17051
78017 95615 66892
93572 95091 81388
7722 79308 91241
82799 98612 44250
52878 99492 89276
47944 91748 71945
24189 77386 54641
72337 80802 76611
3869 47507 43438
74480 82812 18023
7882 66269 40357
74773 80868 42260
56161 76201 95121
63753 96391 23886
8002 38887 6117
13629 74848 57820
1925 48496 69357
56565 86000 65279
33176 51988 60393
76613 83992 51204
10987 36855 20032
67695 89064 98783
26306 48396 68903
21427 48174 38173
61664 68291 76673
67781 87551 63116
25600 78592 90099
11309 65652 5770
92939 99563 8958
69683 77985 19329
20886 46539 21229
57269 83151 14254
56051 89290 63439
41305 42950 92728
95830 97796 46370
72502 97018 13640
35618 96369 99187
42068 81082 24946
47838 58744 16584
56795 77053 84834
92475 99141 96774
13703 78633 76408
44309 73842 82347
24099 50604 42417
16827 97579 47798
79548 97638 37311
9540 42098 52423
8726 10048 95196
33671 72190 30906
66606 72441 52651
51439 84980 95281
64564 94829 95179
40971 92443 67480
39669 65371 81086
82085 84745 90520
46234 60725 72456
99896 99971 6361
52319 97179 98686
63866 80298 22495
11123 42530 19451
63773 79022 25232
59053 98769 44716
70584 95366 8508
38063 50445 96399
19148 68985 33819
9668 25703 34435
82123 95177 60942
4836 92187 96174
3521 80544 65076
26015 66862 16935
61817 65511 20232
87049 96171 4444
48116 60163 29626
56624 64064 94477
69374 71008 57764
3192 8377 83636
53979 67190 9404
14920 84030 87490
11094 43785 62145
92521 94795 47923
9456 9977 97473
46039 81622 22427
50483 64209 34317
96460 98108 67917
7288 94221 37016
65051 89841 15783
65039 72319 93024
74442 92106 91452
78284 94934 93400
40428 71067 37714
88350 99032 60197
2174 20198 86080
40953 86337 60079
75269 77633 7052
59537 94012 39751
12904 19906 75641
28686 39542 81861
38061 81430 35704
45864 73263 84289
55615 99183 58098
9681 27874 41362
86229 94384 87016
72309 75348 99505
48739 60878 8453
55790 62426 24688
95540 97183 22326
87532 95080 85002
85744 95558 38472
21448 38365 86576
22088 40542 91460
80185 99923 84694
37898 38657 96453
24913 87596 49164
24417 91262 77143
32869 33559 81010
57557 95519 97780
96234 98689 59588
81236 85396 75809
36059 51465 37893
38986 58529 71943
30446 64840 15674
31491 82637 29281
27943 63207 47900
77106 83655 15257
70600 76452 38403
67961 74778 89793
65740 88600 28715
41680 80832 69732
33840 54396 32196
88084 98132 49451
60026 85986 46890
75699 93035 98578
21331 45443 75178
85582 90177 92547
838 86772 75489
55593 67727 15986
45385 80795 52717
74099 78628 87035
60182 87312 73763
8729 40452 99477
58179 61175 88339
5068 70800 92340
3645 83730 40634
95175 97920 66034
4073 23021 62032
79561 94325 25991
95547 97498 72041
48263 80792 76122
51650 70475 14042
25412 59878 56397
41240 77721 58777
29579 76266 69560
38270 97433 1674
78903 97121 19369
44936 84538 54253
23320 79945 44730
49310 70142 64239
37702 53369 90550
13823 33379 77043
44216 64637 72265
16964 22332 25665
92092 98433 484
61652 81889 78948
63325 67342 68938
99045 99529 79353
53297 89616 52976
98026 99107 38497
78616 81520 72280
85518 85599 74065
62560 69045 1261
34824 50618 2400
76840 89148 33118
77324 86992 18456
72623 95823 99049
57913 61281 24578
37265 82665 73425
90240 91656 87934
28736 75633 40143
17367 80597 22527
91431 93147 65477
9043 58676 9039
11443 81672 61044
60912 97881 74700
95719 99497 68032
94768 98734 60408
19345 47687 22432
92769 94854 15186
97054 98480 70204
53549 67296 43442
76075 94834 79240
57903 72647 66214
66941 87299 13675
44336 66802 54811
35387 92214 84921
3418 11958 56592
80177 89387 81878
18961 52284 97404
34146 89732 58016
20701 82065 52347
64143 66091 38109
43382 82596 49265
9595 31950 88215
39621 75842 4428
10783 11684 7
95704 98421 6706
52295 55478 32748
34172 83184 67911
47927 68558 128
22295 56404 2244
74641 98906 80435
29101 96288 32880
78365 94898 52265
82931 92437 32338
87358 89326 47798
3717 91152 66675
10422 27300 82080
43169 54966 32798
11080 26588 1309
27559 40536 90520
29802 81386 76578
26588 77102 89665
59467 67652 45050
11732 16995 56408
60421 79252 62197
8218 40554 96392
91244 99616 82882
89676 99464 19895
22473 48132 21186
23781 33658 28420
30652 59988 42998
7229 13651 70324
13245 52694 92367
74647 84943 97341
31054 80287 6024
9602 13420 18423
5994 58223 41243
88875 98825 23583
25121 98193 17003
46306 93625 54332
91077 96869 21463
34074 58123 31534
4398 7871 17423
13116 47902 15043
10456 43660 89435
32831 69449 72045
51253 82200 62251
8847 36978 42131
32430 95816 60836
49432 77838 3320
20115 49878 9160
41578 61660 22229
89463 96444 64894
6885 92162 82205
38279 99009 46921
27713 78944 37591
16110 93175 17902
78360 98275 19791
20490 58389 46800
81325 81415 36467
997 74437 17210
10156 21328 32026
32384 70035 83944
13629 57336 32625
12185 15634 24465
59106 97124 32784
96696 97433 25060
30950 31221 42534
67092 84955 76085
13892 39550 91771
66710 80242 11219
83919 92928 4949
15944 19617 71788
99887 99996 61864
48863 70729 6569
73328 82339 78987
22463 66069 67514
63874 97342 34400
6407 35098 54480
98843 99001 39532
90613 94086 58284
18184 42765 87191
23132 61643 48482
94919 96406 39754
73134 92323 43210
96055 97493 22123
75041 83002 14083
58907 85893 36993
9658 71280 43346
64137 71724 79942
20020 23866 66895
78303 95006 54118
65494 75944 73636
30327 39691 9393
86432 93234 94013
45993 62549 68311
68115 90593 65072
98550 99145 42059
51894 62782 41804
95239 99967 24039
75180 94513 13239
58426 66566 20622
28895 41776 67488
2530 84928 9273
11923 36666 40543
22287 62315 84219
90597 96709 2935
72021 77666 80558
30431 56179 84190
72234 74365 35606
12624 38901 39746
25863 88069 5837
62836 76464 70124
30324 99908 64738
55948 59149 62136
12842 78526 5526
97060 98556 33382
99994 99997 59788
96903 98215 38086
81092 98265 27975
33050 42055 93042
72795 93636 32887
94983 97219 1625
65107 78036 89245
46196 59084 5139
24683 60382 43319
30208 52067 72096
63590 83333 89244
39729 69927 36823
77814 83411 56634
5788 42430 5421
15182 70401 80070
48068 52591 17555
66044 95921 18066
71641 82122 74525
76779 90795 60176
36450 81360 42887
24897 47049 41943
14140 59782 37901
67314 99633 14951
23948 69151 41402
29368 42893 40648
25790 67911 34876
43344 95215 10562
77761 92910 48795
68637 86048 11711
28813 36761 21187
88051 99155 94251
29993 81557 7044
67893 82394 14002
82844 92635 26747
40597 54753 71026
81244 82846 63371
16119 19067 38112
43032 63660 68141
8179 42336 7653
36241 61646 83613
57427 74308 84470
68030 94348 15818
91425 97804 98127
5426 20830 37088
48524 88087 5416
35901 92647 15885
99272 99688 69697
37383 61981 33973
21876 41329 50534
45880 56684 12259
29492 64449 62034
30313 69759 58153
46130 48809 22165
60609 86696 69019
97696 98829 72822
19463 75648 74221
35347 84457 91738
21395 95474 68638
55367 94975 70069
5901 45568 91388
34511 46471 2837
12897 62532 82316
71049 91677 53218
93213 94517 29546
78584 95722 87101
67757 69026 80556
41977 79604 89635
33714 82375 52448
18704 18926 37136
88772 94494 67703
96511 97413 60465
99347 99885 83540
81662 85131 52745
34880 89716 82557
80777 94963 26417
84229 97136 73386
81136 88654 88406
87122 96447 8467
39569 45473 16599
93056 94199 30631
77110 89533 79174
37575 43794 56964
21114 21164 22155
73858 74771 96911
72767 94813 66601
99183 99719 4048
88920 95997 83472
77325 80026 12961
2144 45747 61153
18742 52882 98116
49373 69223 47941
44898 53403 97112
18213 26191 27945
56720 77822 26361
53630 66787 5553
36582 49865 85325
40630 63760 46233
40453 81016 10614
53413 76967 14563
30917 57897 27920
29032 55201 2035
93324 98843 46427
90435 99932 95581
34732 73122 34945
77444 86878 63426
82997 91404 74738
84673 93393 91321
30905 89509 1580
57870 82731 13983
88785 92813 61479
16704 42805 58347
35090 81816 16464
81517 95629 9145
93449 99948 42194
44745 75440 45223
8171 49998 1186
99260 99784 97778
6932 28157 51174
24863 99392 41630
38845 82202 79354
16675 34018 62461
75021 92619 38891
7836 21880 22108
16981 97596 40055
75526 93705 35446
37100 59214 30185
54638 95085 9597
68767 87290 36265
19941 34967 37154
77922 87852 10476
73628 97961 33205
36088 36424 91023
91331 91908 46710
13438 62969 95845
53492 88295 6076
5290 72104 40830
51826 54431 74842
61422 84769 15786
14038 16822 97944
51192 55220 18946
78019 83832 72975
11223 76014 2025
2245 58228 55262
65306 66990 41831
77502 98572 3925
83578 89338 3118
24407 88879 73301
15600 46419 12250
31385 35510 71139
45680 93112 7949
64626 98975 18387
53952 99620 81264
55976 58795 35471
11237 77787 3115
69419 72166 56954
73343 83141 16083
92813 96715 27037
82465 84663 15764
94714 98767 34881
65852 95357 5189
73800 83655 37163
8538 33106 13063
89801 91911 91208
25271 83569 34658
44737 65766 71961
1691 88330 9194
34125 67652 87184
77513 94728 80774
9628 54084 5749
44509 46108 92755
49697 51692 44386
3212 93377 66320
16274 53262 44230
23833 71172 49729
74842 86014 40998
63155 76629 5609
72348 92293 63033
75883 77083 19272
56657 81422 70225
62405 87234 3380
55159 89253 10335
15896 30580 42180
98567 99187 47473
59149 73752 10740
25229 80525 18744
66226 76860 28438
71834 73958 88608
51218 98819 42642
86842 95971 89952
57066 99647 98121
76797 92791 72339
87132 87400 66120
29311 91100 76175
93135 99110 26414
20226 82501 51494
38970 77822 39729
83759 91893 16662
88719 97552 69478
31360 70656 78950
37663 92498 67178
35784 95564 26916
24474 51099 2549
90594 98122 93101
83120 92943 42800
9533 97751 1376
77378 93296 58880
33458 43413 71866
50120 71215 52422
35949 76000 19818
31251 62037 60632
14780 78977 78242
41696 57275 99335
60596 65760 49738
53696 60789 9627
96496 98018 89741
14223 21211 25177
73102 83496 44371
61320 94023 68635
30093 85646 7906
66262 89193 17544
43245 97487 62965
21486 60448 32860
37172 89479 26051
86909 95309 86010
12887 33936 88204
18980 67748 51424
60508 88248 64454
4878 48582 43954
73512 77635 75755
97769 99172 38806
15313 69401 32989
78277 93750 68866
27488 36859 81691
53539 83560 48212
55900 78090 43931
44103 90420 53873
11879 48087 69620
92684 93742 46686
52989 89555 53844
28744 75657 43615
67549 77939 76631
16889 72884 47485
85755 97289 55510
83797 85605 66795
48360 90849 90967
92291 94535 50470
62515 87553 70480
32134 34251 95367
78819 82146 26469
49014 50949 55340
92628 93980 15874
69259 76582 71037
16743 50720 53688
88604 89802 6228
55398 93124 31020
62717 64020 99914
13186 24778 97038
83666 88041 3197
95384 98734 45992
21853 31382 33883
77192 77642 5674
93065 99596 94353
80454 83327 68787
34141 41041 43369
56720 59981 66310
4091 47624 97894
20356 86590 8343
17393 30241 50926
20589 82828 72326
82933 87668 59092
16815 58929 38485
38840 80399 3488
33192 67471 1585
18330 65314 88285
61698 95323 30382
44360 68031 51548
58605 95670 85899
66947 83769 3915
17872 63912 33666
6550 68762 85270
65641 81697 30416
20477 37652 68627
23964 60207 3643
41900 90563 72799
30184 81854 15027
76917 94998 61345
28464 33815 44370
14362 40272 44788
34628 37468 82147
84646 86603 2437
69915 75993 72246
330 21122 80893
85309 91396 6380
88951 92335 66549
78102 84436 4767
93128 99113 3696
70824 91536 61229
15193 78163 85708
59981 93831 44411
42127 74058 26015
60915 78640 73259
49512 89961 40979
30405 43871 49014
53136 73159 15300
36036 72625 95417
40802 62999 68803
60849 83461 70652
22077 53513 3214
24137 96801 86756
84899 99809 54943
10914 53842 93044
84172 99762 64179
41503 63785 4269
6868 20990 49662
22168 58363 89508
33936 50976 22481
2738 19190 42629
73389 79683 94322
92955 94065 5994
79710 84021 76145
34653 40734 23562
44048 62370 20490
8226 53081 64175
28847 88377 44643
94860 98049 61146
84368 97402 34803
23200 44960 69309
82181 84648 25891
76502 89380 6609
82495 91721 88577
74991 94987 65107
14904 27230 58512
51746 95357 93419
15920 45338 35193
60562 80171 15487
38059 82271 29716
72862 73069 63034
42170 79173 69741
84412 92294 85754
7372 23966 81477
95948 98501 28203
77406 97589 35329
35917 88231 50681
45687 96302 11230
80880 83097 82991
12718 17414 55471
42433 88966 34799
5466 41615 12658
91559 93250 83371
77312 94893 36578
58788 70347 64775
3343 82040 40580
38671 62763 68130
5703 8137 11599
33285 65188 48333
16275 18123 23126
71746 80634 70779
22896 91062 76954
51905 56077 83891
35275 47656 98200
71852 97308 24808
52979 57480 28821
93558 94584 85103
78040 95799 87072
5990 23546 86271
54323 96953 98188
77448 85033 68888
64578 86755 45054
57883 95154 29130
58126 98426 74166
56325 72548 94341
97484 99582 34210
42656 73697 96397
27759 94806 80639
31182 77446 98165
33804 53344 31966
48343 99451 70215
17231 24744 31360
78636 87494 44409
7766 95959 9084
98283 99026 61963
8975 17071 67820
43184 45519 99939
55932 82694 93744
36571 40941 93539
34735 60743 64008
83052 85754 28276
53267 92519 57122
84626 86777 43850
45386 88124 88703
70821 85218 22584
32784 76481 37596
16955 52763 11615
16893 56630 29745
26989 60656 95407
20527 88547 94873
887 72806 59034
29162 78178 56776
86283 93223 33154
46484 54389 17297
35186 73416 32426
57769 72070 40177
11716 56040 7463
39683 44493 47033
85779 91651 23172
97537 98103 66750
8762 11121 77028
67795 94921 73275
40922 48541 70500
74076 74097 13109
7724 53382 26539
40150 41963 89104
80326 91322 68624
4141 23704 81388
67525 98422 21140
90696 99461 97770
57446 57697 75287
50825 70442 98317
40451 94399 23981
10950 56342 96129
40411 53318 3463
66949 81903 1269
72405 83320 10790
41028 43575 76346
38767 76256 27679
76258 76498 76549
74027 92523 50532
65665 87377 92309
80333 90687 75008
20666 67848 48133
16794 26457 12630
36608 59210 33628
37876 68102 34952
65018 83113 56767
41363 62646 46107
69041 69821 58846
61942 74745 29030
12473 19368 66390
21134 69571 44200
12493 53242 65664
60625 77543 27538
89607 95481 56361
23234 54695 73939
74537 78515 32545
31304 51201 46268
93762 94062 36249
52607 81735 16608
97988 99320 78983
64377 74728 21691
24928 58475 1416
90592 97741 97935
18129 29555 47413
90841 96716 51118
64780 92728 19841
13676 23428 46277
76295 98589 41754
28895 74265 15524
45502 97076 34471
24485 57018 58198
62527 88199 10770
63943 89052 40318
61877 64189 43120
25641 95253 85507
76758 88950 2431
12950 49619 67010
59227 86388 41702
17332 51643 69000
49208 82241 10637
83678 92459 16650
41875 94220 47591
68996 78663 85474
9313 14842 41486
68784 99091 88339
54291 59496 16322
56721 94525 57981
40083 42125 92286
81784 85392 55485
67136 80472 64186
77772 77781 13723
10774 33796 42139
58364 75946 50848
43837 95961 21434
1675 65115 34011
90013 93919 23346
6334 16467 41983
80666 94515 19845
89303 89949 31391
44788 87012 75792
8973 56819 20222
39048 75021 6527
97538 98728 78179
48385 96696 75495
86170 88203 41595
20181 52614 61985
43526 59337 55448
1860 4844 5344
38057 95363 37024
69447 96504 35839
61591 96971 28778
81812 98903 48841
4690 73817 43620
99220 99505 82235
74715 78535 38876
16309 45089 85529
94646 97740 54867
50093 84898 21223
55436 94206 76882
92460 99851 77327
44650 81401 3097
89779 91606 618
54972 70305 95676
98591 99757 39119
97177 99273 85083
36052 96323 51227
37932 79378 77248
92798 93058 5129
14021 57638 71066
90902 92393 6450
84580 99358 3423
87677 89325 98560
4646 51375 14739
322 72079 13785
55792 84383 3897
57226 67779 26669
8452 34161 44087
2051 60509 27948
7180 36235 83597
78245 97690 31705
1046 97157 40815
20821 86430 56055
19380 32456 26266
50470 88563 95067
64254 83669 61044
68150 73470 79424
11171 64027 35735
55257 86474 1195
83204 85407 80676
66801 92353 51057
14857 39887 22370
72023 76625 81359
44429 94566 61346
70694 76098 41653
82112 99963 77752
59507 98423 71075
55282 91530 5554
7368 80230 25731
8563 18024 69439
89238 92445 7743
40294 96855 47093
62664 98843 7263
60374 90171 3165
21719 51787 49536
63372 76659 60160
41123 46695 71638
28549 35293 94286
50454 55094 72190
76184 90155 49650
61974 78999 26613
86069 88601 18433
49513 89332 82276
56776 87171 23251
76292 79175 18567
25827 89735 28699
2338 60164 81986
73976 89412 90554
68261 69871 22841
56803 87550 63691
6452 44217 93777
33064 46102 80509
67849 89192 62608
66476 98159 88729
89726 99600 69272
24644 74850 96834
53343 83036 98222
35328 81888 28158
42233 69385 8548
81425 85771 97826
45115 62952 49077
55244 83007 2748
52104 73348 5931
14712 23760 82242
19792 82713 34843
89063 96225 13271
2248 92609 10388
469 69546 81480
44978 61529 37184
69878 70659 33339
67703 79915 68648
16779 44670 37021
35878 93290 89594
58160 87181 8642
40401 65362 17415
75244 97690 50832
4866 87278 53942
15253 69123 92380
13084 59424 89401
50267 77711 67847
99957 99971 91408
68605 95761 86563
21977 81750 33822
27923 83866 12144
36564 53696 10257
70331 84353 97432
21162 50492 3206
75103 80622 9448
67482 94142 60668
73235 91650 81764
41081 94472 86915
48840 68075 8843
51755 69973 99353
1928 42177 31670
14072 14617 4387
24328 80080 85052
38112 46912 70581
41317 64736 87715
50765 61033 34283
27784 43283 14766
9547 60254 27910
12813 65675 93305
38008 44280 13381
37360 98081 61379
69029 88644 45941
89767 89979 17184
74818 76401 9589
61751 77911 77096
65817 77591 44788
99 50392 69363
14865 83472 51370
59126 76771 98568
52430 65427 97521
82163 96101 98401
43541 89647 13352
5833 9397 85334
23017 31935 95428
32605 35169 63190
26052 60147 81716
70839 95491 44377
56553 56783 32936
24274 68604 34308
22842 83928 73687
20362 76101 50425
18762 50413 96191
48465 81697 48076
33798 81285 91130
29225 61189 95934
92414 94089 66554
90481 93150 37272
51209 62431 39207
84145 94472 266
18452 74156 30107
92139 92728 42110
58915 99117 14006
55106 62312 91734
19533 52169 8830
10662 65133 42178
22947 32209 17929
89500 94165 80870
26771 96638 84012
82329 89696 27780
82595 97443 94388
29053 76461 97710
87515 88512 36144
1520 84548 23043
9605 21369 43739
18434 98997 10011
76963 98760 1401
11243 62377 66920
92112 93175 99999
76124 76850 33574
20255 78752 69248
14642 30731 29765
28703 98410 32844
64847 96705 23732
87889 97901 34152
47979 53696 71585
74341 81656 48316
75742 77189 98194
59013 69294 7546
75363 85521 99227
8936 37064 89854
78183 80988 9534
24299 64393 16727
73494 78247 25440
97225 99985 76460
31376 91986 29562
19312 87329 92329
67627 73332 49987
82172 87761 16108
6070 89138 58352
5296 41265 37202
95150 97923 30693
4683 40780 69239
37761 89552 72631
63200 84140 96615
56012 79226 52225
1925 22587 98528
94253 99934 36923
44239 62899 34331
60346 66901 7100
35049 91890 88805
72250 88730 65044
2943 59615 81933
88533 89429 55964
77516 80704 59924
74130 79400 78907
26355 53672 49905
41234 61316 88530
78156 90817 25679
28838 93086 68896
35938 86587 17409
41094 78710 77423
22489 76628 58471
4421 49481 77280
76737 80348 75640
36660 72406 30011
31918 51067 86306
98174 99426 36853
3056 90222 31639
28734 66849 19475
13981 47598 26007
31390 99151 21140
25164 35855 35568
83635 89164 38528
77266 89217 19003
52905 74439 73607
82915 88772 70918
69220 87718 25813
6072 94585 75216
54063 75179 53457
73537 98378 67634
15895 55917 55609
53386 96770 49719
5305 82228 80954
60184 71535 88925
79186 85957 66259
69145 86623 75510
56414 70073 82935
98578 99982 9766
73794 98535 65331
43602 55546 51228
27587 91548 68514
83195 88941 27315
49266 53886 86103
30219 88429 22155
35496 98652 27464
1754 96753 15686
77264 84339 89480
76550 95862 69345
86315 99760 35976
67997 70385 76143
35576 56723 48556
20441 27054 90706
47756 99509 54513
50210 80984 62152
88716 97805 81680
16179 39722 70352
31865 98297 48141
21344 33263 24507
7040 74402 74667
59367 93803 84779
35509 93485 22478
416 55198 43372
7473 36912 13530
61986 99156 30259
40489 72837 98835
38520 60490 69165
25223 28601 33109
73363 74540 73603
97869 98373 16763
88887 89359 44271
73666 74301 7355
12495 38348 90880
55866 86228 38511
85748 92649 36352
32358 42147 39260
31193 87511 41994
16709 60737 9297
49817 82943 97942
39771 41041 9979
56533 86454 81381
17156 81740 4644
24510 49816 44673
31741 73327 92175
70252 80941 34366
22955 92493 17045
62214 73410 38243
20559 71923 1015
29855 97598 20797
44149 66862 54800
54127 71407 77689
51859 53386 74243
72854 84523 99643
33879 60104 80909
26053 57103 64274
60419 73595 79997
93815 97388 43263
32058 60432 23238
49424 53981 53029
70221 72747 22590
41372 97923 81388
19060 57164 57341
9654 93329 57804
9296 93997 6359
6557 34843 41517
70830 71531 99629
50826 80321 3602
10441 87385 44485
33678 38140 31575
86706 90855 46461
25647 63137 31825
7035 35054 85400
80727 87751 11828
54882 80628 88486
77592 93722 91196
19108 88807 70677
18736 23866 43972
38689 87154 82028
99526 99563 53155
31100 81490 10855
93913 93918 26277
25737 89208 44407
27488 67795 88541
39315 67414 58323
27800 51145 34661
35348 36697 81829
6024 60801 96174
66347 90631 37311
48374 84035 95773
17880 43275 73644
28734 78633 77161
71363 96882 4065
15769 87660 11695
20661 29218 74206
95336 98290 30661
29996 64252 89872
28176 53692 522
40701 97238 49860
78011 89961 98724
90135 93144 95039
63778 99203 85266
40939 63698 17581
61355 78276 77384
73049 74402 92854
63606 93252 36123
94267 97703 31091
490 4175 32082
17363 85047 15771
67222 84815 31481
82297 88482 97774
93687 95083 92801
78952 86627 59190
12885 93803 57699
90268 95827 93221
99473 99717 24077
35595 74383 1281
83037 97084 6661
15118 34639 69093
30888 99144 93183
78720 83712 23760
76494 81439 34467
69294 76964 86111
44836 73037 99110
2534 91175 1508
95754 97917 83864
36183 46004 76838
37463 73435 70301
60475 98974 97478
29567 70876 91877
39102 92658 68572
79213 89910 55305
13679 25104 20990
16142 41591 15911
15251 39284 17452
33110 44932 18465
16974 21808 71424
93811 96946 7420
80464 84299 74886
77941 81679 89591
69817 99736 99367
54740 87515 85637
26397 69647 57552
47386 65138 90654
79649 88122 26289
13452 17106 57678
48268 55946 25249
36043 82447 46635
59815 82932 44847
51052 70682 88977
56994 68599 88561
56360 70349 67357
41996 84700 76183
15899 58026 1151
22904 64963 57720
49193 86327 47399
6870 74610 70403
48471 87289 87218
11457 38907 847
72655 78334 8769
61631 89399 86508
50191 95190 18986
33899 82230 94212
10082 98494 33175
27584 30430 68139
1655 91026 16553
65406 87645 45939
35808 99293 11367
39377 72191 52961
56576 82822 45606
65344 95686 11596
51851 67722 33945
87188 95106 14642
97751 99304 11238
47278 99918 63441
15416 29120 48484
48320 76980 56748
94258 99231 29835
5624 65099 14377
58584 62237 87926
4189 88255 39457
15784 75265 41178
49729 59077 93150
64370 97988 55203
91959 99530 77543
71751 77493 1538
20234 22076 90937
93334 99513 32496
23168 98859 29784
53896 89909 83646
58173 85316 19204
97629 99211 6613
55159 96597 97561
48308 79048 2611
19863 24877 54939
97405 98942 22681
98942 99991 38743
6231 43084 65415
38726 55278 81358
84861 94859 88588
68507 78233 7
87710 93839 43562
10674 91081 36844
24586 52419 27200
27197 41627 25867
98487 98658 96284
37519 75115 86934
76262 85231 87270
58028 72768 10772
55737 88553 88170
44324 49669 56445
44331 84007 22348
87892 92596 43409
41087 85228 29129
84639 85042 34712
10505 30246 37699
6788 55062 55979
10073 14105 80490
97342 99947 60078
8114 81896 24526
12635 53152 57481
69079 90358 94497
91426 92303 58538
34834 57661 47165
63963 94209 79340
98674 98983 10001
52724 99566 94533
8702 40066 55325
5543 8514 90497
65620 90846 81404
90146 90323 16635
63978 75707 96196
58474 96017 80000
33363 37355 4891
80528 82640 30771
59867 86068 50804
69868 86061 10327
80752 97844 79923
36076 74712 46861
42924 81267 38263
24328 96838 58652
40962 89799 48120
53510 91571 29013
33509 77638 61091
54751 66249 73484
85522 95343 901
52677 78439 81042
63003 99814 2588
59278 66834 13324
22490 78726 22384
60752 85191 21589
19404 42379 1123
67523 97986 39130
12887 51631 26852
73977 92661 95100
63812 78312 39567
81065 83378 70253
62106 64741 65338
64693 84078 29203
94368 97918 19639
16752 91787 50754
54692 55123 22830
55815 65041 64768
11296 29735 40214
38147 72530 86762
49599 94159 35184
5517 87493 36281
75770 99719 16733
57459 69080 56462
86661 98290 18680
22651 39013 58002
73404 79340 33078
12586 79093 75677
77353 87174 47513
33918 50888 9678
37031 82072 52007
88566 96469 59047
24847 48072 44545
57931 68068 27438
14393 71331 88347
49424 90069 98711
7425 51737 47415
40503 47514 68284
32531 35854 449
96395 96555 70761
22425 83477 7022
74431 99219 65152
33477 74297 99051
94373 96379 90409
21811 87491 84779
26509 85447 1799
25220 64367 92223
88986 89350 11584
57269 67155 8297
57718 76253 55279
28478 60762 39292
51851 75536 11870
33355 99906 41998
32405 48709 13704
39165 65879 32507
23943 30169 84381
42094 93496 76383
34316 73063 8888
62252 79302 90274
70548 86185 68055
25827 43400 68260
81470 84140 42895
9691 32854 67359
51688 61653 2547
81743 85955 59545
14249 84330 59403
14981 69823 833
91364 97779 14895
16603 74355 2578
6876 47334 47978
74931 93407 38207
59542 85169 96639
2437 91602 88424
86147 97081 12614
88693 99483 92321
48237 57640 95970
23991 30088 41712
24823 39279 38121
56070 68473 13134
58647 68199 42342
22977 51423 30080
77535 96298 99287
90525 91596 78184
78949 90822 25120
7914 58842 53798
234 3723 96725
12555 99719 54633
54266 81153 20255
8739 99778 2480
21872 78432 7932
80565 92959 88314
26996 45298 28237
42634 73377 86949
20817 80882 31806
62288 91154 81708
16085 39937 79845
12810 73533 1973
83794 85837 81628
4048 19872 999
22879 85614 11721
30810 94869 29067
35475 61633 56652
80064 84255 58409
67012 75003 39114
15169 34425 60436
96876 99398 65640
76721 78502 99751
95045 97711 4479
93024 95250 17945
94023 95311 69634
22095 89863 1887
67514 72628 61135
24165 84020 79368
82573 99351 18417
38038 60668 19753
98473 99983 69877
64113 85247 32811
80215 98458 79537
1045 37979 46663
35341 60357 36668
4974 14136 73834
6860 97532 30122
84346 84911 82826
63713 80385 18892
82129 83318 86479
18233 98086 50942
88109 90658 8476
37271 95882 77407
16808 24644 39362
63470 95869 95338
137 5297 89761
73970 95219 51697
20444 84931 54149
19621 96449 22821
54864 99465 29530
57695 80185 51064
8636 15407 36709
17111 49442 18921
10870 94689 18528
50231 66501 37124
61920 82922 77044
68033 75951 23824
36081 60026 71300
90230 96581 98841
13050 67535 8509
58932 91523 52762
9995 28406 85123
46703 47759 71106
81975 93720 90249
503 82994 56509
37626 82363 55609
31021 41535 45031
71196 72936 54896
58848 94531 733
57688 62531 1434
66196 72652 76180
35309 39935 59562
36783 64500 76406
7889 79320 4119
14489 41398 98414
87349 91383 38276
42957 97968 62523
87988 89473 6498
42883 70396 57054
59968 92563 20659
61401 65337 43196
53932 92020 92078
13493 71052 71311
6250 8283 48871
10368 89695 26932
25133 81332 58971
63409 74844 5678
42283 56905 39932
65132 87577 33034
22185 78233 83822
59195 88767 17158
18742 64435 2155
10820 84766 23934
98482 99690 53601
63704 99713 14108
90636 91802 61963
49606 80880 52774
71635 93060 47925
11566 20020 2310
60951 72439 16662
44773 46686 92414
78282 87390 38449
96788 98851 14329
20721 31632 96459
90673 97111 5308
4780 10637 39289
66742 81680 53031
35868 98904 9054
83792 99822 30209
2453 17941 89899
19114 19426 8784
27879 61589 62763
82679 89246 43912
97008 98495 39895
9818 51152 83230
15125 48015 49903
54413 63940 66182
7443 79233 54094
32849 70682 86276
63057 88110 63057
52955 94609 17313
78091 92811 66203
40853 48668 11881
1116 48074 78279
41011 42486 35349
40592 51672 13551
90494 94842 74847
56675 67359 72009
27121 38207 69315
13396 56423 85424
92804 95682 20647
10117 28871 83747
92671 93233 45878
4551 45759 5016
82829 85497 90323
34530 89722 90754
48080 63993 45598
22926 38582 40588
11287 88724 68426
96953 98439 59320
82376 85278 3168
3022 41660 25107
3121 61741 4249
48998 92064 859
70366 86045 38479
60688 76908 33042
51442 73055 18099
13391 93778 59830
70330 89575 45033
38755 68636 43631
98074 99657 35033
1241 90337 69255
42699 78537 79796
63300 89189 94887
64158 72564 9158
18989 99323 57959
68382 88905 54839
86480 92423 90996
62661 73963 54792
7693 65293 15539
67676 85810 75014
2708 64662 37511
88315 94001 19479
68110 79030 50445
62996 99815 51776
88505 94846 30147
46463 61239 76310
17653 65607 35864
8649 72271 65746
79792 80882 34383
11682 50770 17444
86696 90625 18098
40558 87159 45099
76388 90440 51750
26833 58124 22559
94960 95111 28708
41458 67123 3239
17768 84913 64249
53631 71982 4271
35728 47240 51986
86462 99611 83728
20258 79576 18178
38355 60126 57293
83453 99564 48166
51555 59824 34737
90465 91879 9813
19173 44909 47704
38763 50570 86895
19363 93150 67438
39985 43021 27772
91971 95273 16139
75698 94716 7554
10227 22154 55877
67520 80072 80588
32037 80925 32131
66773 67065 94986
92938 96568 15650
40641 87915 54081
43887 75853 62494
11324 51103 6634
55447 70482 37236
87937 95889 4447
11842 90836 93661
84071 88573 99031
64658 69909 55955
13141 70643 3343
24478 48899 86256
40127 94830 24282
94207 94254 81671
73052 96564 79044
79685 88591 84739
33273 67420 82483
37719 65375 6806
47731 97983 98648
46761 85221 38878
2715 49685 45881
22410 96254 62172
8665 99204 19104
32946 51541 19921
30968 81699 48414
10011 25111 65056
11101 53113 69635
9936 17132 2408
16741 46974 35602
31741 40815 17102
70618 95642 44446
16498 25132 79915
78670 95706 71862
14125 98624 74367
34045 48239 66275
98810 99042 21516
63866 84106 10028
49852 55320 52611
68611 93094 42925
4213 74986 96351
37666 91071 68843
82112 98039 63745
78378 90364 83662
50240 75147 36525
40958 44170 36708
7233 8952 63253
45100 58391 898
71479 98628 64831
40442 63055 45504
83366 86147 74269
96068 96665 73651
64910 91349 89531
45006 58148 16784
28668 69483 58161
81544 93347 49935
34603 35665 40518
97855 97966 11318
15105 29899 31969
96287 98974 53935
41790 90723 63761
16058 52812 27605
89708 95951 89911
95591 99069 14243
28726 53731 21518
86887 94497 69751
53173 79444 41567
93690 97216 74835
5007 25308 79581
53327 70600 8416
7262 97995 53320
87374 90563 94291
31330 39526 16523
21241 60752 83761
51835 83751 96018
73353 96651 73467
43103 63791 1870
1021 95376 44479
75855 79858 2193
55435 72989 72544
80202 95083 1037
49873 54327 45586
60515 66449 96195
77038 78338 58746
77150 96158 66375
73168 81843 60889
62986 86484 24928
81207 84486 66303
25685 87360 29037
44229 88323 45097
16773 27628 84770
17809 59857 11816
