114839041150
120974772645
125025772724
128667996678
131910386713
134638640716
136663861076
138248090356
139739858400
141115253261
142468267484
143802509787
145068817295
146289662812
147497334729
148600332209
149698143849
150712170556
151711021308
152709069221
153669248021
154574216125
155478507143
156381226511
157273216265
158144336684
158990434926
159822365074
160642833822
161460982354
162277947739
163080775981
163874164960
164649402185
165413241239
166176605943
166933140988
167688324426
168434406751
169175053939
169908258576
170624456119
171334063695
172043382380
172747056608
173449918277
174138651554
174823854882
175489213481
176150224650
176810984632
177470332355
178119134823
178755394621
179387973298
180019876755
180650905509
181268431831
181880025172
182486973480
183088642375
183671470573
184248790880
184814117086
185374742624
185923997130
186471424776
187016955534
187561147947
188104402971
188644928505
189183374277
189705705843
190220581921
190723433191
191226272179
191716288186
192201892904
192684661488
193166767455
193642814823
194102671939
194556969086
195010455074
195454442027
195894876975
196332111168
196766544688
197194393124
197617384633
198040317483
198459895265
198871784295
199281376939
199684969558
200084880021
200481193429
200876018261
201262767701
201648310222
202033505736
202413017971
202783054348
203152412785
203518148653
203883090329
204245192192
204602782069
204960195901
205307801181
205654587834
205999819218
206328008513
206652415117
206966168660
207279534524
207590501463
207899102549
208204272275
208508148892
208811234238
209110946289
209403865678
209687413326
209969412058
210250495598
210530013255
210803750803
211076258256
211346288530
211615996061
211885089753
212145413601
212403748346
212659403787
212913235186
213164041092
213414839328
213660301008
213904503335
214147158915
214388761851
214628173391
214864057650
215097450722
215324241697
215546062219
215767719287
215986360497
216201503783
216413631561
216622497713
216830128531
217037263451
217243681713
217448400968
217648925049
217849064870
218046353299
218241997128
218434437349
218625722496
218816495936
219003254828
219188517652
219367353051
219546055686
219724148684
219896870434
220065149958
220231881558
220396446256
220558036698
220715063029
220870552732
221025358907
221179288943
221332539156
221482782829
221630156729
221774927697
221913703601
222045046489
222176243860
222303624251
222430170870
222555547941
222679877478
222801577510
222922254240
223040820249
223158382537
223273671003
223385871559
223496771478
223605328662
223711674832
223817406036
223914535606
224011394828
224104907348
224197685325
224289913273
224380620810
224470432525
224559458709
224648071611
224736000559
224822251196
224905795259
224988862372
225064022889
225138987363
225213626085
225287255888
225355502746
225420554488
225482946402
225545272579
225604518934
225661749265
225716188899
225769144362
225821136744
225867380121
225913055854
225958698520
226003737260
226048074996
226091401083
226134095498
226172062059
226207311717
226241994591
226270937398
226299543944
226322822991
226340440516
226357602582
226373271059
226386967499
226400186707
226413069600
226425375482
226435365920
226444494574
226451800346
226458932641
226461361114
226462269035
226462269035
226462269035
226462269035
226462269035
226462269035
226462269035
226462269035
226462269035
226462269035
226462269035
226462269035
226462269035
226462269035
226462269035
226462269035
226462269035
226462269035
226462269035
226462269035
226462269035
226462269035
226462269035
226462269035
226462269035
226462269035
226462269035
226462269035
226462269035
226462269035
226462269035
226462269035
226462269035
226462269035
226462269035
226462269035
226462269035
226462269035
226462269035
226462269035
226462269035
226462269035
226462269035
226462269035
226462269035
226462269035
226462269035
226462269035
226462269035
226462269035
226462269035
226462269035
226462269035
226462269035
226462269035
226462269035
226462269035
226462269035
226462269035
226462269035
226462269035
226462269035
226462269035
226462269035
226462269035
226462269035
226462269035
226462269035
226462269035
226462269035
226462269035
226462269035
226462269035
226462269035
226462269035
226462269035
226462269035
226462269035
226462269035
226462269035
226462269035
226462269035
226462269035
226462269035
226462269035
226462269035
226462269035
226462269035
226462269035
226462269035
226462269035
226462269035
226462269035
226462269035
226462269035
226462269035
226462269035
226462269035
226462269035
226462269035
226462269035
226462269035
226462269035
226462269035
226462269035
226462269035
226462269035
226462269035
226462269035
226462269035
226462269035
226462269035
226462269035
226462269035
226462269035
226462269035
226462269035
226462269035
226462269035
226462269035
226462269035
226462269035
226462269035
226462269035
226462269035
226462269035
226462269035
226462269035
226462269035
226462269035
226462269035
226462269035
226462269035
226462269035
226462269035
226462269035
226462269035
226462269035
226462269035
226462269035
226462269035
226462269035
226462269035
226462269035
226462269035
226462269035
226462269035
226462269035
226462269035
226462269035
226462269035
226462269035
226462269035
226462269035
226462269035
226462269035
226462269035
226462269035
226462269035
226462269035
226462269035
226462269035
226462269035
226462269035
226462269035
226462269035
226462269035
226462269035
226462269035
226462269035
226462269035
226462269035
226462269035
226462269035
226462269035
226462269035
226462269035
226462269035
226462269035
226462269035
226462269035
226462269035
226462269035
226462269035
226462269035
226462269035
226462269035
226462269035
226462269035
226462269035
226462269035
226462269035
226462269035
226462269035
226462269035
226462269035
226462269035
226462269035
226462269035
226462269035
226462269035
226462269035
226462269035
226462269035
226462269035
226462269035
226462269035
226462269035
226462269035
226462269035
226462269035
226462269035
226462269035
226462269035
226462269035
226462269035
226462269035
226462269035
226462269035
226462269035
226462269035
226462269035
226462269035
226462269035
226462269035
226462269035
226462269035
226462269035
226462269035
226462269035
226462269035
226462269035
226462269035
226462269035
226462269035
226462269035
226462269035
226462269035
226462269035
226462269035
226462269035
226462269035
226462269035
226462269035
226462269035
226462269035
226462269035
226462269035
226462269035
226462269035
226462269035
226462269035
