500
0 249619660
1 948063666
0 17162066
1 934185547
0 831690169
1 394824832
0 770806580
1 884780634
0 313365864
1 746565777
0 357589877
1 415360768
0 716197543
1 787272928
0 117562288
1 377455056
0 40837263
1 34682874
0 84553148
1 453746148
0 876983330
1 87545986
0 68246858
1 612604329
0 715098927
1 280592721
0 206418262
1 812736946
0 659347723
1 526479351
0 2428473
1 304837859
0 345231384
1 368588963
0 565326206
1 861021561
0 269707531
1 572238731
0 147373900
1 410690063
0 200139821
1 361789118
0 399910463
1 580913897
0 206947037
1 105731204
0 304525670
1 46243377
0 823527702
1 403592619
0 712137007
1 185262824
0 537646535
1 385542521
0 626854865
1 293324034
0 272507453
1 428756573
0 437234193
1 850215802
0 502838988
1 609532055
0 207166705
1 144770968
0 740432505
1 972723871
0 370036377
1 739970712
0 28942807
1 104094293
0 348272748
1 250805906
0 958828369
1 258334745
0 749899607
1 45675733
0 626170864
1 281083540
0 279312691
1 208866152
0 517919206
1 498556563
0 411889030
1 443348508
0 157026331
1 980024513
0 478851215
1 131197371
0 226455291
1 299712051
0 767051832
1 482105967
0 917076450
1 543255024
0 774490915
1 611593341
0 381235470
1 62326177
0 305583509
1 431582674
0 242655580
1 471832888
0 610897233
1 121700032
0 258819601
1 763839054
0 613755461
1 447992119
0 161590442
1 259129081
0 650310671
1 17617525
0 283659605
1 582882437
0 255655441
1 279721312
0 100085114
1 97129570
0 685561986
1 155489703
0 182275246
1 765933789
0 378067607
1 35249658
0 318193220
1 505421406
0 218641210
1 252144119
0 178092998
1 909640924
0 926871163
1 329466225
0 92227948
1 472080408
0 966661121
1 93512520
0 215988728
1 357413832
0 832177949
1 485604718
0 855217071
1 253831399
0 357309684
1 549254506
0 633388900
1 240491205
0 127380391
1 509912715
0 87928948
1 478932126
0 740011593
1 482768584
0 572132674
1 755183438
0 807688174
1 83544063
0 905783468
1 9990438
0 487192097
1 200524081
0 203429266
1 793388979
0 876091770
1 313921923
0 88612902
1 441348786
0 13219208
1 874054200
0 74964474
1 882864953
0 419577782
1 687938090
0 725940508
1 386749440
0 283149800
1 73629803
0 207823980
1 618059620
0 233393072
1 437479880
0 283547648
1 429336712
0 120676730
1 547912732
0 316155245
1 118566009
0 159112262
1 89026184
0 895853105
1 62391914
0 289729787
1 303085346
0 486328306
1 89811715
0 752161166
1 740647188
0 871367269
1 864270791
0 215143286
1 242862249
0 982536844
1 547427646
0 794642049
1 685203328
0 831867210
1 452739674
0 125377071
1 361370674
0 679996185
1 273737548
0 253145229
1 28606546
0 259814802
1 532751993
0 409592644
1 640205355
0 885696626
1 165429737
0 131342888
1 668774820
0 738182807
1 197288429
0 744860132
1 13696440
0 33041299
1 727156822
0 648802468
1 668039591
0 560625538
1 740706974
0 172721750
1 187185611
0 746082325
1 301577412
0 191285147
1 274574936
0 83067113
1 499724470
0 544192413
1 451300105
0 241602936
1 793762228
0 631028754
1 809508222
0 186758892
1 698638382
0 369358437
1 898092103
0 138775904
1 291353969
0 998047913
1 103868902
0 54439634
1 658241538
0 271610438
1 190773440
0 266768282
1 581366975
0 365735868
1 661206709
0 998850752
1 703940329
0 443986953
1 924269323
0 166731600
1 597759489
0 74638722
1 280971986
0 260323848
1 546411251
0 239411540
1 673562865
0 235884259
1 484765451
0 964948550
1 124329537
0 464094980
1 37966561
0 216329709
1 428257885
0 45642666
1 455941007
0 346786653
1 354328669
0 854789145
1 897285197
0 422991509
1 977433757
0 582828198
1 905817387
0 427848436
1 750100987
0 386291892
1 52955463
0 546092071
1 709607576
0 863914188
1 292919389
0 781577829
1 577320307
0 472903790
1 907921
0 141365689
1 514871352
0 502851270
1 502855996
0 993458052
1 871120419
0 730970680
1 440434948
0 622894600
1 775237225
0 863572784
1 65051742
0 495607585
1 281998732
0 412034643
1 898685464
0 244202327
1 758219633
0 269093692
1 811841249
0 164564698
1 856660677
0 522331566
1 632509609
0 185342034
1 92777977
0 611110171
1 848317210
0 324406604
1 457806472
0 15668477
1 888081550
0 817145179
1 270030274
0 588976290
1 110899919
0 911947639
1 701797580
0 245461680
1 447955118
0 993213617
1 904968104
0 889613566
1 818148532
0 601593401
1 538445772
0 793459349
1 453485988
0 632011304
1 7305772
0 591574303
1 617526322
0 875468227
1 96859222
0 114283557
1 115288466
0 194131070
1 459857116
0 449886625
1 279517657
0 383645871
1 214547394
0 75160517
1 652802250
0 524098339
1 168279524
0 184706719
1 651055775
0 618458148
1 250798236
0 807215486
1 863851906
0 454297147
1 856752749
0 967909984
1 207134920
0 469075456
1 154806175
0 893207325
1 556472994
0 305169726
1 424066320
0 476047368
1 928053974
0 385195514
1 478664837
0 834773609
1 490016007
0 584784208
1 303876617
0 346722855
1 820468748
0 968888503
1 558033902
0 108557184
1 283727919
0 404003102
1 12882893
0 530505331
1 221657068
0 354312746
1 419354848
0 112200556
1 534221414
0 308601086
1 911302871
0 362101863
1 943244732
0 488151336
1 86250637
0 743928160
1 45038740
0 210259446
1 126546619
0 342127446
1 192440221
0 187714801
1 59246355
0 794624503
1 632578677
0 854276589
1 496248369
0 212127778
1 531577227
0 328189295
1 218597964
0 42694415
1 670830231
0 454406558
1 216529872
0 51992382
1 149216053
0 727133736
1 195643829
0 547477234
1 106346170
0 322602170
1 776945412
0 7132295
1 333184363
0 770744581
1 12305882
0 840626973
1 379512235
0 632872464
1 607392248
0 310966939
1 853313652
0 601668895
1 778036219
0 207630818
1 905027682
0 665358599
1 996235826
0 568183896
1 44337736
0 125221210
1 153250213
0 300365771
1 636259798
0 427081029
1 364941676
0 875749157
1 549010511
0 57230331
1 716833707
0 43326087
1 703540051
0 396313408
1 913140775
0 317327517
1 226790975
0 698106896
1 178702635
0 485504486
1 150243673
0 998199316
1 23279047
0 318565283
1 816965385
0 986517183
1 221820522
0 765713313
1 511850733
0 178835399
1 360444572
0 422932850
1 561403092
0 787491981
1 434433520
0 473157003
1 9128654
0 593353971
1 204719255
0 564779436
1 153930036
0 280895073
1 37355821
