1000 1000
12811 6221 97913 18706 28621 1691 64358 58617 25633 33591 40129 29241 76746 21277 23816 96874 66 11181 70126 37611 69977 83432 49699 64979 11304 16304 89307 82393 95937 2361 54506 29456 97969 376 81921 13161 56353 42867 4453 57921 49341 56793 34535 56340 18400 961 70494 7906 54301 31369 1142 52638 48341 69733 31971 43235 53971 81129 53856 12136 32127 97661 50818 21136 17876 10978 91996 40221 15153 4229 20953 31476 93171 93735 31451 33411 86437 14151 82481 27820 96073 25663 68580 40203 20405 6201 37526 40553 43796 45623 90574 72187 96305 41601 58308 58521 28026 97665 32440 45681 52557 49038 54610 93945 67996 44340 49505 54629 63733 79401 81609 56047 33921 24506 85501 87934 69233 19880 61926 80628 92225 29084 66161 63798 62781 57951 32325 25095 53489 3619 64513 80729 76409 6625 74671 72953 67412 21028 23447 6366 89711 43753 35576 277 55083 25771 85491 63041 2385 91832 61324 2191 36132 55435 41201 34701 19849 364 28200 98151 90457 39033 16382 24909 96803 90939 53073 43813 56961 4057 44865 55885 30857 62253 57821 70606 15396 66238 85429 466 56191 16226 22343 11283 54207 53549 78671 19193 17160 7718 11517 35150 74236 64198 75787 1801 3717 89685 393 56856 70405 70986 34513 10931 94077 77535 37329 98465 23981 22942 6851 79226 81427 49861 74861 15241 67388 31329 83530 28017 27761 10681 81041 46501 27141 28486 22129 95936 59417 37409 36409 82535 4374 42409 18057 11600 88338 86953 65959 73555 99281 80388 31476 24491 84193 96145 25595 80346 91757 99633 64151 43421 42745 60179 60063 93407 94801 73989 65945 29581 45284 29635 58003 53587 15362 813 37601 37776 74737 36321 31047 83579 85716 76131 63571 99321 20705 30464 43679 14565 81056 58998 95863 20241 2581 9443 72001 3021 61761 76556 75885 5141 88593 74526 45759 33607 88421 55326 40119 52046 57316 97125 35511 40513 19325 71601 99441 7169 87513 97297 5751 5057 58985 56881 197 90796 64853 72551 57677 19189 57201 89426 95691 24622 64051 85966 70713 38220 41051 97693 16107 76377 92529 61249 2955 75661 92837 61251 45569 75665 97020 97417 80835 89345 79276 25939 29391 19923 55653 89633 88538 5959 6193 84717 71244 8957 64961 93236 92161 82603 73889 98734 97965 57134 65637 18445 40617 43233 38325 57453 35426 25424 81801 31241 24485 34517 17071 8401 53689 67395 80626 24977 32425 97669 88481 94931 32481 11733 57581 66615 68978 62805 26993 61821 257 18165 24641 81841 81781 8733 8759 77851 83685 90448 88215 87051 20031 82982 81151 82441 24617 65401 82767 80937 64301 17463 88981 38985 73830 6089 92489 63236 61281 91351 10949 6551 26071 43789 82285 61945 84885 36727 50343 56661 19751 45753 30618 37403 99977 11254 5241 15039 68417 13821 7270 66283 37939 34424 37811 78550 22935 15033 51429 65351 70501 6976 70001 80125 53782 61538 95313 5606 63055 40453 71737 88721 35639 54101 38617 12097 72821 42700 5380 88329 51957 47553 13601 33861 59609 97876 60649 50686 66353 84978 27601 56586 30573 76301 90575 35353 22673 1369 44345 79086 30689 19521 16809 58721 24841 62724 74883 28361 18140 11841 3551 42085 70336 5252 2331 3907 97739 471 21521 41069 16281 10356 21961 39484 19601 22603 83755 40643 12337 8055 4737 44304 48751 97675 21581 78115 57599 68571 34065 49601 91521 2145 87139 51121 89089 70453 82329 33437 30353 18201 89582 6376 36577 19365 95059 49465 26040 68013 74151 93805 14987 64769 72565 87745 6209 50553 91841 9011 85859 80915 12911 73895 43889 6136 40087 1961 87601 11441 13833 13377 41751 82474 2501 95106 4735 61108 5413 11267 31345 21541 97741 81334 76541 47545 55689 97949 37062 31303 92799 88961 97416 59891 39643 37553 98604 69835 18852 2969 23605 13253 57469 50881 93023 1961 61596 26369 51304 87076 25229 93977 22711 68981 63776 41881 37032 69725 10860 25714 32646 77630 19877 58490 70113 60881 72576 29127 24559 22727 30613 76473 74334 87625 51508 62343 65036 73867 62065 79411 74625 25289 29285 32381 64533 35829 19096 35201 53709 73885 23521 42917 38741 68657 65351 91093 11777 26915 2941 13359 79462 68801 26059 81175 26277 6098 18323 41355 66789 1686 66776 45441 75222 90179 7398 12026 98711 53185 57721 58276 39512 33201 60266 80049 32501 39861 80695 51510 14131 53901 79065 83608 4051 10129 73387 23746 19216 59050 28891 20511 16885 7679 24193 96134 56627 14813 75505 47073 35681 13901 13366 44445 24652 71009 27945 84353 5826 52544 88105 21806 16026 67109 98976 49761 75753 69101 44716 13890 40641 5793 72119 9406 44984 55791 17686 6174 58521 61425 72277 78621 73614 45195 62501 35281 18703 39943 61681 25591 69191 37586 38402 82520 25272 10081 20197 81053 67673 42201 85993 48260 54233 63216 30465 84201 4633 58903 62183 24901 81215 66306 74754 45689 42766 65299 87741 27619 49047 42491 1313 35835 8062 84801 30585 56109 45909 6105 32465 13081 32973 79196 45543 91525 54931 97525 17149 88057 37864 82231 88513 67852 19005 1817 52922 87476 35837 71851 97274 11861 64353 56605 22639 4833 39309 7777 44994 85263 14915 51541 76241 41991 84739 34233 74429 78835 14333 68277 74980 66202 10533 79224 15805 41746 62595 22851 91996 6159 89637 49753 32361 82501 34786 12277 43511 7641 22886 5441 29621 27929 56057 52031 16993 77601 64737 111 33148 3179 79865 33621 56026 33060 12101 825 40591 88029 67052 71774 85057 28771 19657 19646 90617 58177 25466 93161 22703 22557 57521 78691 14750 32545 45263 9129 87587 27361 84341 47171 55923 77845 77235 13649 80857 64018 33021 36606 98623 97571 55950 46137 34001 64177 70319 66821 63487 28426 12036 15596 13083 89983 22650 29653 90021 13881 67962 80089 74899 91383 40033 68534 35815 47976 36001 45777 30305 73221 83829 18009 57035 54081 21806 13967 52355 76843 24889 81776 71588 22021 76785 52028 13929 61825 84347 88484 32775 8321 44441 20492 88701 64741 21493 89753 26357 13297 65802 96154 92493 44911 36278 53113 77999 10838 92575 56249 10846 94458 95397 46329 34005 4419 96349 41995 88754 14543 58909 55381 34584 7861 35281 26701 63503 42036 36810 97621 17981 32496 69669 73121 60673 38181 99926 92251 40837 8646 75711 72072 13261 54649 88403 70081 
805 124
357 637
451 79
321 476
761 481
17 477
545 468
345 576
116 251
777 316
118 273
756 116
846 805
338 915
17 605
301 501
953 985
761 793
401 794
931 651
583 169
541 580
633 585
356 281
451 172
236 337
701 351
675 121
829 680
161 485
921 742
173 881
993 187
545 883
881 108
255 196
292 165
417 116
551 990
531 924
333 571
573 337
778 891
843 333
925 506
191 6
221 751
217 657
471 561
984 565
566 297
485 607
611 491
436 422
596 376
399 344
791 901
971 87
183 922
241 685
81 697
277 961
744 101
629 726
428 192
413 876
597 272
31 960
297 114
511 801
754 705
771 854
201 440
685 985
369 913
551 999
617 251
342 225
641 76
497 969
817 56
706 809
51 305
645 305
453 367
301 443
815 601
25 255
211 157
527 501
524 41
582 941
314 1
363 625
952 843
39 140
17 833
93 961
23 328
634 697
253 854
626 551
914 845
36 103
426 345
913 21
585 729
745 464
744 782
691 498
359 643
841 993
22 794
841 651
698 503
761 779
178 366
239 729
481 231
747 519
17 565
787 761
935 908
149 16
737 966
617 266
820 791
595 317
95 883
901 506
257 48
865 25
581 804
620 545
545 760
209 809
376 1
986 521
940 837
801 922
185 189
730 799
851 191
841 965
903 451
260 961
9 975
473 371
239 767
791 803
961 41
901 263
719 558
77 269
531 491
219 729
992 980
11 765
223 417
740 1
866 966
325 827
345 511
921 466
165 781
160 365
833 806
912 357
217 135
383 31
771 79
746 483
184 394
787 619
201 273
397 821
892 519
209 549
934 290
65 524
888 751
21 161
761 103
561 697
693 85
726 423
803 751
956 59
42 29
907 876
935 113
389 95
63 438
565 333
534 312
260 497
569 949
609 286
260 461
897 761
121 179
945 223
37 716
491 104
187 267
726 240
451 851
153 801
189 201
295 751
251 428
961 237
358 671
418 301
181 691
221 429
191 353
367 320
407 816
976 654
307 305
729 99
269 849
329 801
288 221
861 325
264 671
506 414
585 501
805 162
387 361
145 935
570 216
247 311
824 183
133 79
701 302
134 701
772 495
401 913
153 259
621 173
281 593
400 105
737 305
551 321
837 482
328 499
25 791
93 361
437 94
453 946
831 806
227 301
523 965
926 601
251 409
876 33
901 401
361 97
501 919
145 333
901 579
811 963
620 147
476 123
1 319
313 779
221 173
402 905
761 545
891 205
304 281
819 751
501 689
633 274
801 820
816 201
961 454
298 986
531 553
873 156
811 658
401 1
569 312
261 615
5 25
855 818
413 736
800 457
513 946
981 481
457 455
113 582
869 591
181 197
405 231
294 133
729 122
593 16
791 746
970 689
401 39
521 913
841 790
97 126
153 690
140 921
305 365
507 913
49 406
183 76
541 193
49 164
851 615
266 81
656 81
153 822
798 544
155 601
485 377
591 431
214 165
941 41
847 954
901 33
501 55
806 726
633 801
601 589
506 635
477 478
773 491
886 887
966 971
393 797
211 345
217 513
76 816
113 821
108 793
481 784
907 691
600 941
35 981
9 520
857 183
821 556
849 169
751 480
921 749
121 141
441 187
413 642
661 478
246 126
130 713
576 873
846 801
490 2
989 441
430 596
221 278
110 721
629 226
921 997
926 633
461 927
271 411
451 206
617 314
841 26
321 781
561 234
167 595
339 473
969 401
937 526
173 811
183 490
125 280
441 511
526 17
425 441
467 313
306 467
1 202
34 315
520 464
469 37
435 331
301 509
651 469
402 857
472 903
881 845
921 241
652 503
487 320
226 665
25 289
521 61
41 225
193 676
266 667
25 964
751 438
771 977
406 10
834 689
487 876
131 898
133 343
909 89
21 391
953 917
457 777
849 449
385 921
161 90
442 251
122 253
497 829
420 281
51 683
505 445
221 351
901 713
407 569
397 363
217 269
479 661
866 701
141 495
501 57
947 908
402 673
539 563
225 499
942 293
124 711
336 571
729 891
174 331
161 48
281 117
644 649
569 998
290 751
863 299
853 97
407 412
926 592
145 566
837 453
144 745
941 285
301 915
801 933
305 533
316 1
961 899
546 503
961 12
394 425
433 356
791 315
406 730
251 49
709 625
47 541
128 41
597 809
231 973
753 241
505 379
64 301
955 382
506 706
81 268
464 724
897 616
853 936
256 617
85 561
623 401
321 917
381 786
411 802
941 317
399 861
441 871
380 187
221 636
523 281
783 697
861 888
801 188
839 394
886 992
48 531
25 488
788 560
121 809
767 275
76 741
951 537
363 537
529 809
505 529
677 685
341 417
131 801
835 738
795 116
209 687
793 299
592 199
727 5
474 37
283 897
101 427
729 222
729 932
701 270
513 137
616 92
856 481
337 869
826 827
411 380
321 528
141 684
681 709
517 291
361 838
431 121
158 1
186 359
512 331
27 601
77 517
570 425
101 202
731 741
75 689
335 453
703 958
717 138
130 669
410 496
9 46
566 381
961 446
286 951
743 74
801 991
425 699
673 768
129 201
13 259
566 59
748 742
302 120
464 461
31 45
765 489
89 417
248 721
735 351
875 85
51 136
91 337
51 655
169 84
454 54
496 883
890 6
713 339
231 694
451 785
31 952
947 456
241 879
836 581
373 321
956 594
146 269
396 451
409 382
621 215
186 861
471 552
673 995
986 494
232 561
611 980
660 611
176 291
1 825
649 262
753 747
217 719
869 663
829 105
33 559
775 1
427 249
154 393
139 928
86 488
911 599
179 555
521 125
651 40
146 844
465 401
932 150
671 153
193 681
714 242
291 847
227 210
223 71
721 81
259 235
450 921
349 386
241 525
813 793
32 279
705 397
921 895
577 661
387 69
899 512
311 590
635 20
780 263
674 667
109 223
7 686
287 301
141 978
761 29
481 889
151 446
346 828
347 693
318 657
841 769
447 838
820 649
653 641
106 769
94 519
810 950
997 911
565 296
457 107
976 811
894 649
8 936
710 817
652 813
276 993
723 89
265 426
651 415
141 817
153 764
439 398
378 716
895 662
377 258
995 178
828 118
581 671
1 774
441 942
308 45
602 702
644 631
933 175
539 901
972 369
692 1
421 157
564 434
862 477
979 93
510 541
641 715
454 788
433 696
807 584
700 375
689 859
776 941
884 420
941 983
30 166
733 362
127 165
349 681
575 357
773 462
152 917
801 852
500 819
18 891
891 24
921 475
738 841
207 881
618 435
945 755
132 257
703 139
431 83
220 626
584 101
249 62
707 749
148 629
454 695
38 230
639 289
1 300
813 765
53 353
867 631
920 450
796 144
484 641
242 1
841 632
842 162
129 704
453 766
885 667
67 8
74 145
810 337
381 422
569 452
881 233
681 375
636 403
28 981
297 958
349 672
237 444
918 517
507 604
891 614
909 535
823 862
389 637
645 504
162 244
957 665
3 765
793 245
475 327
893 277
675 424
808 25
303 758
994 252
659 49
649 15
102 933
408 321
326 108
785 798
758 855
433 166
169 439
489 530
985 82
470 273
538 977
125 177
251 603
598 887
459 951
849 368
71 982
311 534
612 146
419 491
173 372
370 121
929 439
728 377
795 792
414 38
961 650
493 613
786 532
348 883
557 721
90 759
871 393
770 423
686 486
224 665
969 50
360 672
119 61
777 340
916 265
201 303
392 906
858 573
522 518
647 877
390 818
550 511
385 763
757 577
987 727
866 7
163 393
750 603
705 73
775 330
204 109
368 870
925 682
781 668
225 324
157 733
608 4
833 384
413 243
921 850
712 731
518 260
143 193
96 249
461 906
350 495
628 78
988 273
111 361
185 52
396 725
311 115
646 891
276 254
170 350
229 457
959 981
190 319
927 43
85 543
616 578
542 593
1 602
44 441
121 848
70 373
547 72
171 60
904 401
194 6
373 493
722 731
737 547
69 112
860 481
159 446
133 562
448 281
967 792
686 502
503 78
630 409
943 95
421 323
801 752
19 263
298 171
516 713
208 859
66 919
679 753
309 553
577 564
14 327
833 540
458 737
80 240
911 664
877 901
961 789
586 268
325 708
315 212
100 501
501 574
250 987
58 331
514 25
882 833
471 974
704 252
949 572
463 933
558 872
678 305
142 337
913 587
213 25
925 32
996 611
113 627
803 203
417 310
949 355
567 391
830 41
933 944
37 902
395 177
356 666
717 986
521 880
404 62
857 640
987 182
878 782
606 451
283 282
877 98
374 349
968 341
383 923
864 689
416 83
412 548
401 718
4 837
352 761
515 369
201 688
947 734
195 665
610 497
812 57
896 13
633 284
568 444
948 661
625 670
847 492
762 825
221 832
33 720
409 508
789 322
389 200
632 88
581 624
930 284
541 939
1000 577
554 369
364 681
648 240
671 180
565 218
332 533
796 168
840 695
694 588
388 921
910 114
706 228
868 556
712 622
911 962
874 971
739 551
601 460
385 732
319 198
536 506
651 354
432 271
911 938
900 66
185 814
189 638
513 68
238 171
43 334
11 146
236 129
953 882
16 341
301 594
433 251
89 161
45 431
848 762
589 560
706 946
492 241
409 892
793 761
1 81
813 44
101 945
299 879
73 489
126 6
336 845
561 709
388 273
541 517
441 521
686 821
809 913
555 613
478 211
26 902
1 772
947 501
145 21
545 477
681 438
905 541
185 819
566 345
975 216
197 561
833 521
231 595
387 611
66 759
833 905
128 465
825 591
17 649
867 89
563 178
764 757
313 270
89 481
926 71
923 675
554 369
705 21
912 396
400 966
857 800
121 63
991 694
957 397
103 818
812 201
853 713
11 661
503 101
189 313
952 686
949 374
823 451
445 696
795 464
478 217
813 395
11 961
163 959
122 103
583 171
289 102
688 431
381 931
651 834
431 627
501 520
631 1
785 547
681 342
929 22
511 21
483 293
225 713
776 633
173 521
471 29
706 449
254 311
53 498
201 605
617 501
553 1
449 425
704 235
843 181
893 3
767 737
873 674
135 113
221 369
225 199
241 367
175 540
577 457
803 34
909 346
321 140
418 632
578 97
613 391
333 746
510 385
341 508
441 418
696 763
91 303
197 928
241 961
521 177
506 438
820 101
581 34
491 957
889 413
58 677
741 428
9 471
843 1000
986 783
641 164
89 303
964 651
364 1000
402 21
441 23
811 595
171 521
839 327
239 9
853 477
369 625
301 657
685 634
401 769
367 7
973 809
776 669
69 287
738 175
452 173
301 56
919 58
432 81
301 600
652 479
606 665
711 644
906 67
570 249
41 543
911 182
489 92
719 129
817 881
833 413
377 51
960 791
857 701
41 389
501 359
39 871
622 601
14 483
699 789
320 41
177 776
463 367
63 931
3 421
901 1
393 678
801 503
768 540
807 208
701 956
689 31
473 549
356 276
401 814
471 26
1 102
73 784
646 873
61 317
773 561
149 921
921 425
246 581
409 915
349 275
466 364
282 901
161 585
881 221
79 969
716 973
972 611
281 806
197 521
6 850
949 367
901 416
341 761
57 988
682 440
760 671
661 273
951 265
408 885
61 189
367 909
257 979
341 601
229 703
267 475
569 241
513 121
846 677
125 170
301 836
964 407
521 575
899 503
369 371
124 769
834 37
989 545
526 77
851 713
471 489
687 954
399 772
606 389
393 431
76 485
762 276
281 888
375 397
833 928
301 745
821 474
81 505
948 133
136 505
451 441
310 952
482 32
138 881
413 311
401 171
491 499
349 834
297 663
195 481
911 997
877 536
130 927
665 638
841 757
915 383
965 869
133 517
913 219
82 416
949 71
426 9
880 193
456 144
1 329
957 361
721 45
14 637
703 417
446 681
158 185
381 799
557 945
906 251
331 336
508 747
639 787
781 241
617 741
889 295
677 849
887 714
151 209
297 729
569 539
878 305
387 101
357 466
58 1
721 156
501 192
339 942
697 667
2 117
559 585
421 676
471 501
601 953
953 461
287 192
566 221
808 461
241 457
9 101
105 503
938 256
342 799
865 417
207 601
305 826
817 1
299 607
267 391
225 17
233 105
937 672
479 222
121 737
305 130
575 833
347 449
322 70
971 205
1 721
721 285
489 603
71 369
921 369
5 782
209 745
186 461
433 978
751 510
433 135
324 626
541 673
331 691
841 955
166 561
806 187
51 119
25 95
321 81
681 901
621 33
875 311
581 551
868 165
661 65
18 97
175 881
549 948
961 331
396 793
881 963
783 571
271 799
809 807
342 891
479 276
186 13
813 798
281 381
116 505
778 389
625 97
445 256
577 921
291 962
179 376
978 818
721 573
281 391
880 273
361 119
641 841
509 426
149 553
897 987
206 408
41 73
601 817
809 326
588 715
777 953
572 385
867 921
735 270
886 472
633 41
391 862
651 781
980 938
781 410
580 17
235 737
379 56
286 433
561 717
836 475
751 49
36 135
114 73
957 446
465 471
219 81
26 401
421 170
129 768
176 1
287 101
31 801
46 928
342 247
733 173
47 263
73 112
154 896
459 22
212 992
61 305
289 124
741 393
269 849
113 291
776 700
735 551
113 941
361 191
532 1
41 401
914 52
132 529
929 736
206 393
516 553
659 206
935 896
41 372
17 704
75 601
695 425
810 425
619 443
7 245
113 637
183 569
561 776
911 251
537 734
705 453
745 272
551 769
383 745
1 180
461 565
65 241
793 469
481 296
157 447
951 881
397 778
265 946
830 123
949 229
588 815
966 217
67 985
251 774
969 2
879 978
857 717
81 619
429 113
660 921
290 153
365 35
794 770
557 801
351 254
948 709
509 201
691 132
40 617
852 602
232 381
125 421
521 861
223 905
109 281
631 787
191 981
191 41
617 572
229 204
729 723
581 1
801 344
866 937
731 624
525 50
761 403
101 845
321 761
813 489
37 371
964 8
271 841
181 847
809 17
1 657
833 18
444 458
583 525
77 519
349 519
324 868
627 126
903 551
481 722
491 233
41 549
471 232
716 419
401 521
726 355
601 153
385 466
853 49
101 763
770 995
253 301
619 354
555 67
605 113
553 746
649 411
70 306
985 582
224 161
221 1
382 861
39 221
525 908
311 827
495 876
113 563
189 249
201 701
626 38
741 260
300 33
459 657
614 345
231 857
241 851
644 861
912 649
624 649
176 423
377 85
729 824
462 951
571 91
469 726
925 73
1 897
943 901
557 469
131 851
573 693
2 879
926 941
585 780
416 685
241 271
249 461
413 542
95 289
971 426
33 49
327 735
982 469
587 342
447 815
681 507
122 461
645 512
377 501
529 951
610 869
657 313
326 737
455 819
534 386
460 581
41 235
163 303
430 143
491 577
881 633
552 45
761 71
355 857
313 322
378 36
181 921
465 561
726 497
841 625
170 578
409 505
414 307
913 233
929 946
521 615
909 394
223 702
381 626
494 797
53 592
809 807
474 617
109 305
948 737
877 248
937 657
729 15
605 2
252 249
408 125
125 717
837 41
946 143
653 649
53 793
173 87
705 304
623 533
159 476
937 344
102 1
600 764
697 576
383 251
231 13
307 999
383 402
257 713
1000 562
7 371
38 713
423 113
187 203
180 239
805 369
251 881
393 431
618 917
441 261
883 911
101 707
579 845
838 719
385 45
249 973
797 237
246 841
864 188
806 647
481 191
738 665
939 679
21 864
31 61
734 473
801 557
739 161
408 905
391 549
69 982
743 832
192 126
485 517
501 510
179 200
301 639
639 997
931 249
529 504
303 476
982 251
703 686
646 369
421 528
871 667
31 126
725 71
323 751
801 551
601 901
289 431
849 57
153 38
742 581
124 950
511 626
109 289
353 709
161 956
216 901
689 831
41 477
420 659
821 826
881 561
931 707
107 457
317 615
704 615
81 171
89 55
478 271
249 666
335 551
367 953
472 265
770 171
969 276
131 547
656 151
76 564
546 441
987 161
2 481
23 581
841 425
622 121
7 463
669 481
921 801
508 101
51 537
323 351
916 531
141 221
270 583
152 165
97 533
403 953
425 851
126 940
913 381
711 48
201 951
640 319
849 306
249 285
145 43
961 269
336 293
856 709
477 791
846 369
212 737
497 262
651 972
765 903
429 975
251 301
99 157
173 487
662 873
161 717
233 785
321 41
246 812
437 521
145 390
429 646
255 26
377 191
31 581
74 727
385 897
817 859
402 357
26 689
201 403
681 919
210 350
110 824
997 51
653 554
822 29
819 632
261 211
865 699
991 988
953 501
440 588
81 492
45 886
169 881
817 212
821 57
626 843
398 561
1 311
373 1
241 619
237 441
359 201
241 831
81 341
263 961
151 393
426 40
511 261
521 240
251 531
701 562
880 181
125 45
960 3
926 181
861 364
811 265
737 871
401 1
313 144
256 581
84 401
537 326
301 148
567 61
109 166
565 509
649 282
612 481
749 476
103 341
165 369
513 421
327 848
381 672
237 425
457 126
93 31
806 147
451 639
101 621
503 371
653 561
957 641
834 947
109 851
641 283
401 562
661 799
563 61
387 697
927 124
990 481
991 463
536 113
241 89
705 949
208 857
81 988
825 621
89 121
904 76
61 326
201 804
361 472
701 723
765 255
716 661
728 701
509 33
254 80
1 681
63 21
781 277
497 307
839 441
689 373
80 861
601 477
655 201
551 105
917 202
721 41
521 644
437 613
941 834
241 201
781 126
921 869
400 501
900 987
1 108
513 901
470 883
945 946
701 363
800 558
88 373
855 119
161 81
713 637
297 866
201 687
873 489
123 141
191 191
866 501
827 793
553 761
337 405
877 9
501 713
40 103
149 963
441 665
837 229
896 311
634 86
521 248
603 303
697 177
759 336
721 464
393 711
70 557
929 853
281 716
732 424
657 729
135 841
111 505
622 141
625 33
961 257
289 536
231 749
901 609
269 395
551 236
146 961
751 897
616 631
597 429
433 501
122 539
743 457
805 635
265 32
509 705
961 63
721 6
499 955
181 569
565 894
957 969
461 577
776 697
941 801
911 1
253 901
907 509
276 561
631 626
772 164
725 657
