1039695
1141334
759958
1282431
1136030
1164414
1085233
1397691
511419
674565
945525
1290197
523799
540490
536416
616722
637165
581024
1044361
1286593
897304
1256493
655878
1577921
712183
1393707
936397
1004888
1107474
261521
569995
1029827
1013727
1155854
870952
1312744
592141
1028401
670224
856381
870310
957526
1027972
833786
928727
313326
848133
715600
786204
790464
840566
521315
1070003
838185
1223875
1094179
1058830
1543884
894928
662834
571109
848893
1177355
1090457
917417
516108
1073512
894424
935100
1162033
1181809
1455758
903440
769520
1315857
612318
1282854
847198
790681
1059008
347485
1146934
1047496
722749
792328
742330
732634
1214355
584966
966216
971670
528059
377377
1158991
615963
1044595
744557
800484
1114285
907498
811517
935286
1044752
451727
794104
748442
1033361
771892
1399751
413841
586193
961980
864551
857573
52551
1028924
1254647
706180
1292168
815618
616720
977381
424489
491031
833652
1440252
932357
1006826
162189
285476
569565
281934
1172378
884583
534389
668352
809572
263277
526834
658411
1149208
732437
751468
1055249
666403
723906
1178491
671755
778122
777628
989257
1035651
595154
577159
870891
1318648
365031
924563
459712
1116368
973239
771108
1093640
767839
996335
1600785
436092
678921
773968
662834
359851
515006
938169
1286080
864203
897839
1543539
893166
1040151
787992
425305
556769
367948
629217
1135804
547675
1095743
679808
977675
579176
787567
624459
1061372
871781
968809
1186543
452849
345894
473899
955343
329991
1054010
756006
651668
958562
1300927
527808
912461
884323
1197475
820050
1529098
1122483
1089449
1554135
1181105
738464
1399861
713381
868746
1240659
532647
1303970
686470
530860
848696
1100244
1069135
722505
727607
847203
651901
899334
941917
625620
921406
1114914
437007
821125
480251
572150
1006192
741509
270847
574246
906048
1093363
1299188
871957
1027666
1051347
854572
1489722
1074791
690596
733275
943843
1515315
441962
896617
1050737
587428
1382452
908267
1148790
1167414
655146
1087661
810908
402175
695028
1215920
1166084
1459953
954573
100934
415066
1209695
996067
1231126
1190856
1529427
562408
791231
994677
722659
1113378
647822
269649
1192193
971185
1022997
1109934
838040
534879
900829
701486
743132
594748
587621
601744
1255960
605518
491055
1029644
766994
683294
1381168
553601
932346
812119
926020
857226
919053
695582
519361
284137
628727
967447
1295208
1146452
872467
679555
824899
1253135
579165
498254
715447
720955
340200
731777
657867
583913
694295
1041599
748667
707904
693733
444194
827183
961880
1011364
555166
1657402
1139540
757693
1029631
398805
551463
727963
707438
277544
355599
722511
740952
1050706
943203
1130255
763423
1399642
550887
840185
1261530
1322544
797588
800960
927794
1490830
997953
987223
821183
1018991
370270
1083269
1039886
920518
231656
1457006
202535
923177
911222
471985
892462
1160117
633398
1103376
1200900
642627
1207634
852783
537530
1047987
825331
625071
1147409
1005790
847740
849978
605176
805454
630414
1244557
764305
1268054
326704
839210
604626
939414
734101
676902
797264
198734
1374187
1098552
821465
1054941
529963
1044201
1161678
909833
446260
1311249
659586
537553
554654
987313
518961
872198
616912
1008803
1339092
1045040
424103
1338970
990632
1490426
746541
805709
1205544
1016750
678578
509007
811829
813300
898308
406134
469585
343137
1069406
559901
822274
1138880
1200616
1171200
1079763
697900
790965
789088
880244
544106
1066150
722957
455706
963264
496763
708970
1111835
932667
527549
1099268
283594
691304
621543
414239
1207992
680137
985818
939891
331985
869485
776419
926620
969982
792188
1406747
861445
1179261
779029
796879
910962
1256152
1148749
243308
361685
671486
574499
736757
1126127
959605
553208
868170
791838
1263052
759510
875594
866488
693948
1118682
304109
1112901
844239
661237
916167
1286241
584128
1304006
1644644
621022
838194
823213
860537
535546
965370
491125
224785
430843
431043
1215035
221794
710297
749282
571225
709760
1103239
623641
945408
849970
816244
928942
978054
373005
608886
1292299
819859
580304
605028
247197
1102787
402175
1152729
426628
213017
773091
334461
1315829
475698
996972
1076890
1381827
567478
500665
1107383
1085073
1445897
728106
791208
836869
520595
753673
1255424
484560
857150
971611
713207
1243946
880922
1238943
824690
1026302
1017943
540627
965095
462014
1494108
828329
366135
1073122
1287847
1387948
600248
698983
1553114
1098668
809267
1208595
531116
1171773
435876
1075400
703139
683218
966249
711956
964266
531454
494516
1226208
507614
750468
801171
838218
869953
973176
945204
838076
1125494
714678
573418
1211456
458701
543656
769616
906537
990202
990832
1189142
942026
621763
811779
1071465
850242
616912
1477400
1322788
1219221
635844
742321
331692
1643411
1022746
912587
479055
1005270
667924
736156
471985
1244060
1211713
1215630
464268
1179052
356036
837479
944579
726570
228005
1319846
1112633
465366
1560949
492409
1007315
671705
757969
1006474
853596
606634
904335
1189821
833243
1125120
1275098
495663
1362718
552488
299631
1538681
408196
499133
498501
1030035
1074791
835307
824676
739456
310055
290665
920892
787841
863456
649255
1277643
392463
685607
1237646
1301796
1143939
660542
894986
503685
606811
1134083
926193
626269
903545
785087
796027
1080610
1198298
1135440
571681
394983
988442
818058
929543
1390592
1169077
720624
992285
586569
890319
1360623
1321605
712849
1190625
858172
1055367
446458
527006
1035550
808692
733142
1650837
918904
1199070
1065863
484416
844661
767438
773713
711093
1182882
1135487
964776
632529
869325
1057016
919189
875715
858263
989680
1093729
631780
739152
593771
962327
1106949
919224
860860
749387
319517
1181424
674210
678222
918662
713502
1175129
1181594
1152948
1241086
959513
282268
995673
896994
858683
934287
724805
1033973
1043069
553294
1164501
487186
570936
974459
1071800
1336374
1337959
445579
729068
226819
694686
1110017
597281
803172
685918
987093
693608
415679
984939
1243530
1040310
697015
1077702
653955
515547
1167155
1020149
801272
821287
1131713
1111028
821928
642206
1134974
1054460
718199
662607
627254
751609
594267
1113591
358067
529188
928568
942133
986557
1303701
1415144
608820
872693
1162732
1352481
558581
1009595
652318
1013665
1025221
720818
545077
952915
706853
452306
819435
897291
864522
978029
572432
889283
1159997
588067
943062
663211
811651
545175
951771
628626
1526602
930730
1217329
450673
1246783
930935
704823
1260666
547195
995955
711645
961703
545223
760306
727906
780818
702734
1223871
820259
444622
543115
941519
1291546
902649
1391336
940035
787403
902217
485537
906244
635366
1098513
303849
939142
677608
939284
959263
786890
395508
1179223
797699
583795
380576
1166525
743475
420981
1333134
1056633
1243217
1304522
873722
910294
652647
678872
1333326
1033713
1194208
981283
1180885
619941
776468
1179370
437046
636285
763129
876793
903401
807527
880572
758392
845227
1257692
1209435
1304415
1161271
929725
1067910
846829
795630
837023
1201545
680915
1006663
1080901
1644644
956704
919259
1222527
1227535
388769
510006
955006
1027915
1143753
788460
633925
549753
581340
952102
564710
975125
747495
398185
868432
1397255
364689
677959
1358788
1263013
767271
1005099
1301641
601044
184269
685462
688130
799875
1090578
1425588
591434
735843
540352
969163
584130
866512
421621
551481
963769
410544
1190487
638025
812086
662652
1697014
687309
832138
1093692
627720
1312838
673078
1074012
691384
834013
1401370
