540 1
76 1
297 1
639 1
154 1
26 1
128 1
360 1
79 1
71 1
39 1
27 1
39 1
11 1
5 1
354 1
98 1
520 1
8 1
100 1
315 1
105 1
706 1
443 1
165 1
4 1
283 1
176 1
66 1
109 1
0 1
20 1
136 1
320 1
70 1
78 1
4 1
171 1
529 1
45 1
92 1
293 1
496 1
0 1
130 1
154 1
21 1
188 1
361 1
9 1
168 1
211 1
110 1
29 1
372 1
110 1
20 1
159 1
614 1
45 1
10 1
142 1
213 1
687 1
215 1
90 1
542 1
252 1
128 1
159 1
82 1
156 1
34 1
838 1
24 1
16 1
230 1
2 1
142 1
56 1
120 1
577 1
59 1
180 1
477 1
324 1
0 1
176 1
300 1
787 1
184 1
568 1
102 1
178 1
36 1
64 1
427 1
304 1
678 1
388 1
525 1
68 1
33 1
175 1
0 1
786 1
174 1
3 1
452 1
427 1
326 1
495 1
816 1
220 1
33 1
189 1
340 1
44 1
269 1
605 1
634 1
92 1
147 1
176 1
492 1
312 1
273 1
74 1
679 1
385 1
162 1
368 1
258 1
78 1
528 1
452 1
77 1
463 1
3 1
159 1
57 1
66 1
588 1
36 1
354 1
444 1
156 1
533 1
554 1
32 1
186 1
146 1
110 1
81 1
400 1
124 1
236 1
231 1
361 1
294 1
416 1
560 1
524 1
304 1
219 1
723 1
266 1
194 1
406 1
680 1
17 1
100 1
35 1
376 1
768 1
164 1
188 1
672 1
184 1
48 1
174 1
215 1
433 1
702 1
0 1
135 1
662 1
208 1
419 1
36 1
863 1
282 1
20 1
271 1
119 1
44 1
477 1
21 1
164 1
78 1
267 1
213 1
304 1
156 1
472 1
194 1
450 1
77 1
0 1
18 1
16 1
268 1
104 1
96 1
452 1
149 1
10 1
693 1
257 1
6 1
304 1
68 1
404 1
374 1
174 1
328 1
584 1
319 1
21 1
360 1
328 1
891 1
128 1
406 1
780 1
28 1
63 1
381 1
76 1
156 1
312 1
129 1
87 1
84 1
235 1
442 1
177 1
157 1
23 1
210 1
302 1
305 1
372 1
189 1
517 1
237 1
548 1
464 1
936 1
396 1
291 1
186 1
88 1
16 1
676 1
54 1
331 1
3 1
225 1
253 1
6 1
846 1
49 1
736 1
0 1
947 1
10 1
100 1
592 1
334 1
838 1
105 1
138 1
220 1
24 1
32 1
803 1
573 1
302 1
78 1
140 1
188 1
287 1
711 1
98 1
368 1
384 1
622 1
4 1
314 1
35 1
372 1
520 1
54 1
770 1
289 1
558 1
482 1
534 1
13 1
124 1
21 1
3 1
84 1
138 1
319 1
49 1
102 1
387 1
106 1
0 1
178 1
192 1
86 1
266 1
336 1
114 1
24 1
330 1
672 1
136 1
22 1
204 1
330 1
409 1
579 1
216 1
800 1
22 1
84 1
698 1
294 1
161 1
177 1
512 1
338 1
232 1
343 1
140 1
432 1
212 1
51 1
72 1
19 1
99 1
26 1
68 1
13 1
234 1
704 1
632 1
65 1
477 1
76 1
804 1
19 1
121 1
468 1
70 1
594 1
924 1
20 1
518 1
35 1
200 1
255 1
342 1
0 1
581 1
273 1
186 1
68 1
492 1
87 1
160 1
346 1
119 1
348 1
84 1
0 1
138 1
26 1
588 1
226 1
132 1
850 1
302 1
92 1
258 1
138 1
585 1
48 1
140 1
18 1
189 1
167 1
35 1
17 1
511 1
332 1
0 1
238 1
686 1
162 1
14 1
726 1
75 1
25 1
374 1
700 1
269 1
0 1
504 1
170 1
262 1
76 1
588 1
0 1
92 1
528 1
103 1
185 1
16 1
195 1
17 1
444 1
758 1
63 1
823 1
116 1
39 1
386 1
454 1
8 1
633 1
336 1
278 1
310 1
129 1
271 1
136 1
36 1
21 1
6 1
140 1
100 1
243 1
58 1
65 1
90 1
600 1
599 1
207 1
78 1
18 1
398 1
219 1
122 1
248 1
587 1
3 1
796 1
578 1
607 1
190 1
164 1
415 1
353 1
186 1
494 1
44 1
148 1
719 1
9 1
30 1
26 1
462 1
187 1
433 1
107 1
290 1
210 1
176 1
92 1
260 1
30 1
30 1
88 1
51 1
412 1
51 1
71 1
215 1
23 1
67 1
351 1
46 1
467 1
454 1
6 1
300 1
42 1
289 1
513 1
254 1
164 1
365 1
230 1
37 1
395 1
340 1
118 1
528 1
74 1
336 1
166 1
36 1
238 1
384 1
294 1
108 1
100 1
642 1
19 1
273 1
8 1
230 1
99 1
173 1
129 1
21 1
376 1
11 1
474 1
139 1
123 1
194 1
337 1
180 1
2 1
544 1
0 1
513 1
30 1
198 1
534 1
792 1
468 1
20 1
50 1
589 1
23 1
164 1
102 1
48 1
72 1
176 1
176 1
427 1
866 1
300 1
191 1
78 1
836 1
624 1
10 1
138 1
0 1
44 1
0 1
203 1
9 1
69 1
164 1
24 1
75 1
32 1
8 1
24 1
18 1
165 1
154 1
126 1
448 1
703 1
168 1
342 1
114 1
468 1
30 1
200 1
140 1
124 1
706 1
581 1
148 1
428 1
91 1
211 1
140 1
763 1
456 1
16 1
253 1
850 1
405 1
231 1
606 1
164 1
394 1
306 1
338 1
99 1
132 1
18 1
18 1
79 1
137 1
594 1
570 1
594 1
241 1
580 1
83 1
501 1
490 1
21 1
57 1
74 1
660 1
234 1
41 1
102 1
15 1
66 1
68 1
16 1
0 1
475 1
274 1
51 1
224 1
70 1
41 1
266 1
2 1
493 1
36 1
241 1
182 1
78 1
43 1
872 1
463 1
150 1
426 1
388 1
176 1
5 1
166 1
294 1
31 1
60 1
756 1
624 1
75 1
372 1
382 1
548 1
70 1
608 1
52 1
411 1
695 1
307 1
623 1
118 1
99 1
74 1
312 1
40 1
228 1
55 1
78 1
352 1
100 1
119 1
18 1
108 1
467 1
323 1
0 1
58 1
801 1
687 1
498 1
4 1
102 1
427 1
341 1
108 1
292 1
87 1
10 1
180 1
165 1
820 1
349 1
312 1
83 1
0 1
261 1
529 1
186 1
121 1
81 1
543 1
301 1
148 1
32 1
70 1
109 1
261 1
347 1
290 1
173 1
538 1
17 1
26 1
372 1
10 1
115 1
197 1
105 1
450 1
7 1
30 1
868 1
86 1
62 1
106 1
121 1
840 1
232 1
69 1
80 1
667 1
14 1
238 1
310 1
426 1
98 1
868 1
476 1
785 1
195 1
104 1
14 1
307 1
637 1
201 1
248 1
149 1
56 1
280 1
522 1
163 1
152 1
4 1
240 1
12 1
47 1
24 1
11 1
32 1
454 1
490 1
364 1
742 1
88 1
30 1
256 1
171 1
114 1
262 1
212 1
280 1
384 1
2 1
408 1
372 1
668 1
43 1
374 1
512 1
78 1
42 1
24 1
72 1
21 1
153 1
596 1
368 1
784 1
188 1
46 1
39 1
808 1
82 1
60 1
284 1
417 1
384 1
280 1
33 1
255 1
140 1
44 1
364 1
49 1
383 1
405 1
30 1
16 1
480 1
10 1
92 1
674 1
156 1
55 1
516 1
308 1
14 1
216 1
94 1
286 1
722 1
301 1
188 1
400 1
62 1
336 1
130 1
233 1
0 1
380 1
314 1
54 1
101 1
295 1
263 1
463 1
4 1
656 1
294 1
172 1
256 1
28 1
14 1
257 1
702 1
59 1
620 1
177 1
96 1
266 1
252 1
469 1
411 1
0 1
543 1
9 1
104 1
321 1
436 1
38 1
102 1
479 1
370 1
28 1
23 1
147 1
36 1
30 1
570 1
68 1
104 1
12 1
72 1
4 1
296 1
98 1
508 1
16 1
183 1
383 1
332 1
792 1
60 1
256 1
222 1
47 1
371 1
84 1
7 1
271 1
0 1
407 1
337 1
88 1
12 1
570 1
504 1
588 1
10 1
357 1
42 1
63 1
261 1
136 1
82 1
644 1
131 1
348 1
325 1
94 1
171 1
404 1
18 1
276 1
401 1
62 1
253 1
48 1
378 1
26 1
164 1
256 1
220 1
181 1
578 1
113 1
0 1
203 1
51 1
36 1
349 1
220 1
634 1
120 1
98 1
168 1
111 1
44 1
4 1
192 1
6 1
322 1
884 1
166 1
4 1
630 1
828 1
287 1
1 1
366 1
155 1
255 1
112 1
164 1
106 1
153 1
96 1
239 1
486 1
442 1
208 1
114 1
68 1
56 1
64 1
330 1
425 1
392 1
150 1
76 1
240 1
60 1
204 1
321 1
296 1
202 1
158 1
792 1
452 1
56 1
53 1
166 1
37 1
992 1
546 1
201 1
144 1
274 1
112 1
463 1
667 1
9 1
379 1
30 1
134 1
177 1
290 1
146 1
12 1
110 1
358 1
352 1
7 1
214 1
117 1
498 1
296 1
170 1
390 1
210 1
407 1
300 1
296 1
12 1
436 1
168 1
494 1
444 1
198 1
356 1
248 1
896 1
565 1
268 1
404 1
123 1
558 1
528 1
240 1
548 1
640 1
748 1
156 1
284 1
16 1
536 1
400 1
173 1
136 1
154 1
301 1
560 1
220 1
71 1
237 1
72 1
666 1
190 1
450 1
135 1
245 1
220 1
210 1
224 1
126 1
32 1
33 1
186 1
3 1
273 1
432 1
0 1
16 1
51 1
466 1
245 1
224 1
0 1
84 1
25 1
390 1
42 1
12 1
38 1
144 1
711 1
51 1
476 1
436 1
366 1
69 1
591 1
90 1
48 1
512 1
336 1
168 1
343 1
243 1
15 1
288 1
452 1
314 1
624 1
39 1
442 1
89 1
78 1
644 1
538 1
112 1
84 1
398 1
50 1
34 1
170 1
310 1
146 1
385 1
236 1
777 1
119 1
10 1
732 1
74 1
231 1
213 1
108 1
517 1
376 1
163 1
594 1
412 1
389 1
400 1
127 1
532 1
636 1
21 1
495 1
27 1
760 1
45 1
769 1
165 1
135 1
429 1
505 1
33 1
102 1
576 1
298 1
246 1
26 1
573 1
416 1
256 1
164 1
80 1
3 1
352 1
720 1
28 1
360 1
492 1
43 1
42 1
436 1
102 1
111 1
345 1
235 1
157 1
365 1
94 1
32 1
440 1
37 1
64 1
373 1
105 1
488 1
146 1
55 1
345 1
495 1
94 1
4 1
241 1
484 1
84 1
124 1
342 1
184 1
348 1
192 1
468 1
128 1
23 1
2 1
224 1
232 1
1 1
108 1
30 1
674 1
400 1
670 1
144 1
82 1
0 1
154 1
188 1
502 1
94 1
5 1
232 1
168 1
8 1
76 1
326 1
84 1
572 1
0 1
232 1
448 1
12 1
62 1
245 1
224 1
870 1
892 1
66 1
630 1
282 1
520 1
146 1
110 1
47 1
2 1
281 1
69 1
0 1
46 1
159 1
480 1
269 1
2 1
56 1
456 1
110 1
76 1
16 1
446 1
8 1
76 1
529 1
504 1
358 1
63 1
120 1
92 1
390 1
79 1
218 1
142 1
28 1
261 1
0 1
30 1
410 1
206 1
254 1
50 1
116 1
656 1
122 1
59 1
285 1
912 1
336 1
522 1
49 1
251 1
60 1
285 1
66 1
212 1
108 1
363 1
354 1
0 1
1 1
668 1
308 1
10 1
4 1
89 1
122 1
249 1
540 1
10 1
232 1
558 1
128 1
241 1
585 1
6 1
0 1
112 1
960 1
297 1
13 1
147 1
254 1
50 1
617 1
16 1
724 1
167 1
265 1
240 1
30 1
84 1
712 1
661 1
0 1
196 1
95 1
220 1
49 1
464 1
61 1
22 1
468 1
8 1
834 1
52 1
44 1
364 1
42 1
46 1
81 1
146 1
194 1
252 1
71 1
19 1
510 1
2 1
244 1
148 1
116 1
0 1
12 1
126 1
90 1
84 1
28 1
210 1
336 1
820 1
459 1
213 1
702 1
238 1
204 1
25 1
381 1
532 1
22 1
240 1
102 1
42 1
241 1
342 1
12 1
448 1
173 1
45 1
248 1
12 1
36 1
771 1
145 1
159 1
76 1
361 1
294 1
38 1
332 1
80 1
6 1
183 1
678 1
407 1
110 1
0 1
40 1
6 1
616 1
511 1
602 1
113 1
130 1
230 1
154 1
792 1
61 1
38 1
786 1
78 1
0 1
342 1
254 1
234 1
341 1
159 1
0 1
539 1
103 1
15 1
698 1
481 1
13 1
72 1
602 1
228 1
0 1
554 1
88 1
168 1
812 2
200 1
156 1
568 1
220 1
721 1
100 1
374 1
234 1
312 1
51 1
852 1
470 1
20 1
420 1
17 1
42 1
194 1
90 1
169 1
3 1
134 1
462 1
148 1
438 1
392 1
84 1
592 1
228 1
508 1
168 1
18 1
40 1
48 1
779 1
16 1
0 1
832 1
268 1
380 1
259 1
576 1
481 1
235 1
608 1
382 1
708 1
12 1
16 1
26 1
20 1
576 1
611 1
304 1
99 1
14 1
630 1
220 1
195 1
452 1
524 1
188 1
546 1
86 1
232 1
192 1
570 1
324 1
326 1
255 1
796 1
102 1
65 1
382 1
91 1
367 1
298 1
22 1
304 1
243 1
698 1
88 1
62 1
150 1
65 1
189 1
107 1
532 1
760 1
26 1
162 1
266 1
287 1
326 1
125 1
595 1
36 1
14 1
188 1
261 1
10 1
324 1
389 1
60 1
60 1
172 1
6 1
32 1
234 1
722 1
129 1
314 1
70 1
216 1
40 1
148 1
0 1
41 1
359 1
640 1
187 1
300 1
21 1
70 1
156 1
483 1
177 1
475 1
1 1
114 1
35 1
638 1
54 1
63 1
174 1
13 1
614 1
68 1
24 1
77 1
67 1
170 1
149 1
232 1
166 1
198 1
28 1
144 1
225 1
45 1
377 1
240 1
285 1
684 1
566 1
452 1
289 1
258 1
65 1
96 1
950 1
64 1
360 1
242 1
300 1
352 1
67 1
50 1
5 1
196 1
336 1
63 1
257 1
169 1
102 1
34 1
240 1
31 1
19 1
75 1
0 1
78 1
147 1
437 1
465 1
156 1
96 1
585 1
148 1
401 1
154 1
667 1
40 1
0 1
131 1
505 1
123 1
782 1
55 1
588 1
331 1
14 1
494 1
286 1
215 1
5 1
385 1
120 1
562 1
460 1
161 1
116 1
386 1
288 1
20 1
106 1
9 1
227 1
75 1
74 1
180 1
512 1
320 1
104 1
75 1
0 1
115 1
27 1
150 1
120 1
48 1
812 1
391 1
39 1
284 1
21 1
152 1
168 1
28 1
235 1
474 1
124 1
248 1
27 1
132 1
84 1
401 1
4 1
185 1
233 1
150 1
314 1
88 1
76 1
92 1
17 1
68 1
118 1
374 1
4 1
71 1
200 1
48 1
51 1
640 1
143 1
244 1
108 1
665 1
117 1
615 1
42 1
518 1
345 1
438 1
176 1
369 1
190 1
595 1
187 1
406 1
75 1
662 1
126 1
38 1
361 1
42 1
431 1
0 1
709 1
3 1
365 1
7 1
4 1
34 1
179 1
345 1
92 1
44 1
714 1
284 1
371 1
121 1
60 1
192 1
766 1
11 1
466 1
604 1
576 1
242 1
490 1
36 1
81 1
80 1
382 1
162 1
147 1
106 1
91 1
16 1
27 1
21 1
357 1
455 1
822 1
89 1
84 1
45 1
438 1
45 1
181 1
52 1
3 1
85 1
127 1
259 1
630 1
94 1
63 1
24 1
410 1
0 1
173 1
427 1
214 1
0 1
422 1
684 1
174 1
334 1
0 1
483 1
9 1
2 1
580 1
152 1
40 1
0 1
290 1
282 1
202 1
396 1
166 1
98 1
3 1
324 1
82 1
272 1
112 1
50 1
195 1
185 1
510 1
109 1
322 1
20 1
28 1
105 1
16 1
98 1
8 1
334 1
10 1
12 1
533 1
108 1
81 1
120 1
268 1
54 1
48 1
60 1
79 1
542 1
342 1
686 1
717 1
100 1
14 1
702 1
168 1
120 1
102 1
560 1
75 1
55 1
36 1
796 1
634 1
464 1
6 1
309 1
32 1
466 1
146 1
74 1
51 1
65 1
0 1
42 1
42 1
66 1
17 1
122 1
398 1
311 1
36 1
494 1
228 1
1 1
208 1
360 1
84 1
40 1
53 1
600 1
436 1
17 1
86 1
596 1
240 1
220 1
688 1
398 1
196 1
100 1
700 1
257 1
66 1
649 1
47 1
10 1
845 1
192 1
145 1
0 1
86 1
110 1
26 1
22 1
531 1
75 1
24 1
90 1
164 1
468 1
22 1
701 1
245 1
503 1
109 1
73 1
417 1
385 1
387 1
115 1
208 1
495 1
78 1
400 1
229 1
763 1
20 1
60 1
388 1
30 1
231 1
248 1
36 1
23 1
16 1
903 1
38 1
356 1
68 1
409 1
148 1
101 1
270 1
455 1
335 1
62 1
13 1
358 1
114 1
42 1
348 1
60 1
104 1
190 1
534 1
5 1
342 1
62 1
104 1
522 1
168 1
0 1
297 1
210 1
478 1
94 1
210 1
18 1
0 1
808 1
30 1
625 1
144 1
56 1
293 1
444 1
344 1
752 1
16 1
336 1
119 1
293 1
105 1
120 1
14 1
510 1
442 1
547 1
165 1
511 1
238 1
153 1
18 1
165 1
18 1
337 1
568 1
452 1
224 1
222 1
193 1
72 1
437 1
616 1
138 1
86 1
420 1
773 1
590 1
162 1
330 1
76 1
67 1
354 1
216 1
32 1
299 1
519 1
958 1
205 1
6 1
414 1
285 1
184 1
12 1
292 1
175 1
191 1
312 1
364 1
567 1
19 1
741 1
120 1
94 1
8 1
44 1
17 1
411 1
238 1
86 1
458 1
0 1
92 1
44 1
20 1
468 1
62 1
144 1
772 1
50 1
32 1
354 1
5 1
436 1
508 1
338 1
28 1
98 1
84 1
144 1
80 1
55 1
133 1
6 1
10 1
632 1
99 1
3 1
124 1
76 1
90 1
82 1
455 1
199 1
281 1
252 1
164 1
1 1
99 1
126 1
0 1
242 1
411 1
32 1
180 1
494 1
100 1
161 1
33 1
50 1
801 1
32 1
0 1
162 1
224 1
200 1
7 1
60 1
573 1
288 1
191 1
42 1
424 1
444 1
222 1
137 1
94 1
209 1
228 1
35 1
372 1
4 1
61 1
320 1
20 1
2 1
147 1
820 1
0 1
80 1
81 1
0 1
297 1
752 1
350 1
368 1
484 1
385 1
162 1
139 1
40 1
330 1
567 1
566 1
112 1
65 1
0 1
38 1
67 1
88 1
523 1
47 1
114 1
58 1
109 1
294 1
718 1
18 1
620 1
432 1
46 1
0 1
220 1
208 1
228 1
700 1
39 1
2 1
414 1
398 1
348 1
787 1
385 1
520 1
6 1
1 1
88 1
200 1
156 1
36 1
27 1
284 1
320 1
118 1
64 1
297 1
210 1
103 1
534 1
461 1
108 1
290 1
548 1
24 1
105 1
86 1
322 1
170 1
298 1
368 1
367 1
591 1
135 1
57 1
203 1
270 1
515 1
447 1
135 1
103 1
18 1
0 1
0 1
171 1
418 1
201 1
19 1
345 1
18 1
850 1
68 1
265 1
250 1
74 1
146 1
4 1
236 1
704 1
210 1
47 1
424 1
405 1
122 1
175 1
148 1
6 1
0 1
387 1
308 1
32 1
92 1
184 1
588 1
490 1
133 1
534 1
136 1
309 1
118 1
350 1
22 1
66 1
193 1
72 1
4 1
354 1
372 1
468 1
128 1
275 1
76 1
96 1
77 1
174 1
278 1
76 1
20 1
39 1
688 1
370 1
62 1
330 1
811 1
504 1
434 1
312 1
664 1
84 1
38 1
218 1
76 1
144 1
236 1
237 1
102 1
454 1
80 1
353 1
300 1
117 1
480 1
407 1
500 1
10 1
462 1
136 1
315 1
146 1
154 1
43 1
24 1
347 1
284 1
519 1
28 1
190 1
276 1
39 1
755 1
84 1
56 1
8 1
150 1
168 1
236 1
504 1
533 1
205 1
826 1
24 1
360 1
140 1
4 1
106 1
16 1
938 1
626 1
222 1
6 1
147 1
88 1
110 1
224 1
210 1
18 1
414 1
310 1
0 1
312 1
104 1
377 1
292 1
763 1
175 1
355 1
14 1
8 1
99 1
378 1
65 1
420 1
410 1
260 1
302 1
662 1
603 1
280 1
78 1
280 1
161 1
432 1
534 1
390 1
166 1
8 1
91 1
802 1
594 1
12 1
71 1
70 1
92 1
192 1
80 1
557 1
296 1
469 1
18 1
21 1
48 1
21 1
618 1
834 1
458 1
288 1
28 1
84 1
18 1
115 1
39 1
108 1
387 1
718 1
192 1
208 1
504 1
93 1
507 1
136 1
176 1
68 1
357 1
729 1
384 1
580 1
10 1
388 1
380 1
336 1
31 1
74 1
367 1
345 1
0 1
280 1
216 1
164 1
407 1
106 1
19 1
157 1
240 1
899 1
638 1
11 1
396 1
100 1
684 1
166 1
70 1
24 1
349 1
273 1
290 1
144 1
280 1
25 1
281 1
406 1
282 1
1 1
145 1
48 1
469 1
388 1
26 1
66 1
132 1
339 1
220 1
27 1
2 1
648 1
295 1
54 1
600 1
94 1
108 1
176 1
274 1
11 1
513 1
400 1
30 1
68 1
46 1
4 1
300 1
134 1
120 1
496 1
326 1
0 1
162 1
130 1
10 1
247 1
270 1
110 1
189 1
167 1
696 1
260 1
168 1
451 1
34 1
95 1
88 1
145 1
140 1
102 1
259 1
200 1
146 1
813 1
292 1
10 1
9 1
825 1
9 1
530 1
390 1
0 1
73 1
256 1
84 1
80 1
144 1
226 1
668 1
58 1
374 1
160 1
256 1
6 1
5 1
11 1
175 1
249 1
252 1
325 1
0 1
734 1
308 1
126 1
507 1
18 1
0 1
254 1
201 1
81 1
278 1
168 1
114 1
348 1
452 1
91 1
66 1
85 1
72 1
294 1
138 1
490 1
341 1
546 1
178 1
160 1
492 1
220 1
84 1
63 1
96 1
10 1
12 1
83 1
88 1
217 1
441 1
432 1
358 1
12 1
149 1
504 1
662 1
60 1
136 1
28 1
170 1
136 1
538 1
63 1
216 1
140 1
546 1
148 1
2 1
58 1
354 1
426 1
212 1
16 1
72 1
19 1
498 1
28 1
737 1
517 1
176 1
325 1
82 1
99 1
98 1
188 1
116 1
295 1
80 1
437 1
42 1
725 1
76 1
709 1
92 1
410 1
90 1
8 1
124 1
280 1
455 1
186 1
207 1
316 1
22 1
106 1
488 1
708 2
502 1
132 1
0 1
42 1
3 1
404 1
550 1
396 1
861 2
419 1
554 1
600 1
840 1
76 1
37 1
45 1
295 1
462 1
580 1
42 1
130 1
66 1
678 1
194 1
514 1
134 1
493 1
464 1
77 1
584 1
21 1
740 1
478 1
684 1
396 1
0 1
518 1
208 1
662 1
181 1
315 1
95 1
290 1
830 1
0 1
22 1
328 1
0 1
381 1
143 1
692 1
11 1
224 1
200 1
76 1
264 1
100 1
258 1
104 1
54 1
299 1
225 1
227 1
108 1
69 1
132 1
46 1
532 1
680 1
22 1
86 1
13 1
28 1
208 1
637 1
175 1
180 1
36 1
0 1
578 1
364 1
16 1
364 1
188 1
695 1
198 1
150 1
203 1
316 1
200 1
488 1
275 1
684 1
496 1
620 1
355 1
36 1
0 1
0 1
119 1
124 1
129 1
66 1
270 1
842 1
100 1
316 1
468 1
691 1
244 1
525 1
92 1
788 1
400 1
160 1
276 1
164 1
170 1
530 1
76 1
18 1
514 1
262 1
243 1
114 1
559 1
0 1
32 1
520 1
13 1
150 1
126 1
68 1
294 1
502 1
241 1
242 1
123 1
68 1
445 1
35 1
931 2
561 1
66 1
635 1
110 1
375 1
110 1
372 1
312 1
0 1
699 1
321 1
463 1
81 1
195 1
54 1
22 1
121 1
2 1
416 1
13 1
638 1
143 1
79 1
12 1
523 1
165 1
87 1
63 1
0 1
266 1
24 1
751 1
541 1
708 1
32 1
690 1
40 1
74 1
70 1
462 1
208 1
219 1
18 1
232 1
327 1
78 1
114 1
32 1
492 1
109 1
102 1
257 1
372 1
299 1
95 1
617 1
610 1
664 1
207 1
6 1
60 1
284 1
667 1
616 1
153 1
98 1
0 1
36 1
32 1
33 1
44 1
30 1
162 1
252 1
140 1
756 1
33 1
589 1
910 1
294 1
298 1
302 1
337 1
75 1
269 1
17 1
460 1
14 1
96 1
393 1
0 1
75 1
678 1
414 1
254 1
130 1
696 1
381 1
131 1
336 1
5 1
594 1
12 1
20 1
90 1
660 1
948 1
105 1
271 1
95 1
308 1
608 1
602 1
198 1
12 1
340 1
397 1
406 1
437 1
265 1
7 1
163 1
870 1
648 1
143 1
190 1
382 1
430 1
652 1
60 1
89 1
272 1
24 1
212 1
150 1
292 1
269 1
48 1
494 1
154 1
156 1
36 1
100 1
132 1
412 1
128 1
42 1
320 1
348 1
255 1
237 1
385 1
224 1
564 1
384 1
510 1
164 1
482 1
255 1
246 1
294 1
266 1
268 1
170 1
812 1
77 1
46 1
44 1
7 1
64 1
108 1
176 1
21 1
118 1
2 1
324 1
205 1
310 1
398 1
736 1
406 1
416 1
54 1
23 1
78 1
606 1
126 1
694 1
525 1
348 1
247 1
246 1
82 1
62 1
93 1
762 1
300 1
617 1
55 1
68 1
54 1
276 1
526 1
492 1
641 1
631 1
180 1
343 1
825 1
111 1
208 1
238 1
800 1
5 1
64 1
41 1
36 1
21 1
731 1
120 1
686 1
180 1
264 1
155 1
309 1
451 1
497 1
8 1
212 1
38 1
150 1
616 1
193 1
148 1
261 1
483 1
656 1
77 1
658 1
336 1
245 1
493 1
279 1
135 1
456 1
53 1
52 1
440 1
293 1
180 1
540 1
134 1
13 1
322 1
15 1
517 1
854 1
546 1
85 1
846 1
31 1
352 1
307 1
99 1
291 1
223 1
121 1
28 1
113 1
106 1
446 1
5 1
141 1
440 1
716 1
715 1
218 1
540 1
38 1
416 1
120 1
536 1
481 1
536 1
380 1
262 1
164 1
312 1
68 1
560 1
238 1
322 1
88 1
183 1
49 1
3 1
479 1
231 1
195 1
81 1
176 1
355 1
611 1
120 1
120 1
448 1
107 1
60 1
456 1
30 1
312 1
236 1
161 1
744 1
77 1
512 1
26 1
3 1
275 1
202 1
27 1
106 1
90 1
518 1
728 1
16 1
302 1
392 1
329 1
64 1
119 1
283 1
319 1
108 1
34 1
518 1
600 1
228 1
72 1
703 1
126 1
217 1
407 1
20 1
457 1
7 1
12 1
272 1
209 1
231 1
60 1
194 1
35 1
65 1
349 1
60 1
599 1
42 1
107 1
525 1
235 1
336 1
278 1
36 1
214 1
95 1
362 1
174 1
33 1
645 1
71 1
128 1
13 1
199 1
358 1
472 1
54 1
102 1
383 1
0 1
200 1
284 1
520 1
60 1
206 1
214 1
16 1
81 1
4 1
256 1
274 1
166 1
168 1
452 1
52 1
272 1
4 1
142 1
362 1
397 1
328 1
87 1
164 1
208 1
602 1
180 1
171 1
688 1
123 1
304 1
338 1
98 1
642 1
32 1
738 1
256 1
59 1
21 1
37 1
39 1
614 1
208 1
14 1
784 1
442 1
413 1
180 1
180 1
197 1
418 1
48 1
46 1
140 1
348 1
444 1
300 1
687 1
115 1
804 1
4 1
341 1
108 1
264 1
137 1
448 1
62 1
319 1
161 1
110 1
4 1
466 1
71 1
71 1
198 1
0 1
4 1
339 1
341 1
40 1
356 1
63 1
378 1
104 1
32 1
118 1
113 1
844 1
42 1
60 1
190 1
216 1
34 1
72 1
39 1
40 1
44 1
530 1
812 1
152 1
554 1
88 1
108 1
68 1
320 1
204 1
770 1
340 1
138 1
104 1
699 1
557 1
455 1
135 1
14 1
112 1
12 1
448 1
615 1
42 1
156 1
43 1
766 1
154 1
172 1
312 1
296 1
153 1
420 1
73 1
424 1
227 1
124 1
140 1
486 1
345 1
33 1
772 1
15 1
138 1
296 1
12 1
18 1
61 1
50 1
40 1
751 1
536 1
14 1
290 1
114 1
16 1
71 1
330 1
297 1
50 1
130 1
292 1
95 1
732 1
298 1
100 1
159 1
168 1
78 1
168 1
588 1
420 1
130 1
873 1
540 1
74 1
96 1
155 1
639 1
154 1
175 1
342 1
352 1
192 1
552 1
64 1
102 1
286 1
639 1
76 1
424 1
435 1
924 1
42 1
200 1
141 1
80 1
34 1
20 1
104 1
436 1
98 1
20 1
572 1
283 1
132 1
0 1
111 1
429 1
98 1
30 1
528 1
60 1
153 1
161 1
858 1
105 1
74 1
368 1
352 1
264 1
542 1
524 1
161 1
222 1
38 1
242 1
191 1
180 1
134 1
176 1
20 1
369 1
196 1
306 1
584 1
58 1
133 1
51 1
22 1
520 1
38 1
92 1
420 1
210 1
60 1
56 1
102 1
234 1
18 1
171 1
338 1
664 1
30 1
80 1
675 1
12 1
272 1
253 1
448 1
38 1
847 1
834 1
86 1
441 1
212 1
864 1
22 1
838 1
297 1
46 1
212 1
15 1
160 1
212 1
153 1
294 1
305 1
120 1
189 1
648 1
284 1
175 1
4 1
206 1
2 1
328 1
80 1
610 1
21 1
192 1
41 1
292 1
100 1
205 1
92 1
272 1
22 1
460 1
621 1
10 1
183 1
322 1
284 1
11 1
495 1
391 1
378 1
0 1
32 1
350 1
146 1
212 1
176 1
330 1
107 1
130 1
297 1
446 1
45 1
63 1
39 1
46 1
642 1
129 1
113 1
41 1
117 1
348 1
388 1
8 1
633 1
589 1
512 1
693 1
73 1
16 1
11 1
236 1
326 1
812 1
32 1
65 1
0 1
60 1
135 1
893 1
205 1
409 1
111 1
537 1
190 1
500 1
56 1
163 1
105 1
168 1
40 1
12 1
183 1
461 1
22 1
11 1
38 1
28 1
416 1
365 1
392 1
172 1
24 1
347 1
152 1
51 1
119 1
136 1
370 1
6 1
0 1
195 1
178 1
115 1
14 1
18 1
602 1
386 1
8 1
162 1
173 1
82 1
163 1
110 1
340 1
10 1
311 1
133 1
568 1
18 1
330 1
95 1
114 1
66 1
109 1
316 1
0 1
44 1
158 1
16 1
107 1
392 1
99 1
24 1
228 1
84 1
85 1
163 1
12 1
57 1
0 1
74 1
108 1
8 1
184 1
148 1
34 1
491 1
223 1
812 1
398 1
170 1
0 1
400 1
276 1
125 1
356 1
13 1
206 1
0 1
30 1
20 1
20 1
72 1
8 1
136 1
84 1
24 1
650 1
592 1
330 1
24 1
180 1
192 1
184 1
35 1
438 1
376 1
0 1
108 1
8 1
36 1
288 1
90 1
170 1
11 1
429 1
568 1
346 1
0 1
271 1
75 1
72 1
152 1
654 1
56 1
312 1
82 1
0 1
9 1
86 1
312 1
177 1
120 1
145 1
54 1
235 1
109 1
325 1
360 1
57 1
35 1
39 1
50 1
189 1
165 1
196 1
161 1
3 1
568 1
94 1
66 1
830 1
273 1
0 1
4 1
324 1
85 1
284 1
628 1
405 1
213 1
147 1
388 1
4 1
668 1
2 1
335 1
85 1
313 1
190 1
749 1
250 1
592 1
0 1
166 1
42 1
270 1
564 1
90 1
27 1
224 1
116 1
21 1
26 1
48 1
722 1
255 1
556 1
183 1
47 1
35 1
4 1
0 1
312 1
404 1
47 1
133 1
38 1
212 1
461 1
382 1
366 1
6 1
179 1
52 1
239 1
567 1
111 1
463 1
171 1
396 1
40 1
270 1
54 1
402 1
0 1
546 1
366 1
156 1
800 1
372 1
391 1
160 1
245 1
388 1
312 1
29 1
522 1
55 1
78 1
75 1
220 1
37 1
36 1
410 1
205 1
49 1
899 1
28 1
44 1
35 1
153 1
82 1
494 1
702 1
64 1
476 1
110 1
303 1
127 1
433 1
420 1
113 1
196 1
5 1
116 1
260 1
96 1
80 1
42 1
2 1
78 1
195 1
13 1
546 1
144 1
216 1
19 1
660 1
32 1
32 1
375 1
252 1
30 1
376 1
9 1
390 1
392 1
0 1
174 1
4 1
476 1
10 1
72 1
480 1
80 1
0 1
144 1
237 1
495 1
470 1
504 1
18 1
136 1
384 1
38 1
360 1
504 1
181 1
177 1
448 1
58 1
202 1
132 1
66 1
94 1
60 1
394 1
0 1
238 1
602 1
261 1
229 1
60 1
408 1
540 1
345 1
784 1
94 1
193 1
125 1
121 1
616 1
210 1
26 1
0 1
84 1
456 1
54 1
9 1
11 1
286 1
315 1
24 1
243 1
52 1
13 1
505 1
528 1
82 1
200 1
6 1
283 1
68 1
450 1
20 1
803 1
477 1
220 1
273 1
470 1
27 1
52 1
432 1
211 1
251 1
356 1
254 1
488 1
365 1
34 1
44 1
44 1
315 1
182 1
88 1
36 1
42 1
25 1
198 1
27 1
308 1
741 1
150 1
70 1
590 1
42 1
328 1
358 1
247 1
28 1
608 1
72 1
18 1
110 1
180 1
262 1
286 1
37 1
189 1
428 1
136 1
493 1
280 1
180 1
180 1
128 1
883 1
0 1
133 1
824 1
388 1
514 1
134 1
92 1
240 1
250 1
134 1
329 1
601 1
323 1
65 1
466 1
443 1
180 1
563 1
6 1
268 1
3 1
152 1
558 1
233 1
752 1
975 1
12 1
180 1
564 1
54 1
189 1
12 1
740 1
9 1
770 1
75 1
203 1
276 1
10 1
40 1
547 1
186 1
252 1
114 1
223 1
204 1
154 1
352 1
182 1
366 1
88 1
807 1
350 1
148 1
298 1
468 1
239 1
0 1
116 1
124 1
304 1
384 1
456 1
364 1
146 1
456 1
741 1
420 1
9 1
174 1
360 1
139 1
56 1
70 1
24 1
196 1
420 1
25 1
179 1
262 1
340 1
20 1
786 1
268 1
246 1
88 1
334 1
22 1
322 1
330 1
224 1
0 1
94 1
348 1
555 1
770 1
70 1
662 1
87 1
2 1
120 1
56 1
69 1
82 1
7 1
57 1
44 1
566 1
65 1
528 1
194 1
428 1
40 1
188 1
28 1
147 1
58 1
246 1
90 1
14 1
604 1
872 1
164 1
148 1
5 1
55 1
56 1
0 1
22 1
167 1
224 1
730 1
465 1
402 1
195 1
13 1
132 1
128 1
636 1
30 1
352 1
85 1
110 1
134 1
60 1
51 1
90 1
626 1
82 1
118 1
142 1
243 1
62 1
214 1
86 1
0 1
146 1
299 1
524 1
121 1
432 1
582 1
217 1
580 1
40 1
27 1
100 1
353 1
164 1
128 1
246 1
68 1
34 1
75 1
26 1
88 1
466 1
306 1
273 1
750 1
266 1
108 1
40 1
60 1
244 1
392 1
812 1
117 1
559 1
508 1
198 1
372 1
2 1
26 1
0 1
267 1
208 1
64 1
42 1
312 1
150 1
90 1
846 1
4 1
297 1
149 1
167 1
51 1
420 1
96 1
324 1
929 1
174 1
141 1
504 1
196 1
88 1
360 1
36 1
90 1
382 1
370 1
376 1
180 1
852 1
364 1
62 1
191 1
5 1
138 1
9 1
237 1
106 1
49 1
383 1
30 1
66 1
51 1
120 1
64 1
190 1
567 1
154 1
190 1
163 1
327 1
296 1
134 1
135 1
80 1
180 1
162 1
376 1
870 1
809 1
496 1
573 1
31 1
78 1
192 1
66 1
28 1
174 1
77 1
248 1
9 1
33 1
324 1
340 1
665 1
7 1
396 1
102 1
810 1
9 1
88 1
220 1
657 1
28 1
8 1
113 1
160 1
405 1
47 1
49 1
718 1
855 1
42 1
40 1
28 1
288 1
36 1
40 1
676 1
19 1
584 1
112 1
640 1
65 1
35 1
73 1
574 1
37 1
72 1
313 1
829 1
158 1
187 1
260 1
56 1
538 1
151 1
110 1
198 1
322 1
0 1
84 1
132 1
132 1
1 1
336 1
612 1
502 1
288 1
500 1
172 1
380 1
89 1
371 1
44 1
348 1
882 1
44 1
547 1
322 1
214 1
222 1
232 1
23 1
578 1
382 1
90 1
268 1
101 1
629 1
8 1
20 1
567 1
266 1
9 1
378 1
120 1
402 1
0 1
35 1
276 1
273 1
537 1
176 1
138 1
731 1
498 1
346 1
68 1
158 1
216 1
100 1
78 1
562 1
313 1
348 1
293 1
74 1
108 1
607 1
80 1
130 1
114 1
0 1
333 1
138 1
0 1
386 1
75 1
267 1
158 1
414 1
561 1
190 1
314 1
22 1
351 1
387 1
503 1
209 1
158 1
14 1
559 1
18 1
228 1
117 1
80 1
594 1
438 1
28 1
224 1
252 1
124 1
172 1
210 1
35 1
177 1
517 1
57 1
87 1
612 1
115 1
60 1
20 1
168 1
89 1
197 1
200 1
112 1
152 1
0 1
62 1
190 1
456 1
882 1
82 1
7 1
16 1
191 1
367 1
153 1
496 1
238 1
209 1
32 1
586 1
126 1
297 1
268 1
292 1
320 1
267 1
122 1
152 1
0 1
330 1
110 1
898 1
112 1
104 1
576 1
690 1
717 1
771 1
694 1
695 1
306 1
88 1
33 1
130 1
474 1
375 1
336 1
457 1
123 1
423 1
710 1
200 1
18 1
68 1
510 1
268 1
640 1
80 1
150 1
694 1
102 1
225 1
50 1
22 1
336 1
28 1
709 1
168 1
89 1
276 1
549 1
386 1
282 1
46 1
20 1
3 1
139 1
200 1
12 1
629 1
33 1
64 1
79 1
150 1
32 1
342 1
527 1
542 1
60 1
253 1
2 1
573 1
51 1
22 1
312 1
120 1
415 1
84 1
412 1
602 1
63 1
484 2
420 1
74 1
610 1
36 1
418 1
290 1
88 1
266 1
16 1
190 1
18 1
844 1
817 1
23 1
358 1
473 1
478 1
0 1
927 1
154 1
16 1
135 1
456 1
182 1
79 1
380 1
42 1
154 1
128 1
390 1
56 1
232 1
574 1
377 1
532 1
192 1
522 1
692 1
84 1
49 1
40 1
120 1
245 1
431 1
336 1
170 1
792 1
530 1
280 1
496 1
530 1
6 1
57 1
142 1
387 1
560 1
136 1
260 1
57 1
40 1
240 1
364 1
855 1
664 1
92 1
51 1
550 1
494 1
42 1
431 1
361 1
459 1
30 1
408 1
36 1
621 1
143 1
450 1
52 1
330 1
284 1
96 1
708 1
25 1
243 1
316 1
300 1
300 1
335 1
27 1
248 1
192 1
126 1
476 1
306 1
16 1
40 1
20 1
68 1
168 1
453 1
210 1
11 1
95 1
268 1
163 1
50 1
330 1
384 1
61 1
65 1
108 1
122 1
7 1
28 1
20 1
46 1
232 1
102 1
0 1
96 1
409 1
25 1
224 1
136 1
112 1
895 1
292 1
217 1
519 1
132 1
110 1
16 1
492 1
130 1
177 1
165 1
338 1
496 1
348 1
8 1
57 1
404 1
226 1
32 1
777 1
82 1
304 1
295 1
296 1
4 1
82 1
259 1
80 1
112 1
4 1
408 1
842 1
531 1
8 1
264 1
24 1
13 1
262 1
315 1
6 1
176 1
591 1
358 1
499 1
28 1
46 1
0 1
28 1
0 1
68 1
39 1
116 1
573 1
105 1
45 1
59 1
8 1
314 1
50 1
0 1
16 1
192 1
154 1
327 1
355 1
152 1
2 1
76 1
570 1
70 1
184 1
682 2
388 1
312 1
134 1
361 1
4 1
128 1
57 1
31 1
104 1
103 1
226 1
237 1
89 1
630 1
76 1
276 1
564 1
16 1
852 1
316 1
589 1
43 1
219 1
604 1
441 1
40 1
700 1
133 1
311 1
368 1
196 1
196 1
60 1
616 1
397 1
270 1
86 1
326 1
572 1
80 1
113 1
591 1
164 1
78 1
2 1
138 1
198 1
304 1
62 1
26 1
16 1
20 1
46 1
5 1
98 1
390 1
95 1
15 1
428 1
380 1
953 1
114 1
485 1
182 1
390 1
10 1
130 1
702 1
897 1
173 1
215 1
148 1
130 1
292 1
144 1
152 1
96 1
335 1
29 1
144 1
693 1
408 1
338 1
218 1
445 1
368 1
490 1
584 1
0 1
91 1
14 1
427 1
45 1
50 1
598 1
538 1
54 1
747 1
309 1
330 1
7 1
240 1
544 1
267 1
90 1
756 1
173 1
707 1
428 1
3 1
539 1
75 1
183 1
28 1
130 1
340 1
452 1
3 1
113 1
252 1
0 1
156 1
665 1
590 1
44 1
18 1
252 1
66 1
2 1
59 1
368 1
43 1
35 1
336 1
196 1
184 1
368 1
835 1
302 1
468 1
866 1
108 1
34 1
180 1
548 1
56 1
358 1
532 1
238 1
574 1
700 1
651 1
38 1
547 1
84 1
186 1
174 1
285 1
170 1
319 1
174 1
234 1
4 1
180 1
33 1
636 1
80 1
268 1
528 1
65 1
570 1
60 1
54 1
135 1
139 1
453 1
180 1
512 1
59 1
30 1
455 1
22 1
98 1
58 1
576 1
3 1
362 1
241 1
126 1
350 1
103 1
0 1
0 1
12 1
269 1
40 1
210 1
0 1
182 1
910 1
640 1
616 1
532 1
334 1
522 1
508 1
304 1
89 1
460 1
297 1
2 1
251 1
546 1
126 1
108 1
572 1
511 1
465 1
869 1
246 1
21 1
52 1
428 1
206 1
471 1
760 1
683 1
8 1
68 1
65 1
760 1
533 1
582 1
79 1
292 1
41 1
272 1
14 1
716 1
56 1
270 1
230 1
234 1
532 1
105 1
110 1
785 1
30 1
38 1
96 1
480 1
180 1
59 1
266 1
0 1
62 1
184 1
704 1
132 1
44 1
332 1
162 1
56 1
486 1
201 1
18 1
672 1
209 1
75 1
798 1
245 1
332 1
965 1
166 1
16 1
23 1
880 1
42 1
252 1
288 1
556 1
80 1
10 1
416 1
186 1
198 1
24 1
270 1
78 1
108 1
508 1
774 1
574 1
381 1
22 1
262 1
79 1
206 1
438 1
252 1
74 1
64 1
30 1
256 1
357 1
138 1
240 1
892 1
22 1
12 1
490 1
350 1
102 1
216 1
293 1
400 2
432 1
536 1
292 1
359 1
132 1
242 1
570 1
224 1
0 1
49 1
216 1
135 1
26 1
14 1
216 1
318 1
36 1
93 1
91 1
130 1
99 1
105 1
0 1
273 1
294 1
204 1
213 1
296 1
440 1
760 1
102 1
161 1
256 1
462 1
478 1
19 1
0 1
240 1
66 1
53 1
125 1
228 1
32 1
197 1
84 1
0 1
57 1
81 1
317 1
63 1
383 1
156 1
215 1
83 1
356 1
96 1
605 1
114 1
6 1
90 1
660 1
348 1
306 1
48 1
0 1
32 1
108 1
196 1
190 1
208 1
522 1
306 1
377 1
99 1
12 1
225 1
830 1
277 1
28 1
160 1
264 1
62 1
5 1
223 1
198 1
28 1
428 1
41 1
186 1
4 1
410 1
457 1
752 1
86 1
189 1
222 1
7 1
0 1
548 1
6 1
586 1
568 1
436 1
314 1
59 1
172 1
289 1
30 1
498 1
486 1
424 1
132 1
650 1
359 1
499 1
154 1
52 1
101 1
341 1
63 1
176 1
140 1
4 1
141 1
10 1
652 1
28 1
291 1
456 1
72 1
74 1
49 1
157 1
30 1
38 1
270 1
771 1
223 1
168 1
570 1
462 1
42 1
198 1
138 1
490 1
409 1
96 1
412 1
356 1
240 1
914 1
103 1
416 1
68 1
603 1
548 1
28 1
5 1
118 1
462 1
162 1
392 1
74 1
150 1
742 1
238 1
28 1
0 1
204 1
75 1
21 1
51 1
32 1
190 1
186 1
7 1
204 1
8 1
389 1
344 1
144 1
78 1
201 1
301 1
22 1
315 1
44 1
402 1
100 1
514 1
604 1
14 1
42 1
96 1
176 1
466 1
76 1
278 1
420 1
554 1
220 1
50 1
398 1
52 1
203 1
9 1
141 1
26 1
151 1
0 1
96 1
74 1
134 1
48 1
581 1
268 1
6 1
6 1
312 1
510 1
122 1
715 1
51 1
564 1
18 1
0 1
59 1
22 1
445 1
20 1
34 1
476 1
129 1
197 1
61 1
0 1
530 1
112 1
382 1
213 1
105 1
0 1
14 1
452 1
110 1
388 1
12 1
139 1
174 1
96 1
418 1
0 1
6 1
138 1
760 1
426 1
22 1
80 1
196 1
314 1
492 1
9 1
110 1
90 1
303 1
248 1
8 1
486 1
328 1
260 1
15 1
525 1
27 1
432 1
8 1
4 1
458 1
518 1
319 1
584 1
667 1
468 1
320 1
169 1
258 1
93 1
828 1
462 1
39 1
19 1
530 1
2 1
146 1
35 1
314 1
290 1
144 1
235 1
260 1
638 1
74 1
34 1
294 1
224 1
460 1
548 1
164 1
96 1
429 1
650 1
840 1
313 1
236 1
192 1
1 1
78 1
315 1
96 1
304 1
357 1
408 1
188 1
121 1
226 1
115 1
760 1
148 1
42 1
243 1
243 1
242 1
58 1
585 1
150 1
96 1
427 1
728 1
333 1
64 1
238 1
152 1
333 1
264 1
363 1
0 1
880 1
609 1
24 1
100 1
207 1
192 1
384 1
308 1
122 1
750 1
134 1
296 1
252 1
509 1
44 1
346 1
329 1
184 1
665 1
124 1
425 1
218 1
179 1
135 1
478 1
0 1
604 1
318 1
474 1
267 1
8 1
511 1
115 1
40 1
198 1
55 1
448 1
21 1
12 1
169 1
396 1
70 1
384 1
188 1
7 1
300 1
66 1
124 1
0 1
86 1
344 1
6 1
99 1
9 1
22 1
322 1
830 1
332 1
60 1
327 1
192 1
28 1
165 1
88 1
536 1
613 1
125 1
57 1
18 1
80 1
214 1
113 1
78 1
19 1
290 1
75 1
13 1
26 1
157 1
593 1
42 1
79 1
14 1
242 1
387 1
850 1
36 1
108 1
270 1
80 1
69 1
2 1
2 1
88 1
149 1
29 1
16 1
214 1
76 1
335 1
104 1
32 1
128 1
216 1
43 1
180 1
7 1
71 1
132 1
168 1
94 1
34 1
329 1
40 1
573 1
350 1
7 1
676 1
159 1
306 1
820 1
57 1
1 1
10 1
9 1
381 1
171 1
70 1
213 1
564 1
50 1
428 1
90 1
332 1
48 1
90 1
428 1
256 1
819 1
636 1
168 1
110 1
357 1
18 1
90 1
176 1
202 1
6 1
6 1
100 1
536 1
109 1
75 1
148 1
202 1
42 1
246 2
273 1
396 1
16 1
198 1
221 1
447 1
302 1
13 1
91 1
181 1
64 1
514 1
287 1
72 1
409 1
39 1
7 1
26 1
346 1
88 1
88 1
250 1
7 1
633 1
881 1
88 1
188 1
804 1
702 1
502 1
338 1
76 1
141 1
150 1
460 1
684 1
152 1
130 1
102 1
202 1
333 1
344 1
117 1
103 1
38 1
184 1
0 1
135 1
83 1
84 1
363 1
196 1
14 1
251 1
134 1
503 1
672 1
490 1
378 1
96 1
48 1
350 1
444 1
120 1
114 1
236 1
228 1
153 1
148 1
182 1
156 1
120 1
75 1
640 1
18 1
160 1
397 1
42 1
303 1
210 1
402 1
452 1
232 1
27 1
92 1
200 1
192 1
0 1
615 1
287 1
165 1
142 1
492 1
249 1
44 1
278 1
301 1
279 1
68 1
239 1
162 1
442 1
150 1
140 1
654 1
0 1
14 1
82 1
75 1
500 1
831 1
49 1
0 1
90 1
134 1
606 1
312 1
303 1
112 1
417 1
0 1
84 1
68 1
192 1
177 1
77 1
105 1
78 1
54 1
229 1
71 1
928 1
64 1
91 1
120 1
15 1
112 1
610 1
344 1
458 1
868 1
62 1
368 1
474 1
442 1
73 1
183 1
154 1
652 1
24 1
345 1
25 1
8 1
322 1
691 1
99 1
170 1
315 1
336 1
96 1
115 1
47 1
42 1
181 1
163 1
721 1
336 1
216 1
47 1
127 1
252 1
32 1
754 1
228 1
28 1
150 1
602 1
94 1
185 1
67 1
69 1
493 1
371 1
8 1
48 1
468 1
90 1
512 1
294 1
570 1
89 1
97 1
180 1
226 1
92 1
699 1
486 1
324 1
76 1
194 1
316 1
431 1
96 1
10 1
294 1
168 1
326 1
102 1
186 1
320 1
51 1
258 1
17 1
375 1
178 1
11 1
231 1
360 1
410 1
114 1
506 1
484 1
285 1
550 1
459 1
192 1
682 1
73 1
214 1
360 1
40 1
156 1
271 1
74 1
10 1
184 1
140 1
275 1
209 1
66 1
0 1
7 1
55 1
0 1
415 1
443 1
22 1
135 1
169 1
288 1
81 1
43 1
191 1
465 1
261 1
624 1
55 1
417 1
518 1
89 1
208 1
92 1
486 1
595 1
2 1
14 1
119 1
657 1
335 1
99 1
206 1
115 1
19 1
435 1
354 1
358 1
60 1
36 1
2 1
262 1
109 1
6 1
196 1
54 1
64 1
173 1
114 1
364 1
8 1
4 1
24 1
2 1
126 1
382 1
121 1
2 1
532 1
137 1
205 1
0 1
591 1
35 1
0 1
736 1
404 1
5 1
54 1
26 1
904 1
436 1
100 1
0 1
4 1
101 1
576 1
721 1
70 1
98 1
0 1
908 1
135 1
132 1
56 1
418 1
128 1
400 1
0 1
72 1
15 1
80 1
164 1
429 1
0 1
714 1
338 1
126 1
138 1
0 1
230 1
141 1
28 1
176 1
48 1
840 1
208 1
150 1
223 1
253 1
274 1
70 1
14 1
268 1
447 1
26 1
207 1
208 1
546 1
126 1
138 1
0 1
564 1
117 1
433 1
462 1
8 1
414 1
271 1
290 1
96 1
17 1
480 1
341 1
237 1
234 1
252 1
354 1
134 1
182 1
273 1
66 1
316 1
8 1
221 1
135 1
112 1
49 1
735 1
373 1
223 1
258 1
56 1
52 1
716 1
240 1
162 1
27 1
50 1
227 1
38 1
442 1
22 1
227 1
354 1
41 1
21 1
474 1
29 1
106 1
516 1
348 1
336 1
200 1
84 1
448 1
280 1
241 1
398 1
264 1
467 1
691 1
450 1
897 1
440 1
123 1
198 1
481 1
56 1
534 1
444 1
2 1
570 1
83 1
170 1
16 1
60 1
68 1
238 1
135 1
438 1
45 1
434 1
43 1
242 1
40 1
54 1
111 1
14 1
478 1
46 1
785 1
14 1
145 1
168 1
300 1
75 1
432 1
24 1
74 1
314 1
204 1
244 1
343 1
572 1
377 1
350 1
0 1
428 1
234 1
0 1
23 1
1 1
120 1
153 1
240 1
30 1
578 1
9 1
50 1
27 1
722 1
270 1
504 1
888 1
856 1
169 1
168 1
560 1
335 1
88 1
472 1
434 1
351 1
504 1
335 1
384 1
176 1
412 1
354 1
75 1
30 1
0 1
111 1
295 1
665 1
546 1
285 1
507 1
292 1
702 1
405 1
212 1
244 1
580 1
168 1
242 1
282 1
417 1
182 1
164 1
113 1
8 1
172 1
104 1
896 1
180 1
500 1
91 1
105 1
115 1
395 1
45 1
200 1
418 1
477 1
36 1
12 1
702 1
108 1
125 1
140 1
36 1
369 1
117 1
91 1
197 1
41 1
172 1
63 1
29 1
417 1
545 1
359 1
72 1
165 1
372 1
152 1
726 1
54 1
104 1
82 1
242 1
438 1
126 1
24 1
6 1
205 1
734 1
541 1
145 1
112 1
214 1
176 1
158 1
111 1
2 1
6 1
120 1
16 1
83 1
106 1
446 1
135 1
4 1
0 1
76 1
450 1
26 1
278 1
80 1
119 1
64 1
751 1
189 1
178 1
951 1
26 1
108 1
535 1
400 1
88 1
662 1
621 1
716 1
56 1
599 1
844 1
255 1
29 1
273 1
133 1
194 1
500 1
501 1
40 1
87 1
314 1
236 1
315 1
224 1
614 1
173 1
93 1
146 1
64 1
208 1
284 1
284 1
301 1
138 1
800 1
81 1
325 1
252 1
55 1
876 1
191 1
116 1
144 1
194 1
20 1
60 1
462 1
116 1
68 1
244 1
88 1
66 1
156 1
334 1
693 1
133 1
380 1
728 1
27 1
21 1
85 1
42 1
297 1
0 1
89 1
36 1
32 1
32 1
52 1
104 1
80 1
393 1
102 1
204 1
171 1
290 1
222 1
667 1
33 1
94 1
70 1
314 1
234 1
168 1
52 1
148 1
429 1
0 1
177 1
282 1
190 1
152 1
435 1
337 1
272 1
206 1
571 1
38 1
48 1
64 1
28 1
153 1
840 1
816 1
420 1
6 1
96 1
47 1
205 1
210 1
112 1
465 1
13 1
506 1
551 1
334 1
154 1
12 1
301 1
468 1
172 1
46 1
178 1
264 1
528 1
402 1
263 1
699 1
76 1
265 1
468 1
10 1
262 1
536 1
432 1
107 1
8 1
423 1
106 1
696 1
12 1
30 1
81 1
468 1
68 1
65 1
409 1
282 1
150 1
102 1
436 1
92 1
2 1
764 1
8 1
4 1
45 1
53 1
115 1
247 1
27 1
342 1
413 1
574 1
161 1
8 1
24 1
693 1
494 1
918 1
385 1
711 1
360 1
70 1
69 1
258 1
80 1
21 1
55 1
155 1
447 1
451 1
10 1
336 1
226 1
82 1
77 1
72 1
49 1
19 1
17 1
293 1
216 1
786 1
89 1
78 1
212 1
216 1
57 1
472 1
67 1
363 1
162 1
608 1
115 1
180 1
20 1
72 1
19 1
46 1
371 1
5 1
252 1
79 1
530 1
210 1
21 1
34 1
163 1
51 1
90 1
45 1
6 1
174 1
102 1
58 1
135 1
812 1
461 1
167 1
439 1
292 1
85 1
329 1
96 1
62 1
189 1
93 1
84 1
23 1
415 1
338 1
13 1
60 1
412 1
151 1
480 1
358 1
2 1
504 1
166 1
124 1
263 1
480 1
88 1
210 1
174 1
331 1
27 1
6 1
419 1
232 1
274 1
157 1
4 1
66 1
218 1
32 1
420 1
302 1
38 1
734 1
224 1
68 1
84 1
70 1
300 1
536 1
22 1
161 1
243 1
436 1
383 1
352 1
308 1
188 1
130 1
322 1
904 1
33 1
518 1
82 1
522 1
0 1
387 1
656 1
160 1
392 1
430 1
595 1
9 1
784 1
470 1
128 1
99 1
0 1
166 1
146 1
84 1
182 1
294 1
273 1
75 1
65 1
699 1
459 1
189 1
22 1
242 1
312 1
350 1
888 1
125 1
40 1
272 1
190 1
42 1
42 1
47 1
198 1
404 1
568 1
443 1
512 1
53 1
229 1
86 1
597 1
253 1
275 1
627 1
276 1
477 1
75 1
196 1
82 1
264 1
300 1
578 1
9 1
62 1
320 1
80 1
51 1
316 1
52 1
563 1
0 1
352 1
33 1
386 1
85 1
621 1
5 1
90 1
590 1
561 1
658 1
80 1
476 1
252 1
269 1
172 1
102 1
432 1
308 1
419 1
14 1
548 1
10 1
579 1
32 1
580 1
342 1
5 1
820 1
137 1
360 1
56 1
240 1
43 1
331 1
24 1
421 1
180 1
144 1
16 1
123 1
148 1
569 1
450 1
275 1
380 1
835 1
172 1
0 1
204 1
133 1
344 1
0 1
191 1
398 1
656 1
7 1
28 1
51 1
642 1
328 1
19 1
535 1
116 1
36 1
185 1
2 1
659 1
190 1
10 1
630 1
28 1
464 1
595 1
722 1
372 1
256 1
99 1
540 1
325 1
17 1
143 1
117 1
182 1
129 1
504 1
322 1
118 1
605 1
60 1
754 1
70 1
518 1
14 1
194 1
704 1
191 1
672 1
300 1
135 1
230 1
6 1
80 1
203 1
421 1
114 1
15 1
340 1
133 1
22 1
16 1
125 1
198 1
108 1
594 1
157 1
663 1
333 1
490 1
580 1
300 1
140 1
380 1
64 1
198 1
120 1
37 1
5 1
661 1
104 1
504 1
240 1
0 1
164 1
3 1
36 1
562 1
12 1
270 1
149 1
414 1
320 1
237 1
0 1
82 1
73 1
386 1
32 1
175 1
14 1
313 1
93 1
2 1
0 1
43 1
41 1
2 1
420 1
719 1
26 1
529 1
248 1
42 1
287 1
126 1
520 1
272 1
297 1
112 1
357 1
84 1
103 1
25 1
674 1
108 1
281 1
47 1
189 1
54 1
297 1
55 1
367 1
20 1
150 1
90 1
912 1
625 1
348 1
174 1
232 1
189 1
407 1
49 1
486 1
214 1
132 1
564 1
69 1
474 1
230 1
276 1
843 1
256 1
576 1
312 1
320 1
117 1
308 1
25 1
162 1
21 1
240 1
138 1
136 1
122 1
62 1
111 1
252 1
28 1
284 1
266 1
518 1
150 1
234 1
162 1
135 1
164 1
344 1
96 1
84 1
137 1
357 1
436 1
422 1
26 1
680 1
254 1
520 1
83 1
41 1
129 1
6 1
445 1
190 1
276 1
791 1
228 1
428 1
225 1
376 1
78 1
123 1
531 1
132 1
101 1
280 1
652 1
118 1
11 1
122 1
511 1
305 1
281 1
395 1
176 1
84 1
40 1
16 1
0 1
527 1
60 1
56 1
138 1
121 1
69 1
14 1
0 1
141 1
58 1
222 1
424 1
9 1
747 1
21 1
75 1
20 1
59 1
338 1
540 1
530 1
162 1
203 1
23 1
483 1
64 1
48 1
814 1
664 1
51 1
728 1
414 1
14 1
0 1
103 1
145 1
604 1
194 1
422 1
338 1
660 1
312 1
228 1
354 1
12 1
98 1
148 1
515 1
46 1
20 1
38 1
224 1
31 1
12 1
1 1
452 1
2 1
699 1
0 1
385 1
10 1
454 1
388 1
20 1
60 1
31 1
66 1
158 1
27 1
474 1
96 1
360 1
4 1
291 1
204 1
14 1
52 1
4 1
14 1
153 1
106 1
408 1
45 1
316 1
380 1
192 1
199 1
336 1
620 1
8 1
163 1
236 1
39 1
323 1
116 1
31 1
56 1
68 1
0 1
264 1
67 1
66 1
0 1
641 1
302 1
489 1
265 1
207 1
236 1
472 1
220 1
24 1
204 1
552 1
8 1
272 1
10 1
12 1
30 1
395 2
439 1
0 1
187 1
22 1
2 1
150 1
420 1
140 1
220 1
25 1
236 1
176 1
47 1
0 1
463 1
129 1
18 1
161 1
192 1
88 1
0 1
30 1
605 1
7 1
616 1
328 1
96 1
60 1
332 1
599 1
180 1
760 1
194 1
0 1
10 1
8 1
96 1
213 1
570 1
266 1
57 1
119 1
576 1
284 1
298 1
12 1
144 1
614 1
75 1
38 1
148 1
279 1
589 1
264 1
320 1
15 1
594 1
38 1
100 1
182 1
24 1
434 1
577 1
89 1
162 1
124 1
64 1
0 1
32 1
0 1
126 1
507 1
66 1
808 1
32 1
37 1
0 1
220 1
798 1
325 1
238 1
650 1
15 1
186 1
70 1
586 1
450 1
4 1
106 1
72 1
64 1
282 1
280 1
102 1
108 1
208 1
280 1
516 1
644 1
104 1
38 1
9 1
130 1
236 1
192 1
734 1
38 1
436 1
208 1
468 1
10 1
91 1
525 1
22 1
84 1
155 1
710 1
38 1
6 1
342 1
264 1
49 1
174 1
29 1
49 1
489 1
826 1
6 1
915 1
11 1
74 1
32 1
150 1
17 1
122 1
184 1
171 1
659 1
550 1
199 1
118 1
376 1
297 1
284 1
23 1
627 1
181 1
0 1
18 1
629 1
68 1
320 1
44 1
391 1
300 1
9 1
390 1
45 1
52 1
66 1
304 1
17 1
240 1
70 1
162 1
490 1
16 1
8 1
648 1
453 1
24 1
42 1
734 1
500 1
290 1
165 1
478 1
121 1
358 1
28 1
4 1
832 1
33 1
20 1
19 1
220 1
44 1
300 1
206 1
173 1
23 1
491 1
145 1
731 1
227 1
162 1
429 1
146 1
280 1
406 1
12 1
568 1
20 1
156 1
100 1
12 1
874 1
98 1
260 1
84 1
234 1
240 1
408 1
178 1
158 1
523 1
98 1
9 1
354 1
40 1
93 1
162 1
336 1
84 1
586 2
229 1
330 1
648 1
121 1
6 1
114 1
368 1
446 2
169 1
815 1
4 1
50 1
272 1
51 1
0 1
45 1
180 1
78 1
348 1
923 1
668 1
584 1
56 1
534 1
342 1
23 1
410 1
854 1
182 1
5 1
490 1
140 1
792 1
17 1
6 1
71 1
0 1
72 1
204 1
72 1
125 1
370 1
171 1
0 1
256 1
546 1
196 1
481 1
176 1
282 1
23 1
0 1
262 1
85 1
398 1
734 1
161 1
240 1
103 1
0 1
252 1
91 1
127 1
290 1
129 1
70 1
6 1
36 1
426 1
942 1
48 1
33 1
322 1
312 1
488 1
18 1
120 1
69 1
31 1
217 1
425 1
355 1
64 1
32 1
690 1
646 1
90 1
207 1
302 1
24 1
544 1
444 1
188 1
56 1
444 1
285 1
553 1
48 1
378 1
150 1
165 1
370 1
360 1
252 1
499 1
228 1
870 1
255 1
135 1
296 1
668 1
24 1
8 1
433 1
141 1
195 1
112 1
65 1
23 1
52 1
243 1
68 1
113 1
705 1
771 1
669 1
168 1
255 1
556 1
301 1
588 1
220 1
35 1
434 1
3 1
404 1
75 1
319 1
242 1
99 1
118 1
351 1
203 1
686 1
56 1
396 1
126 1
524 1
203 1
200 1
260 1
62 1
894 1
778 1
48 1
21 1
267 1
273 1
263 1
455 1
390 1
280 1
261 1
80 1
63 1
153 1
748 1
488 1
20 1
84 1
484 1
27 1
300 1
58 1
472 1
435 1
504 1
27 1
55 1
324 1
590 1
426 1
117 1
704 1
312 1
54 1
103 1
120 1
330 1
114 1
601 1
276 1
64 1
220 1
158 1
144 1
684 1
5 1
149 1
204 1
221 1
186 1
286 1
126 1
304 1
120 1
81 1
150 1
44 1
91 1
48 1
30 1
30 1
54 1
295 1
363 1
59 1
6 1
96 1
8 1
743 1
330 1
268 1
174 1
718 1
322 1
287 1
467 1
124 1
593 1
4 1
426 1
604 1
327 1
94 1
480 1
510 1
297 1
320 1
234 1
89 1
204 1
175 1
582 1
531 1
28 1
523 1
98 1
12 1
350 1
448 1
45 1
0 1
608 1
150 1
189 1
484 1
60 1
732 1
180 1
128 1
325 1
269 1
218 1
0 1
168 1
18 1
12 1
406 1
122 1
0 1
175 1
276 1
17 1
144 1
464 1
114 1
57 1
72 1
157 1
190 1
353 1
24 1
54 1
292 1
45 1
210 1
310 1
64 1
28 1
107 1
238 1
900 1
0 1
79 1
259 1
538 1
338 1
709 1
190 1
16 1
0 1
98 1
106 1
28 1
430 1
528 1
204 1
141 1
306 1
52 1
388 1
132 1
52 1
10 1
197 1
97 1
326 1
376 1
12 1
176 1
209 1
636 1
16 1
0 1
380 1
641 1
271 1
394 1
12 1
30 1
0 1
76 1
4 1
265 1
436 1
30 1
75 1
237 1
225 1
6 1
658 1
444 1
82 1
50 1
70 1
152 1
4 1
259 1
351 1
152 1
200 1
547 1
43 1
8 1
42 1
567 1
352 1
56 1
16 1
50 1
231 1
82 1
6 1
224 1
806 1
688 1
16 1
14 1
20 1
78 1
373 1
288 1
62 1
470 1
152 1
28 1
453 1
420 1
242 1
363 1
165 1
234 1
539 1
332 1
319 1
39 1
93 1
125 1
16 1
360 1
114 1
195 1
544 1
12 1
27 1
402 1
57 1
4 1
514 1
10 1
718 1
144 1
186 1
260 1
100 1
296 1
416 1
4 1
126 1
119 1
300 1
322 1
69 1
219 1
878 1
407 1
532 1
674 1
120 1
337 1
10 1
754 1
77 1
200 1
65 1
304 1
116 1
182 1
201 1
120 1
212 1
144 1
268 1
14 1
656 1
108 1
8 1
360 1
490 1
377 1
216 1
318 1
592 1
3 1
62 1
66 1
288 1
12 1
204 1
184 1
15 1
312 1
390 1
48 1
10 1
692 1
26 1
1 1
186 1
48 1
138 1
120 1
17 1
192 1
495 1
200 1
240 1
88 1
18 1
490 1
120 1
542 1
44 1
81 1
16 1
314 1
174 1
124 1
100 1
761 1
552 1
100 1
100 1
71 1
45 1
228 1
27 1
118 1
388 1
201 1
137 1
62 1
253 1
0 1
110 1
130 1
1 1
260 1
233 1
40 1
16 1
38 1
50 1
34 1
208 1
102 1
60 1
49 1
665 1
727 1
722 1
121 1
264 1
32 1
447 1
32 1
41 1
377 1
174 1
174 1
110 1
395 1
493 1
442 1
178 1
250 1
84 1
329 1
99 1
391 1
243 1
18 1
8 1
259 1
97 1
51 1
921 1
83 1
50 1
282 1
328 1
100 1
22 1
97 1
42 1
12 1
112 1
80 1
400 1
300 1
723 1
157 1
0 1
33 1
5 1
880 1
55 1
320 1
588 1
0 1
336 1
468 1
174 1
72 1
6 1
274 1
18 1
101 1
224 1
366 1
27 1
176 1
536 1
4 1
702 1
392 1
33 1
138 1
0 1
57 1
81 1
354 1
202 1
183 1
105 1
610 1
12 1
345 1
113 1
160 1
208 1
630 1
116 1
320 1
124 1
12 1
9 1
380 1
401 1
326 1
132 1
101 1
574 1
384 1
67 1
51 1
55 1
16 1
409 1
785 1
116 1
19 1
16 1
270 1
233 1
87 1
552 1
244 1
112 1
43 1
210 1
28 1
591 1
16 1
383 1
287 1
110 1
91 1
18 1
598 1
336 1
17 1
582 1
29 1
714 1
502 1
47 1
499 1
142 1
71 1
292 1
428 1
63 1
19 1
672 1
198 1
19 1
25 1
200 1
210 1
16 1
350 1
602 1
402 1
208 1
511 1
360 1
318 1
166 1
105 1
782 1
437 1
12 1
528 1
405 1
593 1
111 1
272 1
386 1
150 1
75 1
574 1
36 1
128 1
0 1
444 1
387 1
59 1
1 1
300 1
132 1
112 1
60 1
194 1
316 1
254 1
307 1
175 1
280 1
390 1
402 1
430 1
204 1
126 1
0 1
19 1
179 1
116 1
912 1
245 1
273 1
124 1
28 1
32 1
35 1
0 1
126 1
0 1
180 1
204 1
242 1
303 1
223 1
311 1
39 1
144 1
64 1
520 1
140 1
0 1
0 1
332 1
15 1
726 1
33 1
720 1
27 1
160 1
142 1
138 1
55 1
32 1
16 1
66 1
141 1
110 1
300 1
246 1
555 1
15 1
114 1
280 1
145 1
372 1
254 1
114 1
500 1
189 1
238 1
94 1
335 1
223 1
163 1
305 1
381 1
12 1
682 1
84 1
223 1
540 1
252 1
2 1
46 1
43 1
130 1
136 1
342 1
710 1
308 1
383 1
50 1
942 1
816 1
0 1
360 1
792 1
2 1
11 1
444 1
187 1
144 1
240 1
360 1
414 1
72 1
191 1
66 1
392 1
107 1
112 1
3 1
106 1
292 1
0 1
249 1
80 1
616 1
625 1
504 1
56 1
399 1
42 1
37 1
165 1
191 1
48 1
194 1
239 1
306 1
826 1
497 1
252 1
268 1
386 1
621 1
161 1
111 1
3 1
152 1
152 1
9 1
284 1
492 1
0 1
621 1
193 1
304 1
50 1
65 1
300 1
361 1
156 1
169 1
58 1
27 1
68 1
36 1
880 1
84 1
16 1
151 1
182 1
96 1
32 1
686 1
128 1
374 1
530 1
192 1
143 1
94 1
271 1
108 1
638 1
52 1
350 1
52 1
574 1
216 1
145 1
119 1
290 1
208 1
271 1
128 1
374 1
153 1
426 1
45 1
93 1
231 1
0 1
286 1
119 1
451 1
79 1
571 1
392 1
427 1
45 1
120 1
580 1
0 1
13 1
147 1
48 1
160 1
40 1
24 1
286 1
396 1
360 1
74 1
50 1
696 1
380 1
380 1
297 1
302 1
336 1
238 1
44 1
173 1
18 1
342 1
412 1
529 1
16 1
174 1
92 1
611 1
315 1
140 1
259 1
88 1
181 1
20 1
171 1
54 1
213 1
550 1
20 1
592 1
202 1
24 1
483 1
20 1
0 1
444 1
836 1
130 1
95 1
146 1
140 1
137 1
116 1
19 1
809 1
402 1
721 1
3 1
210 1
739 1
359 1
124 1
665 1
0 1
19 1
344 1
18 1
80 1
62 1
114 1
504 1
24 1
145 1
312 1
96 1
207 1
23 1
430 1
942 1
265 1
22 1
40 1
120 1
102 1
158 1
681 1
234 1
228 1
98 1
406 1
40 1
250 1
4 1
268 1
16 1
616 1
388 1
6 1
618 1
3 1
28 1
666 1
156 1
210 1
218 1
81 1
900 1
225 1
360 1
363 1
108 1
747 1
655 1
543 1
252 1
142 1
95 1
684 1
294 1
10 1
189 1
24 1
805 1
468 1
19 1
584 1
378 1
26 1
134 1
4 1
39 1
18 1
544 1
30 1
174 1
445 1
361 1
312 1
139 1
158 1
13 1
76 1
195 1
24 1
9 1
242 1
334 1
111 1
57 1
470 1
840 1
810 1
150 1
295 1
406 1
10 1
336 1
63 1
148 1
167 1
22 1
56 1
60 1
76 1
506 1
291 1
378 1
588 1
81 1
423 1
743 1
384 1
52 1
31 1
475 1
224 1
195 1
225 1
98 1
687 1
27 1
289 1
519 1
230 1
168 1
167 1
135 1
154 1
130 1
45 1
298 1
588 1
406 1
204 1
484 1
790 1
4 1
105 1
161 1
1 1
174 1
587 1
564 1
372 1
260 1
162 1
39 1
76 1
273 1
279 1
448 1
235 1
350 1
6 1
92 1
38 1
450 1
64 1
81 1
119 1
318 1
95 1
224 1
56 1
36 1
7 1
276 1
737 1
728 1
161 1
112 1
154 1
396 1
216 1
432 1
229 1
862 1
215 1
192 1
475 1
86 1
10 1
193 1
328 1
180 1
239 1
216 1
0 1
384 1
210 1
107 1
609 1
465 1
87 1
252 1
455 1
400 1
99 1
62 1
291 1
237 1
0 1
676 1
906 1
246 1
278 1
450 1
493 1
204 1
680 1
168 1
304 1
4 1
127 1
49 1
246 1
749 1
280 1
54 1
196 1
300 1
166 1
248 1
292 1
126 1
521 1
82 1
123 1
640 1
22 1
142 1
760 1
402 1
547 1
150 1
52 1
449 1
748 1
88 1
150 1
234 1
168 1
15 1
78 1
132 1
45 1
234 1
58 1
415 1
561 1
28 1
175 1
468 1
39 1
197 1
64 1
242 1
398 1
56 1
228 1
430 1
156 1
108 1
428 1
228 1
346 1
102 1
14 1
428 1
82 1
231 1
284 1
29 1
250 1
39 1
162 1
400 1
70 1
664 1
84 1
60 1
196 1
474 1
24 1
24 1
580 1
758 1
135 1
447 1
122 1
228 1
282 1
410 1
5 1
268 1
768 1
21 1
452 1
94 1
376 1
52 1
326 1
224 1
208 1
18 1
37 1
60 1
355 1
22 1
540 1
130 1
506 1
0 1
69 1
0 1
228 1
561 1
475 1
912 1
205 1
295 1
12 1
29 1
406 1
45 1
66 1
746 1
518 1
280 1
296 1
378 1
4 1
70 1
190 1
323 1
114 1
104 1
56 1
39 1
481 1
342 1
235 1
23 1
648 1
0 1
306 1
128 1
300 1
277 1
49 1
449 1
492 1
348 1
9 1
348 1
79 1
348 1
68 1
410 1
11 1
503 1
308 1
180 1
231 1
513 1
363 1
328 1
302 1
22 1
0 1
42 1
151 1
680 1
12 1
37 1
20 1
40 1
504 1
47 1
631 1
0 1
34 1
473 1
36 1
0 1
282 1
367 1
67 1
488 1
48 1
322 1
90 1
131 1
71 1
62 1
1 1
67 1
33 1
382 1
185 1
192 1
309 1
105 1
294 1
240 1
14 1
227 1
172 1
757 1
118 1
398 1
58 1
94 1
186 1
171 1
7 1
470 1
358 1
264 1
377 1
370 1
759 1
188 1
196 1
447 1
56 1
190 1
376 1
398 1
80 1
76 1
48 1
684 1
0 1
112 1
224 1
26 1
311 1
394 1
74 1
60 1
210 1
65 1
65 1
4 1
13 1
324 1
198 1
230 1
138 1
12 1
8 1
72 1
250 1
45 1
152 1
378 1
42 1
192 1
56 1
158 1
320 1
24 1
81 1
810 1
308 1
558 1
510 1
165 1
69 1
39 1
264 1
50 1
126 1
314 1
334 1
120 1
171 1
12 1
48 1
58 1
133 1
155 1
31 1
151 1
115 1
172 1
569 1
15 1
233 1
25 1
93 1
2 1
227 1
675 1
234 1
594 1
56 1
396 1
450 1
90 1
123 1
78 1
462 1
25 1
80 1
741 1
68 1
64 1
272 1
320 1
532 1
329 1
18 1
380 1
22 1
22 1
41 1
328 1
669 1
332 1
8 1
143 1
0 1
42 1
51 1
164 1
71 1
770 1
764 1
2 1
59 1
200 1
645 1
22 1
335 1
73 1
14 1
42 1
18 1
75 1
252 1
57 1
100 1
87 1
824 1
506 1
352 1
36 1
74 1
343 1
524 1
512 1
131 1
370 1
206 1
156 1
82 1
63 1
127 1
94 1
151 1
726 1
72 1
826 1
364 1
246 1
184 1
6 1
21 1
68 1
316 1
98 1
506 1
633 2
628 1
89 1
284 1
72 1
175 1
486 1
93 1
2 1
201 1
210 1
794 1
558 1
280 1
364 1
274 1
100 1
128 1
88 1
12 1
204 1
762 1
124 1
36 1
6 1
598 1
505 1
13 1
50 1
294 1
237 1
259 1
132 1
179 1
206 1
381 1
348 1
3 1
56 1
100 1
170 1
0 1
28 1
3 1
609 1
404 1
67 1
26 1
179 1
94 1
29 1
259 1
17 1
147 1
224 1
8 1
312 1
93 1
24 1
632 1
46 1
13 1
858 1
160 1
1 1
204 1
435 1
360 1
685 1
110 1
22 1
290 1
20 1
104 1
176 1
488 1
15 1
75 1
147 1
40 1
12 1
635 1
2 1
21 1
125 1
520 1
48 1
886 1
76 1
267 1
5 1
708 1
0 1
133 1
256 1
289 1
626 1
582 1
25 1
28 1
176 1
151 1
7 1
16 1
72 1
240 1
62 1
117 1
0 1
122 1
484 1
485 1
0 1
108 1
133 1
78 1
294 1
280 1
876 1
686 1
238 1
584 1
377 1
460 1
0 1
192 1
867 1
650 1
20 1
186 1
536 1
482 1
285 1
601 1
730 1
188 1
14 1
58 1
0 1
227 1
491 1
68 1
244 1
112 1
397 1
360 1
110 1
237 1
10 1
252 1
278 1
919 1
192 1
813 1
556 1
218 1
272 1
25 1
362 1
220 1
332 1
448 1
93 1
212 1
84 1
19 1
860 1
421 1
45 1
372 1
132 1
627 1
828 1
821 1
165 1
445 1
233 1
327 1
518 1
704 1
285 1
0 1
182 1
800 1
549 1
639 1
38 1
89 1
136 1
920 1
14 1
349 1
184 1
30 1
161 1
384 1
0 1
126 1
64 1
0 1
68 1
294 1
208 1
51 1
600 1
319 1
221 1
439 1
539 1
182 1
21 1
369 1
54 1
123 1
150 1
824 1
248 1
252 1
378 1
440 1
55 1
320 1
757 1
252 1
64 1
264 1
737 1
345 1
653 1
8 1
13 1
360 1
611 1
66 1
156 1
235 1
355 1
425 1
350 1
226 1
952 1
168 1
23 1
414 1
177 1
313 1
194 1
788 1
689 2
289 1
44 1
326 1
156 1
320 1
202 1
356 1
54 1
520 1
36 1
302 1
300 1
120 1
76 1
94 1
612 1
261 1
199 1
125 1
161 1
297 1
0 1
285 1
501 1
69 1
289 1
357 1
62 1
156 1
272 1
238 1
367 1
39 1
28 1
406 1
144 1
223 1
169 1
1 1
60 1
164 1
18 1
106 1
468 1
486 1
45 1
360 1
8 1
32 1
12 1
800 1
212 1
180 1
272 1
109 1
176 1
180 1
370 1
282 1
272 1
274 1
276 1
22 1
332 1
650 1
153 1
84 1
174 1
12 1
18 1
239 1
686 1
300 1
388 1
32 1
270 1
30 1
36 1
117 1
197 1
203 1
733 1
144 1
375 1
56 1
14 1
19 1
0 1
370 1
94 1
132 1
280 1
57 1
13 1
374 1
0 1
9 1
424 2
72 1
436 1
352 1
119 1
571 1
26 1
136 1
77 1
189 1
752 1
348 1
45 1
400 1
414 1
68 1
38 1
863 1
114 1
22 1
860 1
385 1
203 1
342 1
510 1
423 1
12 1
245 1
277 1
458 1
76 1
708 1
100 1
498 1
45 1
0 1
446 1
321 1
190 1
275 1
272 1
54 1
581 1
708 1
615 1
473 1
426 1
126 1
640 1
57 1
44 1
578 1
20 1
636 1
432 1
0 1
68 1
720 1
457 1
117 1
258 1
626 1
396 1
568 1
410 1
248 1
92 1
108 1
1 1
178 1
307 1
40 1
390 1
153 1
110 1
329 1
249 1
78 1
173 1
90 1
213 1
309 1
307 1
710 1
59 1
75 1
272 1
486 1
366 1
118 1
66 1
224 1
192 1
21 1
540 1
15 1
512 1
30 1
148 1
147 1
286 1
737 1
320 1
513 1
8 1
620 1
475 1
168 1
126 1
100 1
115 1
696 1
186 1
343 1
4 1
136 1
799 1
154 1
347 1
14 1
210 1
0 1
255 1
468 1
5 1
180 1
0 1
682 1
164 1
330 1
236 1
186 1
278 1
14 1
186 1
287 1
138 1
9 1
500 1
140 1
118 1
217 1
326 1
162 1
4 1
112 1
613 1
42 1
27 1
72 1
221 1
110 1
595 1
67 1
936 1
328 1
52 1
11 1
698 1
20 1
760 1
142 1
113 1
204 1
146 1
50 1
494 1
213 1
219 1
489 1
616 1
330 1
159 1
56 1
349 1
375 1
438 1
250 1
150 1
759 1
79 1
202 1
436 1
244 1
258 1
178 1
109 1
162 1
470 1
480 1
496 1
152 1
50 1
173 1
12 1
124 1
402 1
734 1
110 1
155 1
204 1
660 1
422 1
258 1
35 1
258 1
155 1
676 1
616 1
12 1
156 1
18 1
100 1
72 1
341 1
678 1
32 1
546 1
139 1
84 1
35 1
609 1
148 1
72 1
93 1
480 1
459 1
253 1
229 1
254 1
0 1
12 1
18 1
76 1
90 1
369 1
189 1
24 1
518 1
270 1
678 1
443 1
254 1
287 1
5 1
42 1
3 1
59 1
332 1
190 1
328 1
139 1
226 1
156 1
1 1
393 1
24 1
241 1
496 1
327 1
88 1
136 1
50 1
381 1
300 1
21 1
0 1
73 1
35 1
266 1
144 1
49 1
72 1
118 1
240 1
325 1
238 1
266 1
190 1
370 1
408 1
675 1
54 1
602 1
590 1
411 1
128 1
256 1
124 1
21 1
18 1
212 1
68 1
7 1
218 1
55 1
285 1
188 1
43 1
295 1
122 1
126 1
63 1
308 1
236 1
22 1
616 1
10 1
63 1
283 1
342 1
854 1
421 1
15 1
117 1
348 1
336 1
24 1
383 1
74 1
44 1
40 1
503 1
908 1
136 1
348 1
222 1
236 1
160 1
26 1
138 1
492 1
135 1
14 1
84 1
428 1
633 1
348 1
66 1
421 1
229 1
70 1
682 1
102 1
286 1
69 1
29 1
697 1
34 1
6 1
294 1
136 1
802 1
301 1
164 1
204 1
0 1
373 1
54 1
9 1
545 2
30 1
268 1
0 1
123 1
249 1
258 1
28 1
0 1
40 1
335 1
384 1
51 1
13 1
40 1
297 1
129 1
40 1
540 1
17 1
600 1
104 1
6 1
68 1
386 1
292 1
220 1
468 1
504 1
302 1
26 1
354 1
304 1
770 1
0 1
168 1
15 1
757 1
126 1
16 1
501 1
116 1
168 1
32 1
176 1
40 1
135 1
544 1
35 1
186 1
422 1
39 1
413 1
0 1
213 1
2 1
492 1
224 1
0 1
148 1
288 1
44 1
524 1
352 1
12 1
464 1
243 1
489 1
366 1
62 1
47 1
535 1
210 1
391 1
116 1
121 1
306 1
340 1
450 1
101 1
184 1
104 1
73 1
65 1
14 1
34 1
123 1
46 1
342 1
190 1
140 1
16 1
13 1
382 1
272 1
316 1
53 1
464 1
657 1
465 1
65 1
300 1
288 1
162 1
96 1
55 1
255 1
0 1
131 1
189 1
8 1
717 1
228 1
267 1
15 1
267 1
36 1
327 1
178 1
4 1
750 1
148 1
10 1
38 1
547 1
372 1
431 1
170 1
725 1
706 1
88 1
48 1
25 1
545 1
102 1
58 1
626 1
25 1
182 1
453 1
268 1
291 1
62 1
588 1
239 1
533 1
144 1
147 1
427 1
632 1
0 1
511 1
624 1
120 1
362 1
350 1
648 1
32 1
514 1
19 1
37 1
8 1
358 1
58 1
66 1
58 1
13 1
174 1
721 1
754 1
138 1
681 1
87 1
25 1
501 1
39 1
546 1
480 1
30 1
74 1
41 1
594 1
529 1
18 1
342 1
138 1
11 1
562 1
102 1
420 1
25 1
10 1
150 1
527 1
48 1
260 1
24 1
140 1
766 1
144 1
394 1
290 1
73 1
128 1
58 1
314 1
47 1
107 1
333 1
328 1
70 1
18 1
662 1
301 1
129 1
634 1
90 1
331 1
52 1
16 1
177 1
264 1
208 1
478 1
215 1
271 1
230 1
608 1
157 1
0 1
114 1
0 1
16 1
708 1
161 1
292 1
500 1
61 1
122 1
276 1
124 1
15 1
287 1
784 2
549 1
134 1
278 1
363 1
18 1
208 1
119 1
627 1
36 1
17 1
454 1
4 1
24 1
762 1
496 1
132 1
168 1
293 1
675 1
252 1
87 1
420 1
124 1
49 1
117 1
651 1
3 1
498 1
195 1
200 1
147 1
828 1
323 1
768 1
482 1
35 1
138 1
412 1
88 1
44 1
9 1
16 1
794 1
205 1
20 1
98 1
59 1
254 1
24 1
160 1
206 1
174 1
3 1
249 1
27 1
196 1
121 1
26 1
490 1
8 1
188 1
0 1
35 1
287 1
624 1
120 1
93 1
616 1
583 1
712 1
344 1
0 1
66 1
9 1
68 1
125 1
360 1
191 1
59 1
149 1
40 1
339 1
207 1
555 1
686 1
607 1
356 1
206 1
741 1
49 1
68 1
194 1
221 1
36 1
221 1
516 1
54 1
133 1
24 1
672 1
436 1
420 1
636 1
586 1
458 1
60 1
160 1
337 1
546 1
182 1
2 1
12 1
36 1
479 1
149 1
188 1
390 1
456 1
616 1
74 1
132 1
74 1
504 1
39 1
385 1
356 1
544 1
143 1
642 1
268 1
66 1
118 1
3 1
170 1
140 1
40 1
212 1
111 1
17 1
63 1
540 1
40 1
33 1
214 1
538 1
578 1
840 1
42 1
549 1
588 1
119 1
0 1
48 1
143 1
377 1
70 1
156 1
64 1
64 1
617 1
504 1
887 1
96 1
251 1
701 1
9 1
64 1
94 1
528 1
0 1
141 1
260 1
151 1
17 1
1 1
23 1
148 1
239 1
132 1
277 1
4 1
420 1
348 1
116 1
18 1
51 1
70 1
4 1
167 1
76 1
566 1
140 1
252 1
401 1
320 1
421 1
265 1
330 1
4 1
104 1
22 1
219 1
527 1
115 1
8 1
600 1
53 1
65 1
68 1
72 1
178 1
132 1
250 1
152 1
29 1
86 1
303 1
322 1
0 1
244 1
92 1
77 1
333 1
26 1
53 1
185 1
304 1
502 1
67 1
40 1
346 1
786 1
161 1
148 1
71 1
263 1
336 1
333 1
1 1
242 1
0 1
532 1
20 1
74 1
801 1
10 1
740 1
77 1
121 1
42 1
194 1
399 1
174 1
252 1
121 1
606 1
93 1
536 1
105 1
92 1
246 1
30 1
56 1
177 1
19 1
12 1
138 1
33 1
819 1
336 1
538 1
398 1
304 1
47 1
490 1
368 1
60 1
91 1
581 1
190 1
8 1
24 1
413 1
366 1
45 1
296 1
87 1
507 1
237 1
200 1
74 1
264 1
602 1
168 1
369 1
92 1
88 1
301 1
120 1
433 1
66 1
0 1
780 1
443 1
53 1
480 1
392 1
240 1
186 1
766 1
39 1
42 1
240 1
112 1
7 1
650 1
81 1
315 1
37 1
870 1
156 1
452 1
593 2
208 1
20 1
257 1
200 1
290 1
350 1
253 1
66 1
200 1
234 1
171 1
76 1
120 1
212 1
188 1
108 1
511 1
225 1
388 1
78 1
145 1
820 1
4 1
224 1
220 1
287 1
75 1
101 1
496 1
584 1
128 1
757 1
14 1
333 1
42 1
0 1
11 1
28 1
465 1
580 1
310 1
28 1
76 1
108 1
317 1
152 1
346 1
100 1
18 1
451 1
1 1
44 1
540 1
468 1
559 1
120 1
150 1
335 1
471 1
273 1
181 1
336 1
574 1
218 1
393 1
5 1
416 1
139 1
0 1
377 1
158 1
20 1
672 1
721 1
394 1
117 1
14 1
666 1
144 1
205 1
361 1
492 1
297 1
50 1
652 1
237 1
114 1
25 1
127 1
40 1
110 1
342 1
507 1
13 1
706 1
204 1
72 1
600 1
732 1
132 1
21 1
306 1
151 1
181 1
243 1
65 1
305 1
0 1
210 1
48 1
340 1
98 1
209 1
442 1
13 1
653 1
417 1
466 1
224 1
374 1
345 1
606 1
231 1
75 1
400 1
224 1
311 1
159 1
694 1
347 1
108 1
385 1
331 1
14 1
314 1
20 1
192 1
511 1
47 1
252 1
531 1
121 1
132 1
40 1
730 1
65 1
594 1
474 1
696 1
316 1
42 1
384 1
317 1
266 1
165 1
263 1
566 1
99 1
278 1
483 1
219 1
44 1
26 1
94 1
54 1
43 1
37 1
679 1
453 1
392 1
125 1
12 1
249 1
10 1
106 1
6 1
72 1
696 1
103 1
110 1
579 1
31 1
3 1
69 1
532 1
120 1
9 1
156 1
156 1
845 1
273 1
578 1
264 1
128 1
70 1
22 1
590 1
14 1
212 1
220 1
333 1
348 1
232 1
129 1
320 1
206 1
165 1
84 1
594 1
60 1
624 1
86 1
163 1
374 1
21 1
358 1
320 1
5 1
482 1
32 1
18 1
396 1
67 1
670 1
231 1
46 1
324 1
0 1
702 1
230 1
176 1
15 1
2 1
300 1
99 1
152 1
416 1
132 1
488 1
856 1
154 1
182 1
17 1
0 1
188 1
365 1
88 1
0 1
69 1
374 1
50 1
156 1
48 1
85 1
646 1
4 1
9 1
718 1
287 1
420 1
286 1
12 1
12 1
266 1
41 1
24 1
520 1
869 1
4 1
629 1
570 1
96 1
108 1
40 1
222 1
36 1
98 1
516 1
4 1
258 1
320 1
45 1
100 1
276 1
254 1
4 1
238 1
300 1
448 1
48 1
106 1
42 1
216 1
415 1
105 1
281 1
129 1
333 1
16 1
38 1
448 1
335 1
74 1
254 1
140 1
890 1
512 1
10 1
152 1
300 1
310 1
86 1
608 1
125 1
63 1
150 1
306 1
131 1
168 1
513 1
34 1
144 1
312 1
16 1
258 1
514 1
567 1
409 1
206 1
203 1
5 1
357 1
216 1
560 1
138 1
143 1
36 1
530 1
0 1
21 1
260 1
308 1
6 1
249 1
83 1
0 1
1 1
132 1
196 1
630 1
25 1
411 1
432 1
527 1
111 1
61 1
73 1
908 1
695 1
160 1
516 1
356 1
46 1
188 1
267 1
741 1
626 1
42 1
729 1
178 1
755 1
60 1
336 1
107 1
80 1
301 1
707 1
2 1
444 1
7 1
138 1
536 1
175 1
72 1
438 1
461 1
265 1
18 1
268 1
213 1
366 1
85 1
48 1
280 1
10 1
270 1
294 1
9 1
243 1
102 1
128 1
147 1
16 1
434 1
458 1
0 1
180 1
525 1
192 1
277 1
390 1
40 1
40 1
54 1
97 1
668 1
634 1
96 1
48 1
238 1
523 1
624 2
32 1
582 1
31 1
185 1
20 1
38 1
591 1
791 1
280 1
317 1
418 1
117 1
316 1
140 1
134 1
9 1
704 1
156 1
808 1
62 1
622 1
36 1
452 1
297 1
481 1
180 1
512 1
158 1
36 1
444 1
645 1
70 1
532 1
42 1
144 1
22 1
126 1
176 1
217 1
185 1
876 1
162 1
62 1
310 1
92 1
124 1
648 1
208 1
267 1
3 1
310 1
222 1
192 1
660 1
646 1
0 1
315 1
440 1
64 1
34 1
529 1
153 1
10 1
1 1
54 1
208 1
609 1
280 1
10 1
177 1
0 1
61 1
360 1
132 1
646 1
466 1
1 1
54 1
396 1
432 1
97 1
145 1
164 1
130 1
915 1
111 1
97 1
840 1
372 1
110 1
308 1
401 1
92 1
294 1
108 1
234 1
236 1
19 1
17 1
36 1
320 1
375 1
415 1
176 1
101 1
431 1
434 1
382 1
324 1
373 1
649 1
238 1
398 1
158 1
742 1
226 1
366 1
368 1
84 1
6 1
225 1
688 1
258 1
173 1
359 1
497 1
71 1
389 1
84 1
21 1
24 1
78 1
220 1
0 1
139 1
409 1
124 1
248 1
863 1
360 1
446 1
65 1
162 1
84 1
122 1
5 1
75 1
80 1
426 1
257 1
207 1
112 1
10 1
3 1
0 1
91 1
104 1
768 1
287 1
232 1
652 1
256 1
106 1
620 1
115 1
1 1
364 1
40 1
10 1
392 1
220 1
186 1
374 1
166 1
135 1
100 1
44 1
86 1
114 1
380 1
94 1
0 1
180 1
553 1
24 1
143 1
456 1
232 1
726 1
441 1
222 1
208 1
112 1
105 1
7 1
0 1
283 1
20 1
584 1
490 1
134 1
861 1
286 1
103 1
14 1
160 1
310 1
90 1
75 1
8 1
9 1
115 1
0 1
111 1
426 1
232 1
754 1
51 1
337 1
136 1
218 1
384 1
249 1
250 1
619 1
370 1
288 1
360 1
145 1
414 1
64 1
735 1
98 1
240 1
168 1
136 1
29 1
68 1
0 1
244 1
38 1
72 1
209 1
90 1
94 1
61 1
106 1
151 1
77 1
216 1
164 1
252 1
140 1
123 1
196 1
57 1
263 1
159 1
585 1
42 1
88 1
96 1
508 1
504 1
432 1
26 1
204 1
0 1
6 1
154 1
6 1
344 1
72 1
288 1
17 1
112 1
132 1
161 1
6 1
504 1
612 1
237 1
272 1
0 1
400 1
5 1
164 1
625 1
134 1
310 1
76 1
844 1
481 1
49 1
624 1
758 1
273 1
17 1
194 1
384 1
304 1
181 1
700 1
114 1
118 1
699 1
10 1
34 1
118 1
128 1
161 1
477 1
328 1
54 1
309 1
457 1
114 1
386 1
512 1
65 1
433 1
288 1
60 1
16 1
816 1
151 1
630 1
31 1
332 1
596 1
392 1
56 1
481 1
208 1
22 1
254 1
156 1
670 1
483 1
113 1
570 1
344 1
648 1
710 1
24 1
256 1
378 1
13 1
104 1
62 1
402 1
443 1
5 1
230 1
256 1
277 1
375 1
336 1
223 1
66 1
0 1
224 1
480 1
136 1
208 1
0 1
0 1
236 1
788 1
274 1
93 1
173 1
354 1
86 1
418 1
582 1
311 1
256 1
63 1
205 1
88 1
459 1
82 1
84 1
126 1
31 1
318 1
252 1
96 1
468 1
244 1
0 1
304 1
42 1
56 1
4 1
402 1
75 1
310 1
246 1
132 1
460 1
447 1
26 1
540 1
139 1
216 1
468 1
26 1
7 1
98 1
165 1
144 1
298 1
156 1
454 1
476 1
29 1
28 1
27 1
8 1
15 1
707 1
46 1
78 1
583 1
0 1
464 1
28 1
12 1
97 1
59 1
326 1
355 1
485 1
260 1
486 1
232 1
644 1
42 1
62 1
133 1
418 1
63 1
244 1
258 1
483 1
104 1
127 1
17 1
355 1
517 1
170 1
391 1
233 1
74 1
436 1
792 1
194 1
52 1
376 1
69 1
232 1
30 1
205 1
228 1
15 1
32 1
16 1
72 1
33 1
252 1
52 1
6 1
24 1
644 1
42 1
330 1
114 1
109 1
6 1
328 1
753 1
514 1
87 1
303 1
60 1
42 1
55 1
281 1
7 1
386 1
559 1
152 1
315 1
165 1
310 1
98 1
525 1
76 1
178 1
164 1
148 1
140 1
232 1
160 1
689 1
246 1
704 1
108 1
161 1
169 1
86 1
370 1
4 1
471 1
512 1
318 1
42 1
376 1
30 1
46 1
361 1
177 1
23 1
17 1
0 1
288 1
210 1
696 1
9 1
229 1
566 1
381 1
186 1
78 1
264 1
244 1
237 1
96 1
73 1
103 1
90 1
286 1
160 1
88 1
57 1
51 1
42 1
639 1
481 1
380 1
108 1
385 1
72 1
4 1
119 1
147 1
113 1
19 1
187 1
138 1
242 1
342 1
402 1
896 1
136 1
315 1
529 2
470 1
14 1
454 1
138 1
342 1
270 1
412 1
88 1
240 1
22 1
0 1
118 1
900 1
746 1
10 1
74 1
45 1
39 1
31 1
395 1
168 1
47 1
84 1
124 1
638 1
91 1
205 1
368 1
9 1
170 1
308 1
40 1
784 1
449 1
52 1
16 1
630 1
218 1
252 1
862 1
96 1
316 1
492 1
116 1
24 1
180 1
729 1
168 1
216 1
2 1
255 1
252 1
8 1
70 1
518 1
118 1
138 1
87 1
786 1
286 1
221 1
17 1
618 1
180 1
1 1
50 1
364 1
320 1
152 1
75 1
434 1
164 1
4 1
844 1
8 1
18 1
4 1
441 1
210 1
959 1
9 1
783 1
272 1
18 1
68 1
87 1
200 1
464 1
343 1
269 1
630 1
540 1
4 1
264 1
656 1
401 1
129 1
32 1
24 1
77 1
5 1
430 1
242 1
380 1
78 1
96 1
24 1
246 1
96 1
554 1
607 1
132 1
12 1
412 1
138 1
24 1
49 1
294 1
4 1
77 1
118 1
176 1
5 1
9 1
540 1
513 1
116 1
207 1
378 1
39 1
50 1
101 1
178 1
332 1
122 1
120 1
310 1
126 1
105 1
297 1
318 1
110 1
574 1
705 1
264 1
59 1
58 1
362 1
402 1
164 1
420 1
203 1
0 1
207 1
252 1
670 1
396 1
308 1
0 1
282 1
64 1
3 1
90 1
756 1
326 1
302 1
682 1
2 1
591 1
84 1
572 1
197 1
27 1
324 1
736 1
676 1
145 1
14 1
578 1
226 1
118 1
1 1
237 1
232 1
509 1
8 1
208 1
14 1
224 1
16 1
392 1
431 1
22 1
73 1
115 1
278 1
290 1
248 1
157 1
241 1
30 1
33 1
504 1
561 1
43 1
805 1
312 1
3 1
36 1
268 1
139 1
338 1
25 1
48 1
9 1
454 1
712 1
97 1
196 1
21 1
700 1
92 1
198 1
546 1
27 1
604 1
364 1
204 1
303 1
330 1
76 1
870 1
40 1
0 1
98 1
536 1
160 1
12 1
18 1
176 1
184 1
293 1
0 1
28 1
12 1
7 1
62 1
245 1
333 1
420 1
150 1
576 1
159 1
170 1
260 1
91 1
1 1
538 1
32 1
196 1
172 1
476 1
454 1
66 1
599 1
1 1
146 1
4 1
756 1
3 1
285 1
803 1
714 1
335 1
115 1
98 1
215 1
0 1
377 1
2 1
159 1
840 1
216 1
233 1
772 1
342 1
53 1
54 1
208 1
73 1
24 1
268 1
147 1
98 1
488 1
45 1
23 1
46 1
54 1
56 1
550 1
444 1
736 1
430 1
451 1
110 1
147 1
138 1
650 1
30 1
31 1
2 1
138 1
232 1
76 1
582 1
316 1
826 1
641 1
264 1
322 1
664 1
259 1
166 1
327 1
63 1
826 1
186 1
643 1
355 1
96 1
270 1
594 1
8 1
376 1
105 1
77 1
16 1
480 1
234 1
406 1
54 1
271 1
15 1
22 1
480 1
60 1
97 1
503 1
165 1
340 1
185 1
135 1
150 1
672 1
79 1
208 1
263 1
600 1
121 1
72 1
20 1
190 1
435 1
654 1
78 1
36 1
221 1
242 1
247 1
566 1
280 1
64 1
780 1
49 1
411 1
102 1
737 1
34 1
47 1
22 1
211 1
127 1
116 1
456 1
183 1
224 1
518 1
474 1
95 1
134 1
28 1
396 1
270 1
103 1
488 1
609 1
720 1
681 1
62 1
105 1
66 1
120 1
304 1
314 1
344 1
371 1
4 1
21 1
149 1
246 1
78 1
0 1
557 1
92 1
398 1
98 1
300 1
72 1
914 1
3 1
230 1
113 1
78 1
48 1
88 1
399 1
104 1
212 1
49 1
63 1
439 1
279 1
98 1
376 1
4 1
375 1
27 1
542 1
315 1
390 1
28 1
2 1
2 1
348 1
145 1
110 1
862 1
6 1
213 1
10 1
303 1
174 1
0 1
533 1
269 1
180 1
248 1
21 1
6 1
542 1
0 1
90 1
14 1
64 1
324 1
15 1
50 1
12 1
61 1
260 1
24 1
168 1
0 1
173 1
187 1
93 1
158 1
421 1
273 1
86 1
336 1
44 1
121 1
274 1
594 1
45 1
34 1
465 1
114 1
280 1
368 1
231 1
76 1
288 1
35 1
448 1
54 1
11 1
295 1
20 1
304 1
250 1
167 1
322 1
263 1
6 1
380 1
99 1
0 1
773 1
219 1
106 1
178 1
644 1
183 1
76 1
600 1
201 1
305 1
64 1
878 1
95 1
430 1
101 1
133 1
12 1
90 1
273 1
24 1
404 1
2 1
11 1
128 1
608 1
141 1
188 1
504 1
568 1
528 1
44 1
518 1
41 1
8 1
235 1
52 1
82 1
414 1
92 1
232 1
252 1
549 1
116 1
7 1
29 1
248 1
788 1
260 1
149 1
25 1
15 1
171 1
141 1
300 1
99 1
760 1
385 1
0 1
24 1
646 1
38 1
232 1
0 1
31 1
44 1
119 1
117 1
111 1
203 1
22 1
189 1
24 1
604 1
186 1
180 1
80 1
72 1
398 1
95 1
236 1
724 1
648 1
303 1
468 1
530 1
24 1
672 1
195 1
667 1
399 1
675 1
630 1
378 1
394 1
186 1
374 1
50 1
626 1
339 1
323 1
342 1
86 1
793 1
4 1
224 1
8 1
770 1
368 1
496 1
348 1
42 1
211 1
296 1
82 1
310 1
0 1
192 1
108 1
23 1
120 1
24 1
268 1
170 1
1 1
271 1
74 1
294 1
6 1
552 1
213 1
447 1
143 1
39 1
40 1
760 1
675 1
39 1
58 1
440 1
55 1
360 1
18 1
476 1
50 1
434 1
0 1
884 1
216 1
813 1
32 1
50 1
38 1
132 1
416 1
576 1
627 1
85 1
630 1
13 1
274 1
233 1
415 1
770 1
219 1
13 1
34 1
208 1
15 1
361 1
24 1
264 1
195 1
368 1
55 1
292 1
299 1
16 1
63 1
718 1
842 1
8 1
766 1
122 1
374 1
683 1
145 1
122 1
366 1
120 1
100 1
480 1
222 1
56 1
616 1
179 1
88 1
80 1
272 1
0 1
70 1
618 1
365 1
66 1
264 1
107 1
131 1
27 1
232 1
412 1
924 1
594 1
130 1
234 1
240 1
100 1
196 1
305 1
30 1
630 1
54 1
757 1
0 1
456 1
354 1
14 1
16 1
440 1
36 1
0 1
191 1
17 1
588 1
140 1
542 1
288 1
299 1
2 1
12 1
21 1
136 1
528 1
226 1
804 1
120 1
523 1
368 1
780 1
295 1
35 1
69 1
458 1
581 1
386 1
333 1
96 1
49 1
14 1
386 1
182 1
110 1
136 1
7 1
63 1
150 1
562 1
392 1
8 1
12 1
12 1
20 1
76 1
867 1
238 1
364 1
23 1
321 1
99 1
390 1
306 1
768 1
791 1
470 1
176 1
0 1
57 1
7 1
26 1
384 1
217 1
6 1
224 1
252 1
59 1
96 1
34 1
326 1
202 1
744 1
21 1
236 1
791 1
136 1
18 1
580 1
33 1
510 1
254 1
228 1
262 1
199 1
160 1
131 1
664 1
588 1
288 1
732 1
146 1
195 1
15 1
58 1
168 1
240 1
24 1
44 1
340 1
810 1
0 1
456 1
255 1
20 1
54 1
243 1
112 1
84 1
83 1
384 1
30 1
14 1
212 1
0 1
0 1
531 1
173 1
379 1
224 1
610 1
140 1
402 1
28 1
514 1
408 1
141 1
456 1
293 1
29 1
254 1
155 1
498 1
737 1
16 1
114 1
66 1
180 1
200 1
47 1
12 1
14 1
31 1
403 1
423 1
762 1
87 1
50 1
140 1
489 1
100 1
5 1
468 1
520 1
265 1
506 1
24 1
112 1
112 1
4 1
72 1
267 1
108 1
700 1
115 1
276 1
364 1
42 1
450 1
51 1
140 1
16 1
34 1
48 1
926 1
32 1
433 1
6 1
84 1
142 1
615 1
366 1
203 1
91 1
501 1
48 1
766 1
55 1
827 1
1 1
64 1
611 1
104 1
354 1
363 1
5 1
216 1
100 1
138 1
21 1
184 1
125 1
344 1
54 1
704 1
690 1
241 1
4 1
576 1
262 1
650 1
0 1
310 1
132 1
282 1
198 1
293 1
125 1
215 1
142 1
55 1
124 1
54 1
0 1
20 1
52 1
276 1
721 1
20 1
252 1
112 1
244 1
196 1
37 1
140 1
144 1
122 1
121 1
28 1
318 1
192 1
226 1
40 1
97 1
459 1
201 1
102 1
76 1
754 1
416 1
303 1
540 1
441 1
18 1
99 1
774 1
219 1
72 1
244 1
368 1
288 1
881 1
249 1
14 1
154 1
473 1
20 1
442 1
25 1
56 1
98 1
188 1
346 1
515 1
53 1
668 1
145 1
13 1
828 1
88 1
507 1
307 1
34 1
602 1
99 1
574 1
22 1
463 1
142 1
52 1
162 1
58 1
378 1
60 1
74 1
96 1
20 1
9 1
112 1
216 1
202 1
16 1
392 1
72 1
36 1
162 1
670 1
36 1
233 1
254 1
294 1
99 1
504 1
214 1
44 1
216 1
17 1
333 1
288 1
266 1
24 1
433 1
331 1
48 1
161 1
510 1
487 1
33 1
7 1
559 1
408 1
371 1
424 1
369 1
493 1
99 1
108 1
430 1
264 1
224 1
48 1
174 1
209 1
736 1
520 1
553 1
177 1
180 1
25 1
92 1
508 1
588 1
175 1
10 1
798 1
443 1
370 1
328 1
304 1
108 1
82 1
143 1
410 1
96 1
83 1
4 1
275 1
66 1
120 1
44 1
58 1
20 1
299 1
307 1
728 1
630 1
596 1
452 1
220 1
641 1
11 1
200 1
89 1
56 1
480 1
281 1
0 1
220 1
624 1
189 1
76 1
49 1
291 1
128 1
112 1
145 1
179 1
152 1
39 1
4 1
460 1
318 1
174 1
54 1
383 1
342 1
480 1
200 1
240 1
736 1
514 1
110 1
560 1
194 1
637 1
45 1
482 1
144 1
292 1
70 1
87 1
144 1
167 1
792 1
384 1
436 1
380 1
3 1
32 1
50 1
560 1
136 1
316 1
313 1
230 1
464 1
26 1
297 1
152 1
304 1
78 1
228 1
265 1
522 1
26 1
3 1
351 1
104 1
70 1
72 1
51 1
80 1
364 1
60 1
96 1
33 1
2 1
196 1
573 1
667 1
128 1
322 1
124 1
36 1
338 1
30 1
35 1
126 1
540 1
612 1
936 1
362 1
294 1
262 1
114 1
142 1
30 1
80 1
38 1
43 1
5 1
98 1
545 1
24 1
21 1
9 1
223 1
437 1
359 1
18 1
18 1
88 1
150 1
122 1
493 1
296 1
135 1
69 1
81 1
662 1
210 1
274 1
756 1
156 1
246 1
354 1
14 1
288 1
46 1
300 1
713 1
545 1
22 1
487 1
702 1
80 1
120 1
57 1
26 1
56 1
222 1
436 1
118 1
534 1
429 1
24 1
80 1
472 1
295 1
67 1
450 1
720 1
379 1
210 1
50 1
720 1
535 1
320 1
886 1
26 1
164 1
144 1
229 1
102 1
2 1
150 1
456 1
72 1
36 1
311 1
375 1
64 1
208 1
27 1
192 1
292 1
221 1
375 1
98 1
314 1
460 1
42 1
295 1
0 1
60 1
128 1
238 1
597 1
33 1
139 1
438 1
553 1
278 1
122 1
288 1
52 1
80 1
270 1
392 1
174 1
17 1
91 1
109 1
52 1
199 1
10 1
428 1
29 1
690 2
198 1
329 1
691 1
81 1
5 1
151 1
66 1
74 1
46 1
205 1
25 1
106 1
4 1
206 1
10 1
164 1
138 1
258 1
129 1
104 1
54 1
530 1
692 1
14 1
513 1
347 1
84 1
74 1
505 1
613 1
701 1
176 1
624 1
458 1
434 1
195 1
57 1
355 1
525 1
70 1
306 1
104 1
4 1
143 1
96 1
5 1
216 1
262 1
184 1
144 1
204 1
243 1
239 1
40 1
560 1
108 1
54 1
90 1
448 1
155 1
6 1
12 1
315 1
52 1
144 1
214 1
20 1
196 1
46 1
288 1
453 1
279 1
25 1
47 1
7 1
240 1
1 1
54 1
49 1
28 1
788 1
397 1
0 1
700 1
269 1
212 1
0 1
0 1
36 1
234 1
28 1
296 1
622 1
58 1
360 1
321 1
94 1
486 1
451 1
7 1
68 1
239 1
620 1
584 1
111 1
422 1
37 1
285 1
0 1
336 1
10 1
378 1
76 1
167 1
378 1
234 1
174 1
148 1
273 1
702 1
198 1
24 1
457 1
154 1
699 1
277 1
34 1
117 1
121 1
244 1
750 1
508 1
224 1
202 1
92 1
16 1
312 1
754 1
86 1
196 1
390 1
355 1
16 1
78 1
297 1
552 1
216 1
33 1
645 1
255 1
36 1
162 1
407 1
174 1
283 1
112 1
84 1
52 1
48 1
71 1
498 1
326 1
137 1
466 1
478 1
232 1
204 1
30 1
68 1
400 1
26 1
60 1
110 1
63 1
139 1
121 1
167 1
0 1
745 1
108 1
326 1
754 1
66 1
429 1
448 1
196 1
222 1
403 1
704 1
6 1
19 1
441 1
192 1
12 1
13 1
387 1
720 1
76 1
99 1
513 1
489 1
614 1
282 1
59 1
50 1
758 1
312 1
506 1
69 1
27 1
200 1
588 1
129 1
129 1
19 1
11 1
123 1
55 1
261 1
0 1
376 1
324 1
60 1
93 1
466 1
16 1
335 1
312 1
361 1
96 1
540 1
40 1
31 1
8 1
5 1
210 1
423 1
364 1
396 1
384 1
222 1
136 1
625 1
20 1
540 1
101 1
160 1
51 1
684 1
6 1
950 1
0 1
180 1
150 1
462 1
81 1
117 1
26 1
48 1
320 1
153 1
75 1
182 1
517 1
504 1
8 1
58 1
99 1
102 1
294 1
840 1
188 1
35 1
166 1
625 1
48 1
168 1
80 1
372 1
100 1
54 1
566 1
90 1
232 1
36 1
456 1
34 1
0 1
96 1
462 1
39 1
60 1
602 1
239 1
300 1
128 1
110 1
680 1
192 1
42 1
245 1
770 1
324 1
210 1
398 1
176 1
12 1
287 1
133 1
64 1
33 1
96 1
71 1
390 1
644 1
47 1
393 1
492 1
938 1
10 1
381 1
415 1
293 1
84 1
120 1
56 1
138 1
142 1
6 1
209 1
237 1
540 1
68 1
60 1
60 1
420 1
132 1
75 1
69 1
560 1
124 1
191 1
254 1
434 1
25 1
84 1
378 1
68 1
72 1
405 1
138 1
155 1
105 1
102 1
2 1
74 1
242 1
84 1
290 1
96 1
587 1
30 1
19 1
554 1
748 1
30 1
23 1
174 1
263 1
88 1
114 1
52 1
373 1
96 1
24 1
326 1
52 1
152 1
303 1
210 1
308 1
381 1
393 1
446 1
870 1
102 1
351 1
556 1
30 1
120 1
54 1
548 1
178 1
410 1
10 1
675 1
123 1
130 1
24 1
58 1
170 1
64 1
47 1
205 1
42 1
385 1
624 1
86 1
237 1
315 1
676 1
356 1
442 1
104 1
478 1
662 1
245 1
228 1
33 1
113 1
140 1
40 1
22 1
149 1
3 1
128 1
12 1
228 1
147 1
14 1
402 1
411 1
212 1
117 1
0 1
844 1
428 1
516 1
616 1
536 1
463 1
174 1
221 1
64 1
10 1
38 1
164 1
2 1
196 1
234 1
396 1
664 1
184 1
3 1
268 1
133 1
530 1
4 1
80 1
6 1
104 1
598 1
617 1
174 1
213 1
380 1
374 1
21 1
211 1
590 1
250 1
12 1
133 1
307 1
673 1
56 1
94 1
32 1
756 1
60 1
28 1
606 1
88 1
89 1
508 1
442 1
304 1
214 1
42 1
36 1
187 1
31 1
376 1
75 1
86 1
362 1
70 1
165 1
52 1
144 1
26 1
812 1
843 1
152 1
80 1
108 1
175 1
31 1
439 1
25 1
14 1
96 1
595 1
420 1
372 1
806 1
464 1
36 1
128 1
336 1
420 1
464 1
4 1
14 1
48 1
6 1
525 1
41 1
358 1
18 1
216 1
244 1
108 1
42 1
324 1
152 1
133 1
2 1
476 1
235 1
286 1
30 1
427 1
309 1
48 1
144 1
410 1
588 1
677 1
144 1
42 1
52 1
54 1
30 1
101 1
116 1
447 1
213 1
217 1
84 1
265 1
457 1
236 1
86 1
1 1
28 1
351 1
156 1
208 1
676 1
126 1
0 1
688 1
625 1
808 1
295 1
309 1
60 1
510 1
16 1
16 1
104 1
735 1
73 1
2 1
202 1
1 1
168 1
298 1
88 1
230 1
150 1
111 1
203 1
22 1
312 1
668 1
169 1
29 1
20 1
666 2
122 1
244 1
0 1
100 1
36 1
255 1
132 1
270 1
236 1
886 1
91 1
758 1
630 1
414 1
80 1
234 1
2 1
170 1
692 1
56 1
56 1
464 1
138 1
76 1
110 1
168 1
169 1
491 1
84 1
102 1
566 1
239 1
329 1
282 1
45 1
600 1
83 1
152 1
396 1
85 1
0 1
231 1
84 1
264 1
189 1
440 1
126 1
400 1
371 1
287 1
327 1
33 1
186 1
27 1
355 1
144 1
112 1
310 1
324 1
600 1
68 1
780 1
224 1
414 1
500 1
31 1
180 1
432 1
214 1
706 1
148 1
177 1
640 1
970 1
528 1
109 1
34 1
1 1
449 1
580 1
604 1
736 1
87 1
45 1
16 1
90 1
247 1
444 1
740 1
39 1
649 1
36 1
546 1
212 1
239 1
22 1
344 1
18 1
840 1
476 1
66 1
570 1
36 1
142 1
616 1
28 1
90 1
374 1
317 1
394 1
64 1
608 1
96 1
750 1
380 1
109 1
302 1
117 1
368 1
58 1
260 1
77 1
134 1
820 1
