2000
42 77622
1 62144
479 27004
465 84775
282 87553
492 13810
328 85924
105 84394
293 23378
217 53390
448 65854
39 71572
168 96535
395 67967
323 76991
165 70249
254 96804
145 84066
38 86843
242 64138
317 93350
343 90672
41 62512
149 85970
391 52270
351 99394
394 80908
124 61864
257 81360
377 59652
445 95086
324 94794
119 64822
42 96205
140 88168
431 45838
174 96094
246 91072
271 91967
74 98836
487 85510
137 58615
156 94606
53 77500
442 42216
431 79563
8 37391
288 41401
446 77219
259 98152
423 99124
31 97816
401 49958
156 96410
125 93424
484 92005
103 56350
337 96520
97 92692
200 67088
282 92898
500 92116
401 76124
468 49696
149 74519
422 87130
314 64774
117 39115
101 99069
57 40006
225 97248
110 61822
196 92095
344 89299
315 53856
201 93156
81 41592
282 43678
10 25896
123 59704
39 65990
158 69822
316 86272
12 99732
273 81960
147 37468
376 87823
143 81696
382 36244
152 95821
58 70208
390 84100
101 99670
370 88532
402 51805
424 99830
183 92520
427 95631
333 77692
155 77131
477 52528
193 98625
435 34291
13 91300
219 78733
424 60816
188 93679
438 70366
194 42085
417 90970
489 62690
235 77086
317 79694
264 59885
186 78164
309 85760
314 49924
59 77828
482 71776
223 79231
36 91350
467 93004
293 90133
25 98460
246 90886
314 98372
169 94834
406 38222
203 88075
415 63064
335 72472
160 97690
488 98254
178 53290
264 86944
486 51040
214 91846
100 84125
44 97148
473 88959
4 99840
94 96125
493 68476
287 74400
188 33920
475 88100
236 93037
261 83968
286 79000
195 88220
20 90500
195 82484
372 88252
94 75316
19 92384
153 100000
61 98740
258 46450
77 98839
259 82124
383 94410
488 16102
126 96517
429 99540
403 80074
97 64243
196 67000
261 99768
31 98614
272 99483
154 65200
425 50556
441 91738
330 78700
459 35030
8 84600
59 88183
261 49132
478 87796
388 99650
461 86196
385 99800
112 65160
357 74800
324 95240
217 90718
27 47091
272 75091
397 97426
113 77068
86 82657
130 98115
60 60928
356 75514
85 79364
473 78967
33 82559
484 85015
68 91600
439 96734
255 73249
176 80825
222 91180
435 98585
351 44758
202 54838
138 92496
494 63920
463 43612
301 98167
356 92190
463 95853
425 80344
444 83392
41 57625
73 98020
18 85216
196 44061
41 83720
91 91367
491 48815
315 87760
45 80570
260 79840
265 99457
330 81100
293 90347
57 79553
468 81811
241 97738
102 83445
184 93604
325 99608
260 70040
28 93700
287 53940
288 95112
4 96577
207 98370
172 78640
165 83102
414 61036
319 92000
206 93175
304 97844
248 72768
472 73568
76 69260
47 79018
263 42285
290 47440
41 99640
319 92930
324 37696
153 93910
264 89597
424 87300
470 99025
29 50379
89 80409
410 96913
182 35704
109 86740
259 40248
147 59590
344 96400
249 97588
284 92090
186 86586
130 94048
424 59137
267 34480
319 48214
26 99845
50 91936
16 43912
76 83954
197 89344
427 98962
430 99180
127 95500
94 94060
237 55726
495 91488
437 81684
356 98035
231 94875
12 93118
191 91900
135 67171
417 99584
263 85018
304 89698
257 81648
318 98583
29 100000
319 97100
156 57496
404 89132
410 93778
490 58264
154 83720
403 59287
370 79798
9 91051
4 59255
5 64480
314 91278
223 94894
411 85726
9 26101
494 69065
438 95998
201 54856
118 99175
316 94930
213 92784
455 82150
485 33880
316 93809
116 91310
399 78976
478 39808
190 99096
442 57630
364 94848
279 100000
386 87646
334 89749
296 45400
177 95650
99 78963
187 90720
250 98124
180 73056
406 91784
17 79084
88 62416
341 98194
163 92256
310 93970
374 45316
246 31474
32 98392
319 99186
308 99028
137 96580
310 95296
291 53872
153 81370
209 76432
213 85066
440 64924
205 89860
270 81198
424 56812
160 52372
197 91754
159 96788
393 84275
148 94084
308 67660
293 100000
300 31904
383 55900
76 89146
337 17654
398 90172
317 86530
426 86718
21 91600
148 74890
176 30688
255 71092
215 72552
70 93806
76 97585
476 99580
235 31150
465 27466
162 93924
470 45010
351 43475
411 53968
338 69346
137 81304
92 79885
6 99452
338 96228
471 99456
282 87080
374 89912
377 89704
73 93140
175 91583
112 59251
420 49675
86 92800
116 99424
167 93118
10 80500
74 69571
173 39856
32 71032
11 93972
280 94280
183 5455
265 73064
403 74700
475 44788
123 88681
290 99025
95 48550
255 99028
173 83308
413 24346
409 93880
224 30994
205 72566
459 55630
167 63300
193 94016
57 22222
22 81574
332 85392
449 40714
19 61280
112 35208
491 59500
487 63887
144 76282
169 66612
197 39976
228 90354
198 97564
28 99640
9 55970
238 86541
2 93600
112 92550
193 80074
182 82645
214 74138
473 43240
402 92566
378 65660
365 83710
324 99149
180 67045
328 86980
183 75292
488 98040
152 87646
361 47662
243 95280
129 88406
219 62199
366 47422
258 82900
99 90662
64 52108
279 61285
366 93550
387 88120
331 79456
493 88780
267 58150
100 85496
483 54944
370 87064
109 92356
433 71920
265 76429
150 94885
190 68800
149 56827
475 87097
201 73540
198 66680
79 94236
341 65287
26 96846
493 51364
12 46560
341 72355
30 57300
292 59680
50 14738
472 94379
194 90060
327 77960
83 71698
419 85849
450 91072
381 96264
209 99769
371 98628
75 86458
20 90984
391 70171
217 40336
242 51798
363 9840
116 89704
137 84160
33 84292
241 99298
171 84338
250 68266
106 98005
297 79352
179 89618
78 98950
230 59905
179 80772
400 88040
94 98624
244 98194
169 89495
474 69744
152 73216
447 96991
130 56616
292 71572
147 91537
316 46807
141 87728
52 80338
163 71635
395 82540
66 99155
262 86116
379 84460
448 92350
476 77750
150 51455
215 99426
433 64768
23 74580
142 94203
206 74641
39 32503
209 87304
260 20242
167 60870
29 94960
254 38404
4 73709
83 89165
107 51208
297 98299
456 81772
319 49240
275 70618
75 77634
136 83316
154 92096
181 77572
451 99539
200 80035
217 89447
246 79998
51 72307
288 89110
144 88820
30 79728
477 55293
391 78345
373 84352
321 28885
159 80842
79 69512
172 34264
198 96120
30 79508
485 19218
118 98110
185 31792
429 88554
391 43285
487 16420
211 77777
416 72970
81 65023
388 91816
8 47680
75 95288
272 86876
386 57393
105 68738
269 90914
1 94746
39 33260
290 91493
94 10392
262 79819
2 63346
166 84088
85 97625
222 53916
373 83464
344 84560
81 72052
214 57832
217 78828
41 43277
280 83683
154 87080
366 83720
336 61920
456 91125
309 75196
103 87040
441 89150
386 87040
337 60206
9 72800
77 71406
241 30796
274 63140
336 71200
208 74270
142 9572
169 54460
226 99892
137 85590
44 97018
423 72224
19 63544
215 85500
336 73129
396 85580
480 79105
292 88959
153 94951
30 92146
254 65140
315 71208
64 95592
365 20570
6 95582
488 65224
324 74940
491 60520
272 67955
471 83713
456 50338
7 91630
488 93532
89 62335
494 12220
466 99895
308 71777
135 67553
499 85935
219 86928
373 95436
265 99777
491 99596
228 62176
272 50937
364 92135
422 95050
496 96898
313 97735
56 54066
280 91144
155 95446
246 80128
291 78594
105 94825
79 40356
331 70341
95 55020
488 86275
117 26650
339 77995
198 98830
225 74404
475 55360
294 87130
62 94064
185 71350
120 39088
185 50059
284 77488
126 72034
29 90837
238 94904
296 75940
294 95648
81 69475
185 83794
291 96884
352 62590
475 93448
190 8370
240 95071
64 67357
6 15696
196 34948
499 88463
16 89647
327 58764
329 27781
479 97907
444 91738
350 78886
3 73633
347 87533
414 100000
191 29530
127 96230
383 88660
206 87938
223 87130
361 96656
312 78985
426 87337
43 97039
3 98317
24 94722
49 96430
137 72914
457 99845
463 90975
57 35155
45 42127
389 48250
320 79048
384 63425
143 49300
455 93370
258 47731
491 74250
234 66938
112 35780
142 97274
353 72218
303 59330
3 29104
396 98920
362 72452
200 66536
43 30763
348 76195
381 47568
211 76515
74 51952
204 92962
155 93292
75 65730
245 97844
119 76405
53 18690
232 98383
370 1396
104 72792
54 99054
89 45558
351 94720
412 86108
81 91068
377 60840
116 55896
180 87505
384 75076
263 94600
23 75107
187 63304
218 81784
268 90315
390 84292
82 99610
29 97241
153 94840
365 97935
429 60310
111 87433
237 91563
341 98779
394 91780
494 63054
462 85420
308 70253
424 80470
141 93202
384 90301
246 71914
266 99660
210 72549
251 75582
176 48053
272 56587
5 75298
201 40070
119 99800
329 92802
399 84320
436 90766
68 91072
162 94452
171 34312
56 56593
261 60784
434 96425
227 99966
260 90736
274 62944
434 85889
191 97866
169 86554
490 81808
148 35781
170 92650
450 96436
124 90067
155 73526
386 47228
394 61936
454 75916
185 67936
49 70330
312 98740
428 85128
100 85570
7 85938
359 96499
448 87280
365 95450
90 93202
413 97200
177 72505
487 94441
188 92945
391 90700
256 76832
3 72126
425 38620
333 63620
147 57458
384 66875
261 87490
322 98900
428 76818
252 74800
335 99763
311 84340
357 94320
436 59110
326 91386
213 81574
406 64846
193 93467
447 76207
116 86038
330 82270
200 87760
176 95536
274 80960
398 84664
204 90375
135 99922
383 60116
479 80818
222 95762
178 60800
482 53900
363 99104
96 98656
138 47249
285 62704
322 91706
169 90837
358 83969
265 90455
73 56011
216 99460
458 68200
453 77587
330 89104
299 92224
275 48795
39 38460
130 65644
379 89545
401 95368
106 96820
268 98761
285 69840
335 88989
86 74540
43 82972
19 91096
98 55296
170 53884
494 75112
103 96200
320 65780
485 92216
309 84704
315 55307
75 93460
55 17092
299 99916
322 53616
57 63703
209 94687
187 98460
143 89080
162 93140
79 78869
64 17106
416 85384
13 94951
252 48940
125 99251
85 84749
490 30322
291 94644
356 94420
473 99648
44 53982
152 97900
33 24491
4 86197
393 76897
393 96770
473 96542
6 84680
263 99037
39 24640
172 75862
15 71833
490 35758
257 84960
240 98548
284 91520
206 76431
387 88777
43 94735
357 15024
155 78022
261 84411
239 81508
99 63520
54 96717
217 58276
8 83620
448 74910
218 83832
315 96958
335 96580
293 74744
367 84748
276 100000
101 28124
380 46089
290 38015
273 95104
62 99348
447 72896
158 96310
465 74396
338 42442
112 91628
333 43297
492 79870
499 50821
401 79057
318 89170
442 50088
29 78323
474 99457
70 93872
368 25630
231 71583
68 59740
188 18433
246 60968
172 94595
93 82573
406 90937
81 95800
176 65200
378 82972
105 88341
245 79320
219 69179
428 98929
480 65200
397 75726
331 40942
350 85312
161 94924
334 66566
472 98348
242 96052
367 93895
271 66331
361 96144
163 59932
480 62461
39 80473
41 48130
134 93787
318 92898
136 94606
344 56662
452 86840
438 97912
98 70555
318 73136
238 85310
297 57210
129 97426
245 92720
70 52840
293 65332
28 98642
206 98757
414 84748
204 48910
382 40286
49 79168
12 63810
128 92080
363 90221
318 80120
101 100000
477 33010
431 90855
38 90294
428 93881
212 41480
254 70147
286 43296
1 73495
271 80500
132 82640
41 37876
249 63165
297 70656
53 36203
465 61064
57 23500
183 70407
100 94192
332 99700
51 98284
239 99877
344 84420
196 81238
364 90788
89 93898
480 71946
180 40351
403 66420
224 67744
324 31456
396 98424
409 94577
166 63438
111 92832
206 96205
270 70905
306 59848
146 86680
286 53200
495 87295
349 97408
257 59080
483 69094
136 71740
28 53009
269 83665
172 98674
12 97314
13 94210
162 91228
427 79754
444 57324
220 81184
94 92160
95 33206
128 99270
187 92440
238 87050
79 72388
404 87400
312 96425
96 98160
305 97792
142 73270
326 97401
313 91774
397 88046
95 98022
23 68920
456 45174
371 29130
328 94098
397 67600
242 94014
26 95788
430 61715
95 87069
188 96840
42 95750
361 100000
122 73044
118 52849
444 87073
12 96500
479 48200
393 93224
124 94492
48 52404
62 75248
72 65170
300 87232
268 97131
492 63978
347 82609
422 58896
300 82532
202 43424
105 54976
142 74848
221 81608
126 98404
175 15544
150 97270
4 88768
38 94918
152 94490
418 65306
85 95528
270 93424
398 95968
28 27036
383 88001
394 98922
105 62788
496 96777
393 2980
300 55630
75 59174
315 88063
219 78355
239 72028
464 83908
89 89605
421 71274
369 94582
158 77346
239 72794
407 79966
157 49105
424 94100
98 96724
407 65570
152 72480
244 65455
79 69455
15 58005
125 98576
418 98515
103 59752
199 26431
490 22580
276 98680
90 56800
113 96462
173 90028
54 70080
86 86948
398 99849
436 93304
417 61952
12 57750
297 93884
57 89548
259 96052
87 70084
129 19987
50 80400
129 73588
220 92993
48 57265
407 61864
270 50296
422 32575
17 70180
336 66370
50 98070
389 89275
378 36690
56 79254
1 55494
489 99880
311 58140
498 51422
305 82055
500 78304
113 60394
352 82327
34 100000
184 73324
211 65056
142 42316
185 80101
370 53152
193 96520
13 96800
336 92755
398 78902
135 94951
379 89336
235 73825
213 77184
293 66512
56 47794
474 86560
123 78959
323 49450
418 97414
198 75220
358 42290
399 17305
85 56800
497 81960
339 39224
296 94746
7 91149
294 84670
110 56104
466 91966
210 54092
176 97804
148 99766
228 55648
410 94670
91 85890
287 79582
345 94968
417 58243
472 87812
286 100000
286 85250
169 98626
9 68275
37 61120
471 54552
329 72256
201 55228
412 90000
5 77922
142 75850
7 77472
108 76438
179 65374
156 6410
333 71232
418 57970
208 91636
463 99522
427 61430
315 87100
280 43328
380 68488
177 41452
71 88144
145 71020
201 84692
62 79367
309 59320
480 92458
8 96052
478 91525
210 75718
340 83544
2 95614
359 83116
398 69008
203 75010
33 98960
482 95883
228 46477
383 55760
489 89409
14 79291
272 69788
39 97792
260 92526
234 87374
150 95710
42 93968
53 35485
139 48630
56 58112
223 82801
149 98664
369 84748
169 69376
138 92047
246 99730
475 82008
457 42216
82 65440
335 63904
28 99910
292 80935
192 81611
201 99728
444 98464
6 99686
167 96550
133 91306
146 99544
402 80722
185 82850
406 96350
471 59880
294 96064
357 79840
277 95400
291 31360
351 95860
362 22560
230 93300
83 97384
85 77770
183 92344
389 97475
111 75900
122 92666
255 23765
281 93654
421 44465
366 68032
391 93952
340 41989
130 72613
114 100000
146 90789
319 48981
408 26696
118 95281
265 94854
443 97844
156 51941
159 83232
11 90510
381 26410
41 95926
465 83704
271 77000
207 67988
197 96337
68 97825
176 31008
420 61448
322 81376
198 83432
72 92924
360 1697
400 61600
37 24192
416 25795
242 86667
209 92564
182 91468
208 87846
350 98050
125 98082
385 94112
146 82666
150 43216
308 99228
106 78951
456 85937
134 82637
237 79385
455 67240
405 61448
371 88912
177 58085
87 85120
476 99160
439 72070
439 19093
243 98740
132 86641
282 36730
173 50774
3 71712
399 79085
407 95908
295 39112
184 64720
486 85728
338 91096
131 74370
359 82528
319 99858
277 78588
185 93790
313 76250
312 90250
489 87880
184 22384
349 54920
188 78734
259 78111
17 42896
442 92696
16 97184
299 88963
206 71238
270 68725
388 99400
443 47485
374 94160
278 29134
286 57910
480 81895
436 48295
187 85792
86 96808
261 75248
189 71916
293 81930
199 62944
12 91728
122 99510
203 93604
73 78910
421 80614
81 61682
461 89990
368 94225
137 72775
291 54944
273 91142
468 95170
496 24304
187 92674
127 86060
166 63280
361 97844
13 48624
207 83750
250 85859
314 99354
422 28805
470 87988
66 23374
182 75010
54 99136
216 98086
190 82927
42 92271
73 46876
489 71440
200 80750
445 62192
407 91549
24 44083
74 89447
435 91126
418 90361
127 3475
214 97780
360 47920
334 91904
380 85006
294 13975
372 95292
272 91387
20 57860
53 76724
258 12790
358 73426
366 98366
260 50845
29 52732
370 87064
79 70770
344 76616
25 90565
223 90253
96 93388
184 82890
223 57727
4 90400
91 67360
6 63484
319 90423
121 95632
214 87856
183 78560
359 63962
95 33388
265 71956
391 93625
164 80436
232 92780
219 42656
221 92811
267 42404
127 96025
19 99300
315 91768
157 51760
252 96176
295 95464
477 91540
190 27932
302 64912
24 84849
328 93118
417 95437
124 98614
416 80816
170 68672
359 47408
138 43880
117 66384
75 44805
57 96528
117 84004
443 31552
50 94904
83 99450
417 96620
260 35365
345 31778
325 16022
122 45071
418 28011
61 87050
486 87678
209 94930
221 55592
430 65656
194 97968
423 89588
317 99730
413 77483
480 68122
403 99262
155 69814
439 83276
464 36752
349 99841
308 60706
438 82995
162 77104
462 91868
473 95860
473 94512
312 54775
230 96288
457 60658
121 78496
121 48844
484 96670
192 92856
165 60792
354 99432
124 93500
112 90592
150 87850
147 54560
305 42331
382 81742
84 97056
313 84061
48 98550
70 79648
140 97760
472 21680
457 34288
246 73750
199 97120
316 85536
473 92653
483 99820
334 90865
233 93730
65 52918
33 57232
439 75436
246 90029
245 56422
50 44894
59 91277
104 64660
227 99988
301 28936
348 87064
231 90120
1 97059
287 93404
80 94528
261 32850
268 73792
453 89522
71 97415
391 92896
251 92800
268 55802
218 27070
89 77005
80 85644
270 71620
310 87160
320 89794
21 95006
394 34312
500 55256
451 76915
366 93434
95 48160
120 94679
254 44191
161 83935
92 87688
355 90352
17 90350
446 87156
22 79016
260 36090
440 87374
269 92300
433 96020
236 71384
417 94722
317 84778
84 73135
358 81030
343 32140
407 82330
404 88664
36 63620
179 83840
450 36860
127 62791
342 87166
97 83731
269 68245
110 63424
62 88324
424 77131
350 95548
351 96520
270 97976
468 66800
159 97372
464 56080
259 98045
230 65112
471 65700
184 77628
447 47750
470 59421
198 77670
159 82948
292 52483
401 94400
237 82596
81 98895
285 87969
286 95580
37 70030
50 88604
200 97445
138 65119
118 97657
377 70201
45 33686
1 46752
135 48857
241 77737
442 67381
40 92575
100 60065
227 99576
84 55585
25 76725
171 81989
393 50752
274 64300
469 75990
31 58660
115 17560
359 99008
312 85461
429 81190
81 65700
413 100000
276 84712
412 60992
145 88664
367 6304
339 86220
448 92686
53 56224
111 90538
251 89850
426 44648
275 81553
37 97392
359 59666
62 82675
175 74702
83 90400
76 48488
301 91264
38 97625
130 85312
295 70336
76 65210
385 90899
196 51494
346 23788
157 91360
267 89946
54 67695
390 99275
129 98947
395 86680
55 77536
31 97336
57 46420
244 88261
494 65837
394 85777
93 96490
343 90720
462 52381
421 92530
122 48676
7 66330
116 72115
264 84268
436 92996
382 85193
453 59984
231 87704
200 76897
295 89176
384 82720
389 83599
203 88284
254 97158
76 87580
324 60805
206 80566
288 98934
31 97120
436 98667
175 89800
72 98425
431 76332
237 98650
453 56572
434 33260
461 38665
43 71267
444 87652
390 80416
199 61680
208 95320
448 87534
183 79552
449 87292
50 71576
326 90310
140 83348
276 98128
486 71057
378 92800
171 79696
230 95212
416 74656
363 96493
129 78615
260 68102
487 95535
141 91288
486 99934
162 86464
151 88096
362 46790
166 94600
311 39840
122 99216
15 58210
270 64280
472 52480
383 75905
152 94522
211 41224
296 98516
453 65980
313 92839
76 97750
112 19506
284 45209
51 78828
275 89164
336 93700
12 37792
51 99040
302 50869
424 79900
226 92160
49 83115
450 76340
383 92116
271 82225
20 98191
132 61932
226 71417
470 85568
464 95784
271 74653
225 92563
266 84840
456 95492
433 95680
140 84358
49 80608
49 63535
134 57825
15 46786
455 65496
159 65636
189 92344
357 22780
38 88719
344 99596
385 41560
137 95736
29 21648
194 71718
484 39599
398 90976
402 98940
4 98560
433 50428
34 90595
233 86640
467 66880
427 86588
145 53753
334 98770
241 97030
28 67774
188 70957
66 50051
319 95302
104 62396
179 70752
73 91138
257 82580
299 66538
342 93312
63 96579
294 98095
152 36320
272 91852
85 100000
456 49935
151 61368
11 92656
449 95050
420 90928
172 90055
224 94487
301 99062
385 44776
142 48416
163 93013
352 91420
439 89740
195 77572
246 73760
150 82216
402 54827
193 54865
43 75117
377 86690
249 67555
48 66055
250 76847
332 90990
269 90744
157 64705
87 70201
279 85132
90 62396
55 64224
157 74863
4 80686
320 78065
100 50932
46 82780
233 87308
404 33367
55 64596
115 62203
478 99352
332 70986
148 51589
175 95968
388 99529
492 73022
28 27228
497 91582
98 95072
103 30980
225 84205
124 89024
103 52342
490 96337
36 72434
153 30350
133 57515
372 95590
205 63715
320 95800
229 79504
286 67984
152 96892
416 65791
75 44350
47 74380
234 96619
319 48900
264 78894
459 28026
446 74908
421 75538
261 22066
236 98192
336 96544
266 42880
26 78976
13 74170
106 74674
274 91520
94 82710
215 91789
201 84222
286 67276
269 73552
349 95170
263 89936
293 100000
20 70030
492 29820
215 93285
400 68348
120 90350
186 87472
389 57925
397 44061
315 52060
38 84754
399 80212
464 99735
242 89146
156 84205
119 93232
171 83302
446 70111
366 84070
438 699
193 80904
32 71686
223 50392
376 62280
362 69904
23 58727
327 58856
278 75850
445 82625
322 80400
467 88012
48 38543
52 93730
78 96373
77 96780
75 80074
407 57585
49 90510
159 93856
