99 99
79 22 51
43 52 52
55 21 58
24 53 64
100 44 11
65 90 79
5 19 28
68 57 3
44 4 78
12 12 67
55 18 85
57 77 98
44 62 33
72 92 7
37 78 44
97 1 52
56 44 78
68 97 21
95 75 55
18 16 11
36 49 8
79 95 72
23 36 7
47 78 52
44 60 40
68 87 39
93 31 48
61 44 31
30 86 72
46 15 67
41 4 80
16 66 79
17 48 21
2 75 4
57 20 2
52 4 42
18 89 97
3 46 88
73 10 61
82 27 37
4 88 54
35 88 98
81 26 9
19 17 75
48 12 89
92 49 91
48 22 43
2 46 59
40 5 16
44 96 28
52 42 51
82 6 23
32 7 81
33 54 52
50 84 64
5 54 65
83 89 92
37 63 91
21 33 67
84 70 13
70 79 88
81 99 33
11 69 68
61 5 49
24 43 83
13 7 17
63 31 76
88 81 36
27 39 55
87 83 12
6 46 99
93 49 47
28 50 75
78 72 20
37 26 55
21 11 97
5 47 56
46 51 74
9 9 49
84 96 52
89 74 38
90 34 80
12 31 24
29 49 2
33 75 35
2 8 49
21 14 98
69 10 14
5 48 35
62 81 38
4 52 81
55 85 88
42 20 49
65 46 30
61 98 33
41 26 92
95 53 36
71 66 16
13 76 78
1 73 74 77
3 38 64
1 27 42 63
1 25 67 51
1 31 61 59
1 37 9 69
2 19 87 29
3 33 40
1 75 64 13
3 97 98
3 74 99
2 39 80 2
2 7 77 1
3 56 91
3 35 91
2 6 18 15
1 14 21 67
3 79 96
2 27 36 50
3 92 94
3 33 96
3 75 82
3 58 70
1 3 15 41
3 28 65
3 2 34
1 71 61 75
2 41 57 6
3 58 83
2 81 98 3
1 91 83 62
1 61 91 34
3 18 23
1 86 51 59
1 21 80 89
1 22 65 75
2 10 28 32
2 26 30 95
2 13 29 66
2 24 29 63
2 35 39 19
3 12 89
1 16 3 36
1 88 85 49
3 13 67
2 45 48 18
1 18 11 52
3 26 74
2 48 93 67
1 52 10 19
1 30 14 33
2 26 76 92
3 26 64
1 38 49 87
2 34 61 50
1 62 25 22
2 77 86 51
1 11 47 64
2 78 85 7
2 29 84 26
3 39 71
2 44 71 83
3 16 36
2 19 39 61
3 3 60
2 36 59 42
1 56 52 19
2 56 90 53
2 76 99 89
3 15 24
2 37 86 11
3 39 58
3 44 47
2 65 93 24
2 43 82 15
1 5 2 68
3 16 98
3 19 86
3 4 72
3 14 16
2 72 79 78
3 43 83
3 15 65
2 7 22 13
1 70 6 21
3 38 61
2 68 77 27
1 20 92 17
2 14 49 31
2 26 71 71
1 78 61 61
2 43 72 59
2 18 21 19
3 31 55
2 20 76 79
2 9 37 31
1 14 14 22
1 35 57 8
2 76 77 7