1 1
1 2
1 3
1 4
1 5
1 6
1 7
1 8
1 9
1 10
1 11
1 12
1 13
1 14
1 15
1 16
1 17
1 18
1 19
1 20
1 21
1 22
1 23
1 24
1 25
1 26
1 27
1 28
1 29
1 30
1 31
1 32
1 33
1 34
1 35
1 36
1 37
1 38
1 39
1 40
1 41
1 42
1 43
1 44
1 45
1 46
1 47
1 48
1 49
1 50
1 51
1 52
1 53
1 54
1 55
1 56
1 57
1 58
1 59
1 60
1 61
1 62
1 63
1 64
1 65
1 66
1 67
1 68
1 69
1 70
1 71
1 72
1 73
1 74
1 75
1 76
1 77
1 78
1 79
1 80
1 81
2 2
2 1
2 4
2 3
2 6
2 5
2 8
2 7
2 10
2 9
2 12
2 11
2 14
2 13
2 16
2 15
2 18
2 17
2 20
2 19
2 22
2 21
2 24
2 23
2 26
2 25
2 28
2 27
2 30
2 29
2 32
2 31
2 34
2 33
2 36
2 35
2 38
2 37
2 40
2 39
2 42
2 41
2 44
2 43
2 46
2 45
2 48
2 47
2 50
2 49
2 52
2 51
2 54
2 53
2 56
2 55
2 58
2 57
2 60
2 59
2 62
2 61
2 64
2 63
2 66
2 65
2 68
2 67
2 70
2 69
2 72
2 71
2 74
2 73
2 76
2 75
2 78
2 77
2 80
2 79
3 1
2 81
3 3
3 2
3 5
3 4
3 7
3 6
3 9
3 8
3 11
3 10
3 13
3 12
3 15
3 14
3 17
3 16
3 19
3 18
3 21
3 20
3 23
3 22
3 25
3 24
3 27
3 26
3 29
3 28
3 31
3 30
3 33
3 32
3 35
3 34
3 37
3 36
3 39
3 38
3 41
3 40
3 43
3 42
3 45
3 44
3 47
3 46
3 49
3 48
3 51
3 50
3 53
3 52
3 55
3 54
3 57
3 56
3 59
3 58
3 61
3 60
3 63
3 62
3 65
3 64
3 67
3 66
3 69
3 68
3 71
3 70
3 73
3 72
3 75
3 74
3 77
3 76
3 79
3 78
3 81
3 80
4 1
4 2
4 3
4 4
4 5
4 6
4 7
4 8
4 9
4 10
4 11
4 12
4 13
4 14
4 15
4 16
4 17
4 18
4 19
4 20
4 21
4 22
4 23
4 24
4 25
4 26
4 27
4 28
4 29
4 30
4 31
4 32
4 33
4 34
4 35
4 36
4 37
4 38
4 39
4 40
4 41
4 42
4 43
4 44
4 45
4 46
4 47
4 48
4 49
4 50
4 51
4 52
4 53
4 54
4 55
4 56
4 57
4 58
4 59
4 60
4 61
4 62
4 63
4 64
4 65
4 66
4 67
4 68
4 69
4 70
4 71
4 72
4 73
4 74
4 75
4 76
4 77
4 78
4 79
4 80
4 81
5 1
5 2
5 3
5 4
5 5
5 6
5 7
5 8
5 9
5 10
5 11
5 12
5 13
5 14
5 15
5 16
5 17
5 18
5 19
5 20
5 21
5 22
5 23
5 24
5 25
5 26
5 27
5 28
5 29
5 30
5 31
5 32
5 33
5 34
5 35
5 36
5 37
5 38
5 39
5 40
5 41
5 42
5 43
5 44
5 45
5 46
5 47
5 48
5 49
5 50
5 51
5 52
5 53
5 54
5 55
5 56
5 57
5 58
5 59
5 60
5 61
5 62
5 63
5 64
5 65
5 66
5 67
5 68
5 69
5 70
5 71
5 72
5 73
5 74
5 75
5 76
5 77
5 78
5 79
5 80
5 81
6 2
6 1
6 4
6 3
6 6
6 5
6 8
6 7
6 10
6 9
6 12
6 11
6 14
6 13
6 16
6 15
6 18
6 17
6 20
6 19
6 22
6 21
6 24
6 23
6 26
6 25
6 28
6 27
6 30
6 29
6 32
6 31
6 34
6 33
6 36
6 35
6 38
6 37
6 40
6 39
6 42
6 41
6 44
6 43
6 46
6 45
6 48
6 47
6 50
6 49
6 52
6 51
6 54
6 53
6 56
6 55
6 58
6 57
6 60
6 59
6 62
6 61
6 64
6 63
6 66
6 65
6 68
6 67
6 70
6 69
6 72
6 71
6 74
6 73
6 76
6 75
6 78
6 77
6 80
6 79
7 1
6 81
7 3
7 2
7 5
7 4
7 7
7 6
7 9
7 8
7 11
7 10
7 13
7 12
7 15
7 14
7 17
7 16
7 19
7 18
7 21
7 20
7 23
7 22
7 25
7 24
7 27
7 26
7 29
7 28
7 31
7 30
7 33
7 32
7 35
7 34
7 37
7 36
7 39
7 38
7 41
7 40
7 43
7 42
7 45
7 44
7 47
7 46
7 49
7 48
7 51
7 50
7 53
7 52
7 55
7 54
7 57
7 56
7 59
7 58
7 61
7 60
7 63
7 62
7 65
7 64
7 67
7 66
7 69
7 68
7 71
7 70
7 73
7 72
7 75
7 74
7 77
7 76
7 79
7 78
7 81
7 80
8 1
8 2
8 3
8 4
8 5
8 6
8 7
8 8
8 9
8 10
8 11
8 12
8 13
8 14
8 15
8 16
8 17
8 18
8 19
8 20
8 21
8 22
8 23
8 24
8 25
8 26
8 27
8 28
8 29
8 30
8 31
8 32
8 33
8 34
8 35
8 36
8 37
8 38
8 39
8 40
8 41
8 42
8 43
8 44
8 45
8 46
8 47
8 48
8 49
8 50
8 51
8 52
8 53
8 54
8 55
8 56
8 57
8 58
8 59
8 60
8 61
8 62
8 63
8 64
8 65
8 66
8 67
8 68
8 69
8 70
8 71
8 72
8 73
8 74
8 75
8 76
8 77
8 78
8 79
8 80
8 81
9 1
9 2
9 3
9 4
9 5
9 6
9 7
9 8
9 9
9 10
9 11
9 12
9 13
9 14
9 15
9 16
9 17
9 18
9 19
9 20
9 21
9 22
9 23
9 24
9 25
9 26
9 27
9 28
9 29
9 30
9 31
9 32
9 33
9 34
9 35
9 36
9 37
9 38
9 39
9 40
9 41
9 42
9 43
9 44
9 45
9 46
9 47
9 48
9 49
9 50
9 51
9 52
9 53
9 54
9 55
9 56
9 57
9 58
9 59
9 60
9 61
9 62
9 63
9 64
9 65
9 66
9 67
9 68
9 69
9 70
9 71
9 72
9 73
9 74
9 75
9 76
9 77
9 78
9 79
9 80
9 81
10 2
10 1
10 4
10 3
10 6
10 5
10 8
10 7
10 10
10 9
10 12
10 11
10 14
10 13
10 16
10 15
10 18
10 17
10 20
10 19
10 22
10 21
10 24
10 23
10 26
10 25
10 28
10 27
10 30
10 29
10 32
10 31
10 34
10 33
10 36
10 35
10 38
10 37
10 40
10 39
10 42
10 41
10 44
10 43
10 46
10 45
10 48
10 47
10 50
10 49
10 52
10 51
10 54
10 53
10 56
10 55
10 58
10 57
10 60
10 59
10 62
10 61
10 64
10 63
10 66
10 65
10 68
10 67
10 70
10 69
10 72
10 71
10 74
10 73
10 76
10 75
10 78
10 77
10 80
10 79
11 1
10 81
11 3
11 2
11 5
11 4
11 7
11 6
11 9
11 8
11 11
11 10
11 13
11 12
11 15
11 14
11 17
11 16
11 19
11 18
11 21
11 20
11 23
11 22
11 25
11 24
11 27
11 26
11 29
11 28
11 31
11 30
11 33
11 32
11 35
11 34
11 37
11 36
11 39
11 38
11 41
11 40
11 43
11 42
11 45
11 44
11 47
11 46
11 49
11 48
11 51
11 50
11 53
11 52
11 55
11 54
11 57
11 56
11 59
11 58
11 61
11 60
11 63
11 62
11 65
11 64
11 67
11 66
11 69
11 68
11 71
11 70
11 73
11 72
11 75
11 74
11 77
11 76
11 79
11 78
11 81
11 80
12 1
12 2
12 3
12 4
12 5
12 6
12 7
12 8
12 9
12 10
12 11
12 12
12 13
12 14
12 15
12 16
12 17
12 18
12 19
12 20
12 21
12 22
12 23
12 24
12 25
12 26
12 27
12 28
12 29
12 30
12 31
12 32
12 33
12 34
12 35
12 36
12 37
12 38
12 39
12 40
12 41
12 42
12 43
12 44
12 45
12 46
12 47
12 48
12 49
12 50
12 51
12 52
12 53
12 54
12 55
12 56
12 57
12 58
12 59
12 60
12 61
12 62
12 63
12 64
12 65
12 66
12 67
12 68
12 69
12 70
12 71
12 72
12 73
12 74
12 75
12 76
12 77
12 78
12 79
12 80
12 81
13 1
13 2
13 3
13 4
13 5
13 6
13 7
13 8
13 9
13 10
13 11
13 12
13 13
13 14
13 15
13 16
13 17
13 18
13 19
13 20
13 21
13 22
13 23
13 24
13 25
13 26
13 27
13 28
13 29
13 30
13 31
13 32
13 33
13 34
13 35
13 36
13 37
13 38
13 39
13 40
13 41
13 42
13 43
13 44
13 45
13 46
13 47
13 48
13 49
13 50
13 51
13 52
13 53
13 54
13 55
13 56
13 57
13 58
13 59
13 60
13 61
13 62
13 63
13 64
13 65
13 66
13 67
13 68
13 69
13 70
13 71
13 72
13 73
13 74
13 75
13 76
13 77
13 78
13 79
13 80
13 81
14 2
14 1
14 4
14 3
14 6
14 5
14 8
14 7
14 10
14 9
14 12
14 11
14 14
14 13
14 16
14 15
14 18
14 17
14 20
14 19
14 22
14 21
14 24
14 23
14 26
14 25
14 28
14 27
14 30
14 29
14 32
14 31
14 34
14 33
14 36
14 35
14 38
14 37
14 40
14 39
14 42
14 41
14 44
14 43
14 46
14 45
14 48
14 47
14 50
14 49
14 52
14 51
14 54
14 53
14 56
14 55
14 58
14 57
14 60
14 59
14 62
14 61
14 64
14 63
14 66
14 65
14 68
14 67
14 70
14 69
14 72
14 71
14 74
14 73
14 76
14 75
14 78
14 77
14 80
14 79
15 1
14 81
15 3
15 2
15 5
15 4
15 7
15 6
15 9
15 8
15 11
15 10
15 13
15 12
15 15
15 14
15 17
15 16
15 19
15 18
15 21
15 20
15 23
15 22
15 25
15 24
15 27
15 26
15 29
15 28
15 31
15 30
15 33
15 32
15 35
15 34
15 37
15 36
15 39
15 38
15 41
15 40
15 43
15 42
15 45
15 44
15 47
15 46
15 49
15 48
15 51
15 50
15 53
15 52
15 55
15 54
15 57
15 56
15 59
15 58
15 61
15 60
15 63
15 62
15 65
15 64
15 67
15 66
15 69
15 68
15 71
15 70
15 73
15 72
15 75
15 74
15 77
15 76
15 79
15 78
15 81
15 80
16 1
16 2
16 3
16 4
16 5
16 6
16 7
16 8
16 9
16 10
16 11
16 12
16 13
16 14
16 15
16 16
16 17
16 18
16 19
16 20
16 21
16 22
16 23
16 24
16 25
16 26
16 27
16 28
16 29
16 30
16 31
16 32
16 33
16 34
16 35
16 36
16 37
16 38
16 39
16 40
16 41
16 42
16 43
16 44
16 45
16 46
16 47
16 48
16 49
16 50
16 51
16 52
16 53
16 54
16 55
16 56
16 57
16 58
16 59
16 60
16 61
16 62
16 63
16 64
16 65
16 66
16 67
16 68
16 69
16 70
16 71
16 72
16 73
16 74
16 75
16 76
16 77
16 78
16 79
16 80
16 81
17 1
17 2
17 3
17 4
17 5
17 6
17 7
17 8
17 9
17 10
17 11
17 12
17 13
17 14
17 15
17 16
17 17
17 18
17 19
17 20
17 21
17 22
17 23
17 24
17 25
17 26
17 27
17 28
17 29
17 30
17 31
17 32
17 33
17 34
17 35
17 36
17 37
17 38
17 39
17 40
17 41
17 42
17 43
17 44
17 45
17 46
17 47
17 48
17 49
17 50
17 51
17 52
17 53
17 54
17 55
17 56
17 57
17 58
17 59
17 60
17 61
17 62
17 63
17 64
17 65
17 66
17 67
17 68
17 69
17 70
17 71
17 72
17 73
17 74
17 75
17 76
17 77
17 78
17 79
17 80
17 81
18 2
18 1
18 4
18 3
18 6
18 5
18 8
18 7
18 10
18 9
18 12
18 11
18 14
18 13
18 16
18 15
18 18
18 17
18 20
18 19
18 22
18 21
18 24
18 23
18 26
18 25
18 28
18 27
18 30
18 29
18 32
18 31
18 34
18 33
18 36
18 35
18 38
18 37
18 40
18 39
18 42
18 41
18 44
18 43
18 46
18 45
18 48
18 47
18 50
18 49
18 52
18 51
18 54
18 53
18 56
18 55
18 58
18 57
18 60
18 59
18 62
18 61
18 64
18 63
18 66
18 65
18 68
18 67
18 70
18 69
18 72
18 71
18 74
18 73
18 76
18 75
18 78
18 77
18 80
18 79
19 1
18 81
19 3
19 2
19 5
19 4
19 7
19 6
19 9
19 8
19 11
19 10
19 13
19 12
19 15
19 14
19 17
19 16
19 19
19 18
19 21
19 20
19 23
19 22
19 25
19 24
19 27
19 26
19 29
19 28
19 31
19 30
19 33
19 32
19 35
19 34
19 37
19 36
19 39
19 38
19 41
19 40
19 43
19 42
19 45
19 44
19 47
19 46
19 49
19 48
19 51
19 50
19 53
19 52
19 55
19 54
19 57
19 56
19 59
19 58
19 61
19 60
19 63
19 62
19 65
19 64
19 67
19 66
19 69
19 68
19 71
19 70
19 73
19 72
19 75
19 74
19 77
19 76
19 79
19 78
19 81
19 80
20 1
20 2
20 3
20 4
20 5
20 6
20 7
20 8
20 9
20 10
20 11
20 12
20 13
20 14
20 15
20 16
20 17
20 18
20 19
20 20
20 21
20 22
20 23
20 24
20 25
20 26
20 27
20 28
20 29
20 30
20 31
20 32
20 33
20 34
20 35
20 36
20 37
20 38
20 39
20 40
20 41
20 42
20 43
20 44
20 45
20 46
20 47
20 48
20 49
20 50
20 51
20 52
20 53
20 54
20 55
20 56
20 57
20 58
20 59
20 60
20 61
20 62
20 63
20 64
20 65
20 66
20 67
20 68
20 69
20 70
20 71
20 72
20 73
20 74
20 75
20 76
20 77
20 78
20 79
20 80
20 81
21 1
21 2
21 3
21 4
21 5
21 6
21 7
21 8
21 9
21 10
21 11
21 12
21 13
21 14
21 15
21 16
21 17
21 18
21 19
21 20
21 21
21 22
21 23
21 24
21 25
21 26
21 27
21 28
21 29
21 30
21 31
21 32
21 33
21 34
21 35
21 36
21 37
21 38
21 39
21 40
21 41
21 42
21 43
21 44
21 45
21 46
21 47
21 48
21 49
21 50
21 51
21 52
21 53
21 54
21 55
21 56
21 57
21 58
21 59
21 60
21 61
21 62
21 63
21 64
21 65
21 66
21 67
21 68
21 69
21 70
21 71
21 72
21 73
21 74
21 75
21 76
21 77
21 78
21 79
21 80
21 81
22 2
22 1
22 4
22 3
22 6
22 5
22 8
22 7
22 10
22 9
22 12
22 11
22 14
22 13
22 16
22 15
22 18
22 17
22 20
22 19
22 22
22 21
22 24
22 23
22 26
22 25
22 28
22 27
22 30
22 29
22 32
22 31
22 34
22 33
22 36
22 35
22 38
22 37
22 40
22 39
22 42
22 41
22 44
22 43
22 46
22 45
22 48
22 47
22 50
22 49
22 52
22 51
22 54
22 53
22 56
22 55
22 58
22 57
22 60
22 59
22 62
22 61
22 64
22 63
22 66
22 65
22 68
22 67
22 70
22 69
22 72
22 71
22 74
22 73
22 76
22 75
22 78
22 77
22 80
22 79
23 1
22 81
23 3
23 2
23 5
23 4
23 7
23 6
23 9
23 8
23 11
23 10
23 13
23 12
23 15
23 14
23 17
23 16
23 19
23 18
23 21
23 20
23 23
23 22
23 25
23 24
23 27
23 26
23 29
23 28
23 31
23 30
23 33
23 32
23 35
23 34
23 37
23 36
23 39
23 38
23 41
23 40
23 43
23 42
23 45
23 44
23 47
23 46
23 49
23 48
23 51
23 50
23 53
23 52
23 55
23 54
23 57
23 56
23 59
23 58
23 61
23 60
23 63
23 62
23 65
23 64
23 67
23 66
23 69
23 68
23 71
23 70
23 73
23 72
23 75
23 74
23 77
23 76
23 79
23 78
23 81
23 80
24 1
24 2
24 3
24 4
24 5
24 6
24 7
24 8
24 9
24 10
24 11
24 12
24 13
24 14
24 15
24 16
24 17
24 18
24 19
24 20
24 21
24 22
24 23
24 24
24 25
24 26
24 27
24 28
24 29
24 30
24 31
24 32
24 33
24 34
24 35
24 36
24 37
24 38
24 39
24 40
24 41
24 42
24 43
24 44
24 45
24 46
24 47
24 48
24 49
24 50
24 51
24 52
24 53
24 54
24 55
24 56
24 57
24 58
24 59
24 60
24 61
24 62
24 63
24 64
24 65
24 66
24 67
24 68
24 69
24 70
24 71
24 72
24 73
24 74
24 75
24 76
24 77
24 78
24 79
24 80
24 81
25 1
25 2
25 3
25 4
25 5
25 6
25 7
25 8
25 9
25 10
25 11
25 12
25 13
25 14
25 15
25 16
25 17
25 18
25 19
25 20
25 21
25 22
25 23
25 24
25 25
25 26
25 27
25 28
25 29
25 30
25 31
25 32
25 33
25 34
25 35
25 36
25 37
25 38
25 39
25 40
25 41
25 42
25 43
25 44
25 45
25 46
25 47
25 48
25 49
25 50
25 51
25 52
25 53
25 54
25 55
25 56
25 57
25 58
25 59
25 60
25 61
25 62
25 63
25 64
25 65
25 66
25 67
25 68
25 69
25 70
25 71
25 72
25 73
25 74
25 75
25 76
25 77
25 78
25 79
25 80
25 81
26 2
26 1
26 4
26 3
26 6
26 5
26 8
26 7
26 10
26 9
26 12
26 11
26 14
26 13
26 16
26 15
26 18
26 17
26 20
26 19
26 22
26 21
26 24
26 23
26 26
26 25
26 28
26 27
26 30
26 29
26 32
26 31
26 34
26 33
26 36
26 35
26 38
26 37
26 40
26 39
26 42
26 41
26 44
26 43
26 46
26 45
26 48
26 47
26 50
26 49
26 52
26 51
26 54
26 53
26 56
26 55
26 58
26 57
26 60
26 59
26 62
26 61
26 64
26 63
26 66
26 65
26 68
26 67
26 70
26 69
26 72
26 71
26 74
26 73
26 76
26 75
26 78
26 77
26 80
26 79
27 1
26 81
27 3
27 2
27 5
27 4
27 7
27 6
27 9
27 8
27 11
27 10
27 13
27 12
27 15
27 14
27 17
27 16
27 19
27 18
27 21
27 20
27 23
27 22
27 25
27 24
27 27
27 26
27 29
27 28
27 31
27 30
27 33
27 32
27 35
27 34
27 37
27 36
27 39
27 38
27 41
27 40
27 43
27 42
27 45
27 44
27 47
27 46
27 49
27 48
27 51
27 50
27 53
27 52
27 55
27 54
27 57
27 56
27 59
27 58
27 61
27 60
27 63
27 62
27 65
27 64
27 67
27 66
27 69
27 68
27 71
27 70
27 73
27 72
27 75
27 74
27 77
27 76
27 79
27 78
27 81
27 80
28 1
28 2
28 3
28 4
28 5
28 6
28 7
28 8
28 9
28 10
28 11
28 12
28 13
28 14
28 15
28 16
28 17
28 18
28 19
28 20
28 21
28 22
28 23
28 24
28 25
28 26
28 27
28 28
28 29
28 30
28 31
28 32
28 33
28 34
28 35
28 36
28 37
28 38
28 39
28 40
28 41
28 42
28 43
28 44
28 45
28 46
28 47
28 48
28 49
28 50
28 51
28 52
28 53
28 54
28 55
28 56
28 57
28 58
28 59
28 60
28 61
28 62
28 63
28 64
28 65
28 66
28 67
28 68
28 69
28 70
28 71
28 72
28 73
28 74
28 75
28 76
28 77
28 78
28 79
28 80
28 81
29 1
29 2
29 3
29 4
29 5
29 6
29 7
29 8
29 9
29 10
29 11
29 12
29 13
29 14
29 15
29 16
29 17
29 18
29 19
29 20
29 21
29 22
29 23
29 24
29 25
29 26
29 27
29 28
29 29
29 30
29 31
29 32
29 33
29 34
29 35
29 36
29 37
29 38
29 39
29 40
29 41
29 42
29 43
29 44
29 45
29 46
29 47
29 48
29 49
29 50
29 51
29 52
29 53
29 54
29 55
29 56
29 57
29 58
29 59
29 60
29 61
29 62
29 63
29 64
29 65
29 66
29 67
29 68
29 69
29 70
29 71
29 72
29 73
29 74
29 75
29 76
29 77
29 78
29 79
29 80
29 81
30 2
30 1
30 4
30 3
30 6
30 5
30 8
30 7
30 10
30 9
30 12
30 11
30 14
30 13
30 16
30 15
30 18
30 17
30 20
30 19
30 22
30 21
30 24
30 23
30 26
30 25
30 28
30 27
30 30
30 29
30 32
30 31
30 34
30 33
30 36
30 35
30 38
30 37
30 40
30 39
30 42
30 41
30 44
30 43
30 46
30 45
30 48
30 47
30 50
30 49
30 52
30 51
30 54
30 53
30 56
30 55
30 58
30 57
30 60
30 59
30 62
30 61
30 64
30 63
30 66
30 65
30 68
30 67
30 70
30 69
30 72
30 71
30 74
30 73
30 76
30 75
30 78
30 77
30 80
30 79
31 1
30 81
31 3
31 2
31 5
31 4
31 7
31 6
31 9
31 8
31 11
31 10
31 13
31 12
31 15
31 14
31 17
31 16
31 19
31 18
31 21
31 20
31 23
31 22
31 25
31 24
31 27
31 26
31 29
31 28
31 31
31 30
31 33
31 32
31 35
31 34
31 37
31 36
31 39
31 38
31 41
31 40
31 43
31 42
31 45
31 44
31 47
31 46
31 49
31 48
31 51
31 50
31 53
31 52
31 55
31 54
31 57
31 56
31 59
31 58
31 61
31 60
31 63
31 62
31 65
31 64
31 67
31 66
31 69
31 68
31 71
31 70
31 73
31 72
31 75
31 74
31 77
31 76
31 79
31 78
31 81
31 80
32 1
32 2
32 3
32 4
32 5
32 6
32 7
32 8
32 9
32 10
32 11
32 12
32 13
32 14
32 15
32 16
32 17
32 18
32 19
32 20
32 21
32 22
32 23
32 24
32 25
32 26
32 27
32 28
32 29
32 30
32 31
32 32
32 33
32 34
32 35
32 36
32 37
32 38
32 39
32 40
32 41
32 42
32 43
32 44
32 45
32 46
32 47
32 48
32 49
32 50
32 51
32 52
32 53
32 54
32 55
32 56
32 57
32 58
32 59
32 60
32 61
32 62
32 63
32 64
32 65
32 66
32 67
32 68
32 69
32 70
32 71
32 72
32 73
32 74
32 75
32 76
32 77
32 78
32 79
32 80
32 81
33 1
33 2
33 3
33 4
33 5
33 6
33 7
33 8
33 9
33 10
33 11
33 12
33 13
33 14
33 15
33 16
33 17
33 18
33 19
33 20
33 21
33 22
33 23
33 24
33 25
33 26
33 27
33 28
33 29
33 30
33 31
33 32
33 33
33 34
33 35
33 36
33 37
33 38
33 39
33 40
33 41
33 42
33 43
33 44
33 45
33 46
33 47
33 48
33 49
33 50
33 51
33 52
33 53
33 54
33 55
33 56
33 57
33 58
33 59
33 60
33 61
33 62
33 63
33 64
33 65
33 66
33 67
33 68
33 69
33 70
33 71
33 72
33 73
33 74
33 75
33 76
33 77
33 78
33 79
33 80
33 81
34 2
34 1
34 4
34 3
34 6
34 5
34 8
34 7
34 10
34 9
34 12
34 11
34 14
34 13
34 16
34 15
34 18
34 17
34 20
34 19
34 22
34 21
34 24
34 23
34 26
34 25
34 28
34 27
34 30
34 29
34 32
34 31
34 34
34 33
34 36
34 35
34 38
34 37
34 40
34 39
34 42
34 41
34 44
34 43
34 46
34 45
34 48
34 47
34 50
34 49
34 52
34 51
34 54
34 53
34 56
34 55
34 58
34 57
34 60
34 59
34 62
34 61
34 64
34 63
34 66
34 65
34 68
34 67
34 70
34 69
34 72
34 71
34 74
34 73
34 76
34 75
34 78
34 77
34 80
34 79
35 1
34 81
35 3
35 2
35 5
35 4
35 7
35 6
35 9
35 8
35 11
35 10
35 13
35 12
35 15
35 14
35 17
35 16
35 19
35 18
35 21
35 20
35 23
35 22
35 25
35 24
35 27
35 26
35 29
35 28
35 31
35 30
35 33
35 32
35 35
35 34
35 37
35 36
35 39
35 38
35 41
35 40
35 43
35 42
35 45
35 44
35 47
35 46
35 49
35 48
35 51
35 50
35 53
35 52
35 55
35 54
35 57
35 56
35 59
35 58
35 61
35 60
35 63
35 62
35 65
35 64
35 67
35 66
35 69
35 68
35 71
35 70
35 73
35 72
35 75
35 74
35 77
35 76
35 79
35 78
35 81
35 80
36 1
36 2
36 3
36 4
36 5
36 6
36 7
36 8
36 9
36 10
36 11
36 12
36 13
36 14
36 15
36 16
36 17
36 18
36 19
36 20
36 21
36 22
36 23
36 24
36 25
36 26
36 27
36 28
36 29
36 30
36 31
36 32
36 33
36 34
36 35
36 36
36 37
36 38
36 39
36 40
36 41
36 42
36 43
36 44
36 45
36 46
36 47
36 48
36 49
36 50
36 51
36 52
36 53
36 54
36 55
36 56
36 57
36 58
36 59
36 60
36 61
36 62
36 63
36 64
36 65
36 66
36 67
36 68
36 69
36 70
36 71
36 72
36 73
36 74
36 75
36 76
36 77
36 78
36 79
36 80
36 81
37 1
37 2
37 3
37 4
37 5
37 6
37 7
37 8
37 9
37 10
37 11
37 12
37 13
37 14
37 15
37 16
37 17
37 18
37 19
37 20
37 21
37 22
37 23
37 24
37 25
37 26
37 27
37 28
37 29
37 30
37 31
37 32
37 33
37 34
37 35
37 36
37 37
37 38
37 39
37 40
37 41
37 42
37 43
37 44
37 45
37 46
37 47
37 48
37 49
37 50
37 51
37 52
37 53
37 54
37 55
37 56
37 57
37 58
37 59
37 60
37 61
37 62
37 63
37 64
37 65
37 66
37 67
37 68
37 69
37 70
37 71
37 72
37 73
37 74
37 75
37 76
37 77
37 78
37 79
37 80
37 81
38 2
38 1
38 4
38 3
38 6
38 5
38 8
38 7
38 10
38 9
38 12
38 11
38 14
38 13
38 16
38 15
38 18
38 17
38 20
38 19
38 22
38 21
38 24
38 23
38 26
38 25
38 28
38 27
38 30
38 29
38 32
38 31
38 34
38 33
38 36
38 35
38 38
38 37
38 40
38 39
38 42
38 41
38 44
38 43
38 46
38 45
38 48
38 47
38 50
38 49
38 52
38 51
38 54
38 53
38 56
38 55
38 58
38 57
38 60
38 59
38 62
38 61
38 64
38 63
38 66
38 65
38 68
38 67
38 70
38 69
38 72
38 71
38 74
38 73
38 76
38 75
38 78
38 77
38 80
38 79
39 1
38 81
39 3
39 2
39 5
39 4
39 7
39 6
39 9
39 8
39 11
39 10
39 13
39 12
39 15
39 14
39 17
39 16
39 19
39 18
39 21
39 20
39 23
39 22
39 25
39 24
39 27
39 26
39 29
39 28
39 31
39 30
39 33
39 32
39 35
39 34
39 37
39 36
39 39
39 38
39 41
39 40
39 43
39 42
39 45
39 44
39 47
39 46
39 49
39 48
39 51
39 50
39 53
39 52
39 55
39 54
39 57
39 56
39 59
39 58
39 61
39 60
39 63
39 62
39 65
39 64
39 67
39 66
39 69
39 68
39 71
39 70
39 73
39 72
39 75
39 74
39 77
39 76
39 79
39 78
39 81
39 80
40 1
40 2
40 3
40 4
40 5
40 6
40 7
40 8
40 9
40 10
40 11
40 12
40 13
40 14
40 15
40 16
40 17
40 18
40 19
40 20
40 21
40 22
40 23
40 24
40 25
40 26
40 27
40 28
40 29
40 30
40 31
40 32
40 33
40 34
40 35
40 36
40 37
40 38
40 39
40 40
40 41
40 42
40 43
40 44
40 45
40 46
40 47
40 48
40 49
40 50
40 51
40 52
40 53
40 54
40 55
40 56
40 57
40 58
40 59
40 60
40 61
40 62
40 63
40 64
40 65
40 66
40 67
40 68
40 69
40 70
40 71
40 72
40 73
40 74
40 75
40 76
40 77
40 78
40 79
40 80
40 81
41 1
41 2
41 3
41 4
41 5
41 6
41 7
41 8
41 9
41 10
41 11
41 12
41 13
41 14
41 15
41 16
41 17
41 18
41 19
41 20
41 21
41 22
41 23
41 24
41 25
41 26
41 27
41 28
41 29
41 30
41 31
41 32
41 33
41 34
41 35
41 36
41 37
41 38
41 39
41 40
41 41
41 42
41 43
41 44
41 45
41 46
41 47
41 48
41 49
41 50
41 51
41 52
41 53
41 54
41 55
41 56
41 57
41 58
41 59
41 60
41 61
41 62
41 63
41 64
41 65
41 66
41 67
41 68
41 69
41 70
41 71
41 72
41 73
41 74
41 75
41 76
41 77
41 78
41 79
41 80
41 81
42 2
42 1
42 4
42 3
42 6
42 5
42 8
42 7
42 10
42 9
42 12
42 11
42 14
42 13
42 16
42 15
42 18
42 17
42 20
42 19
42 22
42 21
42 24
42 23
42 26
42 25
42 28
42 27
42 30
42 29
42 32
42 31
42 34
42 33
42 36
42 35
42 38
42 37
42 40
42 39
42 42
42 41
42 44
42 43
42 46
42 45
42 48
42 47
42 50
42 49
42 52
42 51
42 54
42 53
42 56
42 55
42 58
42 57
42 60
42 59
42 62
42 61
42 64
42 63
42 66
42 65
42 68
42 67
42 70
42 69
42 72
42 71
42 74
42 73
42 76
42 75
42 78
42 77
42 80
42 79
43 1
42 81
43 3
43 2
43 5
43 4
43 7
43 6
43 9
43 8
43 11
43 10
43 13
43 12
43 15
43 14
43 17
43 16
43 19
43 18
43 21
43 20
43 23
43 22
43 25
43 24
43 27
43 26
43 29
43 28
43 31
43 30
43 33
43 32
43 35
43 34
43 37
43 36
43 39
43 38
43 41
43 40
43 43
43 42
43 45
43 44
43 47
43 46
43 49
43 48
43 51
43 50
43 53
43 52
43 55
43 54
43 57
43 56
43 59
43 58
43 61
43 60
43 63
43 62
43 65
43 64
43 67
43 66
43 69
43 68
43 71
43 70
43 73
43 72
43 75
43 74
43 77
43 76
43 79
43 78
43 81
43 80
44 1
44 2
44 3
44 4
44 5
44 6
44 7
44 8
44 9
44 10
44 11
44 12
44 13
44 14
44 15
44 16
44 17
44 18
44 19
44 20
44 21
44 22
44 23
44 24
44 25
44 26
44 27
44 28
44 29
44 30
44 31
44 32
44 33
44 34
44 35
44 36
44 37
44 38
44 39
44 40
44 41
44 42
44 43
44 44
44 45
44 46
44 47
44 48
44 49
44 50
44 51
44 52
44 53
44 54
44 55
44 56
44 57
44 58
44 59
44 60
44 61
44 62
44 63
44 64
44 65
44 66
44 67
44 68
44 69
44 70
44 71
44 72
44 73
44 74
44 75
44 76
44 77
44 78
44 79
44 80
44 81
45 1
45 2
45 3
45 4
45 5
45 6
45 7
45 8
45 9
45 10
45 11
45 12
45 13
45 14
45 15
45 16
45 17
45 18
45 19
45 20
45 21
45 22
45 23
45 24
45 25
45 26
45 27
45 28
45 29
45 30
45 31
45 32
45 33
45 34
45 35
45 36
45 37
45 38
45 39
45 40
45 41
45 42
45 43
45 44
45 45
45 46
45 47
45 48
45 49
45 50
45 51
45 52
45 53
45 54
45 55
45 56
45 57
45 58
45 59
45 60
45 61
45 62
45 63
45 64
45 65
45 66
45 67
45 68
45 69
45 70
45 71
45 72
45 73
45 74
45 75
45 76
45 77
45 78
45 79
45 80
45 81
46 2
46 1
46 4
46 3
46 6
46 5
46 8
46 7
46 10
46 9
46 12
46 11
46 14
46 13
46 16
46 15
46 18
46 17
46 20
46 19
46 22
46 21
46 24
46 23
46 26
46 25
46 28
46 27
46 30
46 29
46 32
46 31
46 34
46 33
46 36
46 35
46 38
46 37
46 40
46 39
46 42
46 41
46 44
46 43
46 46
46 45
46 48
46 47
46 50
46 49
46 52
46 51
46 54
46 53
46 56
46 55
46 58
46 57
46 60
46 59
46 62
46 61
46 64
46 63
46 66
46 65
46 68
46 67
46 70
46 69
46 72
46 71
46 74
46 73
46 76
46 75
46 78
46 77
46 80
46 79
47 1
46 81
47 3
47 2
47 5
47 4
47 7
47 6
47 9
47 8
47 11
47 10
47 13
47 12
47 15
47 14
47 17
47 16
47 19
47 18
47 21
47 20
47 23
47 22
47 25
47 24
47 27
47 26
47 29
47 28
47 31
47 30
47 33
47 32
47 35
47 34
47 37
47 36
47 39
47 38
47 41
47 40
47 43
47 42
47 45
47 44
47 47
47 46
47 49
47 48
47 51
47 50
47 53
47 52
47 55
47 54
47 57
47 56
47 59
47 58
47 61
47 60
47 63
47 62
47 65
47 64
47 67
47 66
47 69
47 68
47 71
47 70
47 73
47 72
47 75
47 74
47 77
47 76
47 79
47 78
47 81
47 80
48 1
48 2
48 3
48 4
48 5
48 6
48 7
48 8
48 9
48 10
48 11
48 12
48 13
48 14
48 15
48 16
48 17
48 18
48 19
48 20
48 21
48 22
48 23
48 24
48 25
48 26
48 27
48 28
48 29
48 30
48 31
48 32
48 33
48 34
48 35
48 36
48 37
48 38
48 39
48 40
48 41
48 42
48 43
48 44
48 45
48 46
48 47
48 48
48 49
48 50
48 51
48 52
48 53
48 54
48 55
48 56
48 57
48 58
48 59
48 60
48 61
48 62
48 63
48 64
48 65
48 66
48 67
48 68
48 69
48 70
48 71
48 72
48 73
48 74
48 75
48 76
48 77
48 78
48 79
48 80
48 81
49 1
49 2
49 3
49 4
49 5
49 6
49 7
49 8
49 9
49 10
49 11
49 12
49 13
49 14
49 15
49 16
49 17
49 18
49 19
49 20
49 21
49 22
49 23
49 24
49 25
49 26
49 27
49 28
49 29
49 30
49 31
49 32
49 33
49 34
49 35
49 36
49 37
49 38
49 39
49 40
49 41
49 42
49 43
49 44
49 45
49 46
49 47
49 48
49 49
49 50
49 51
49 52
49 53
49 54
49 55
49 56
49 57
49 58
49 59
49 60
49 61
49 62
49 63
49 64
49 65
49 66
49 67
49 68
49 69
49 70
49 71
49 72
49 73
49 74
49 75
49 76
49 77
49 78
49 79
49 80
49 81
50 2
50 1
50 4
50 3
50 6
50 5
50 8
50 7
50 10
50 9
50 12
50 11
50 14
50 13
50 16
50 15
50 18
50 17
50 20
50 19
50 22
50 21
50 24
50 23
50 26
50 25
50 28
50 27
50 30
50 29
50 32
50 31
50 34
50 33
50 36
50 35
50 38
50 37
50 40
50 39
50 42
50 41
50 44
50 43
50 46
50 45
50 48
50 47
50 50
50 49
50 52
50 51
50 54
50 53
50 56
50 55
50 58
50 57
50 60
50 59
50 62
50 61
50 64
50 63
50 66
50 65
50 68
50 67
50 70
50 69
50 72
50 71
50 74
50 73
50 76
50 75
50 78
50 77
50 80
50 79
51 1
50 81
51 3
51 2
51 5
51 4
51 7
51 6
51 9
51 8
51 11
51 10
51 13
51 12
51 15
51 14
51 17
51 16
51 19
51 18
51 21
51 20
51 23
51 22
51 25
51 24
51 27
51 26
51 29
51 28
51 31
51 30
51 33
51 32
51 35
51 34
51 37
51 36
51 39
51 38
51 41
51 40
51 43
51 42
51 45
51 44
51 47
51 46
51 49
51 48
51 51
51 50
51 53
51 52
51 55
51 54
51 57
51 56
51 59
51 58
51 61
51 60
51 63
51 62
51 65
51 64
51 67
51 66
51 69
51 68
51 71
51 70
51 73
51 72
51 75
51 74
51 77
51 76
51 79
51 78
51 81
51 80
52 1
52 2
52 3
52 4
52 5
52 6
52 7
52 8
52 9
52 10
52 11
52 12
52 13
52 14
52 15
52 16
52 17
52 18
52 19
52 20
52 21
52 22
52 23
52 24
52 25
52 26
52 27
52 28
52 29
52 30
52 31
52 32
52 33
52 34
52 35
52 36
52 37
52 38
52 39
52 40
52 41
52 42
52 43
52 44
52 45
52 46
52 47
52 48
52 49
52 50
52 51
52 52
52 53
52 54
52 55
52 56
52 57
52 58
52 59
52 60
52 61
52 62
52 63
52 64
52 65
52 66
52 67
52 68
52 69
52 70
52 71
52 72
52 73
52 74
52 75
52 76
52 77
52 78
52 79
52 80
52 81
53 1
53 2
53 3
53 4
53 5
53 6
53 7
53 8
53 9
53 10
53 11
53 12
53 13
53 14
53 15
53 16
53 17
53 18
53 19
53 20
53 21
53 22
53 23
53 24
53 25
53 26
53 27
53 28
53 29
53 30
53 31
53 32
53 33
53 34
53 35
53 36
53 37
53 38
53 39
53 40
53 41
53 42
53 43
53 44
53 45
53 46
53 47
53 48
53 49
53 50
53 51
53 52
53 53
53 54
53 55
53 56
53 57
53 58
53 59
53 60
53 61
53 62
53 63
53 64
53 65
53 66
53 67
53 68
53 69
53 70
53 71
53 72
53 73
53 74
53 75
53 76
53 77
53 78
53 79
53 80
53 81
54 2
54 1
54 4
54 3
54 6
54 5
54 8
54 7
54 10
54 9
54 12
54 11
54 14
54 13
54 16
54 15
54 18
54 17
54 20
54 19
54 22
54 21
54 24
54 23
54 26
54 25
54 28
54 27
54 30
54 29
54 32
54 31
54 34
54 33
54 36
54 35
54 38
54 37
54 40
54 39
54 42
54 41
54 44
54 43
54 46
54 45
54 48
54 47
54 50
54 49
54 52
54 51
54 54
54 53
54 56
54 55
54 58
54 57
54 60
54 59
54 62
54 61
54 64
54 63
54 66
54 65
54 68
54 67
54 70
54 69
54 72
54 71
54 74
54 73
54 76
54 75
54 78
54 77
54 80
54 79
55 1
54 81
55 3
55 2
55 5
55 4
55 7
55 6
55 9
55 8
55 11
55 10
55 13
55 12
55 15
55 14
55 17
55 16
55 19
55 18
55 21
55 20
55 23
55 22
55 25
55 24
55 27
55 26
55 29
55 28
55 31
55 30
55 33
55 32
55 35
55 34
55 37
55 36
55 39
55 38
55 41
55 40
55 43
55 42
55 45
55 44
55 47
55 46
55 49
55 48
55 51
55 50
55 53
55 52
55 55
55 54
55 57
55 56
55 59
55 58
55 61
55 60
55 63
55 62
55 65
55 64
55 67
55 66
55 69
55 68
55 71
55 70
55 73
55 72
55 75
55 74
55 77
55 76
55 79
55 78
55 81
55 80
56 1
56 2
56 3
56 4
56 5
56 6
56 7
56 8
56 9
56 10
56 11
56 12
56 13
56 14
56 15
56 16
56 17
56 18
56 19
56 20
56 21
56 22
56 23
56 24
56 25
56 26
56 27
56 28
56 29
56 30
56 31
56 32
56 33
56 34
56 35
56 36
56 37
56 38
56 39
56 40
56 41
56 42
56 43
56 44
56 45
56 46
56 47
56 48
56 49
56 50
56 51
56 52
56 53
56 54
56 55
56 56
56 57
56 58
56 59
56 60
56 61
56 62
56 63
56 64
56 65
56 66
56 67
56 68
56 69
56 70
56 71
56 72
56 73
56 74
56 75
56 76
56 77
56 78
56 79
56 80
56 81
57 1
57 2
57 3
57 4
57 5
57 6
57 7
57 8
57 9
57 10
57 11
57 12
57 13
57 14
57 15
57 16
57 17
57 18
57 19
57 20
57 21
57 22
57 23
57 24
57 25
57 26
57 27
57 28
57 29
57 30
57 31
57 32
57 33
57 34
57 35
57 36
57 37
57 38
57 39
57 40
57 41
57 42
57 43
57 44
57 45
57 46
57 47
57 48
57 49
57 50
57 51
57 52
57 53
57 54
57 55
57 56
57 57
57 58
57 59
57 60
57 61
57 62
57 63
57 64
57 65
57 66
57 67
57 68
57 69
57 70
57 71
57 72
57 73
57 74
57 75
57 76
57 77
57 78
57 79
57 80
57 81
58 2
58 1
58 4
58 3
58 6
58 5
58 8
58 7
58 10
58 9
58 12
58 11
58 14
58 13
58 16
58 15
58 18
58 17
58 20
58 19
58 22
58 21
58 24
58 23
58 26
58 25
58 28
58 27
58 30
58 29
58 32
58 31
58 34
58 33
58 36
58 35
58 38
58 37
58 40
58 39
58 42
58 41
58 44
58 43
58 46
58 45
58 48
58 47
58 50
58 49
58 52
58 51
58 54
58 53
58 56
58 55
58 58
58 57
58 60
58 59
58 62
58 61
58 64
58 63
58 66
58 65
58 68
58 67
58 70
58 69
58 72
58 71
58 74
58 73
58 76
58 75
58 78
58 77
58 80
58 79
59 1
58 81
59 3
59 2
59 5
59 4
59 7
59 6
59 9
59 8
59 11
59 10
59 13
59 12
59 15
59 14
59 17
59 16
59 19
59 18
59 21
59 20
59 23
59 22
59 25
59 24
59 27
59 26
59 29
59 28
59 31
59 30
59 33
59 32
59 35
59 34
59 37
59 36
59 39
59 38
59 41
59 40
59 43
59 42
59 45
59 44
59 47
59 46
59 49
59 48
59 51
59 50
59 53
59 52
59 55
59 54
59 57
59 56
59 59
59 58
59 61
59 60
59 63
59 62
59 65
59 64
59 67
59 66
59 69
59 68
59 71
59 70
59 73
59 72
59 75
59 74
59 77
59 76
59 79
59 78
59 81
59 80
60 1
60 2
60 3
60 4
60 5
60 6
60 7
60 8
60 9
60 10
60 11
60 12
60 13
60 14
60 15
60 16
60 17
60 18
60 19
60 20
60 21
60 22
60 23
60 24
60 25
60 26
60 27
60 28
60 29
60 30
60 31
60 32
60 33
60 34
60 35
60 36
60 37
60 38
60 39
60 40
60 41
60 42
60 43
60 44
60 45
60 46
60 47
60 48
60 49
60 50
60 51
60 52
60 53
60 54
60 55
60 56
60 57
60 58
60 59
60 60
60 61
60 62
60 63
60 64
60 65
60 66
60 67
60 68
60 69
60 70
60 71
60 72
60 73
60 74
60 75
60 76
60 77
60 78
60 79
60 80
60 81
61 1
61 2
61 3
61 4
61 5
61 6
61 7
61 8
61 9
61 10
61 11
61 12
61 13
61 14
61 15
61 16
61 17
61 18
61 19
61 20
61 21
61 22
61 23
61 24
61 25
61 26
61 27
61 28
61 29
61 30
61 31
61 32
61 33
61 34
61 35
61 36
61 37
61 38
61 39
61 40
61 41
61 42
61 43
61 44
61 45
61 46
61 47
61 48
61 49
61 50
61 51
61 52
61 53
61 54
61 55
61 56
61 57
61 58
61 59
61 60
61 61
61 62
61 63
61 64
61 65
61 66
61 67
61 68
61 69
61 70
61 71
61 72
61 73
61 74
61 75
61 76
61 77
61 78
61 79
61 80
61 81
62 2
62 1
62 4
62 3
62 6
62 5
62 8
62 7
62 10
62 9
62 12
62 11
62 14
62 13
62 16
62 15
62 18
62 17
62 20
62 19
62 22
62 21
62 24
62 23
62 26
62 25
62 28
62 27
62 30
62 29
62 32
62 31
62 34
62 33
62 36
62 35
62 38
62 37
62 40
62 39
62 42
62 41
62 44
62 43
62 46
62 45
62 48
62 47
62 50
62 49
62 52
62 51
62 54
62 53
62 56
62 55
62 58
62 57
62 60
62 59
62 62
62 61
62 64
62 63
62 66
62 65
62 68
62 67
62 70
62 69
62 72
62 71
62 74
62 73
62 76
62 75
62 78
62 77
62 80
62 79
63 1
62 81
63 3
63 2
63 5
63 4
63 7
63 6
63 9
63 8
63 11
63 10
63 13
63 12
63 15
63 14
63 17
63 16
63 19
63 18
63 21
63 20
63 23
63 22
63 25
63 24
63 27
63 26
63 29
63 28
63 31
63 30
63 33
63 32
63 35
63 34
63 37
63 36
63 39
63 38
63 41
63 40
63 43
63 42
63 45
63 44
63 47
63 46
63 49
63 48
63 51
63 50
63 53
63 52
63 55
63 54
63 57
63 56
63 59
63 58
63 61
63 60
63 63
63 62
63 65
63 64
63 67
63 66
63 69
63 68
63 71
63 70
63 73
63 72
63 75
63 74
63 77
63 76
63 79
63 78
63 81
63 80
64 1
64 2
64 3
64 4
64 5
64 6
64 7
64 8
64 9
64 10
64 11
64 12
64 13
64 14
64 15
64 16
64 17
64 18
64 19
64 20
64 21
64 22
64 23
64 24
64 25
64 26
64 27
64 28
64 29
64 30
64 31
64 32
64 33
64 34
64 35
64 36
64 37
64 38
64 39
64 40
64 41
64 42
64 43
64 44
64 45
64 46
64 47
64 48
64 49
64 50
64 51
64 52
64 53
64 54
64 55
64 56
64 57
64 58
64 59
64 60
64 61
64 62
64 63
64 64
64 65
64 66
64 67
64 68
64 69
64 70
64 71
64 72
64 73
64 74
64 75
64 76
64 77
64 78
64 79
64 80
64 81
65 1
65 2
65 3
65 4
65 5
65 6
65 7
65 8
65 9
65 10
65 11
65 12
65 13
65 14
65 15
65 16
65 17
65 18
65 19
65 20
65 21
65 22
65 23
65 24
65 25
65 26
65 27
65 28
65 29
65 30
65 31
65 32
65 33
65 34
65 35
65 36
65 37
65 38
65 39
65 40
65 41
65 42
65 43
65 44
65 45
65 46
65 47
65 48
65 49
65 50
65 51
65 52
65 53
65 54
65 55
65 56
65 57
65 58
65 59
65 60
65 61
65 62
65 63
65 64
65 65
65 66
65 67
65 68
65 69
65 70
65 71
65 72
65 73
65 74
65 75
65 76
65 77
65 78
65 79
65 80
65 81
66 2
66 1
66 4
66 3
66 6
66 5
66 8
66 7
66 10
66 9
66 12
66 11
66 14
66 13
66 16
66 15
66 18
66 17
66 20
66 19
66 22
66 21
66 24
66 23
66 26
66 25
66 28
66 27
66 30
66 29
66 32
66 31
66 34
66 33
66 36
66 35
66 38
66 37
66 40
66 39
66 42
66 41
66 44
66 43
66 46
66 45
66 48
66 47
66 50
66 49
66 52
66 51
66 54
66 53
66 56
66 55
66 58
66 57
66 60
66 59
66 62
66 61
66 64
66 63
66 66
66 65
66 68
66 67
66 70
66 69
66 72
66 71
66 74
66 73
66 76
66 75
66 78
66 77
66 80
66 79
67 1
66 81
67 3
67 2
67 5
67 4
67 7
67 6
67 9
67 8
67 11
67 10
67 13
67 12
67 15
67 14
67 17
67 16
67 19
67 18
67 21
67 20
67 23
67 22
67 25
67 24
67 27
67 26
67 29
67 28
67 31
67 30
67 33
67 32
67 35
67 34
67 37
67 36
67 39
67 38
67 41
67 40
67 43
67 42
67 45
67 44
67 47
67 46
67 49
67 48
67 51
67 50
67 53
67 52
67 55
67 54
67 57
67 56
67 59
67 58
67 61
67 60
67 63
67 62
67 65
67 64
67 67
67 66
67 69
67 68
67 71
67 70
67 73
67 72
67 75
67 74
67 77
67 76
67 79
67 78
67 81
67 80
68 1
68 2
68 3
68 4
68 5
68 6
68 7
68 8
68 9
68 10
68 11
68 12
68 13
68 14
68 15
68 16
68 17
68 18
68 19
68 20
68 21
68 22
68 23
68 24
68 25
68 26
68 27
68 28
68 29
68 30
68 31
68 32
68 33
68 34
68 35
68 36
68 37
68 38
68 39
68 40
68 41
68 42
68 43
68 44
68 45
68 46
68 47
68 48
68 49
68 50
68 51
68 52
68 53
68 54
68 55
68 56
68 57
68 58
68 59
68 60
68 61
68 62
68 63
68 64
68 65
68 66
68 67
68 68
68 69
68 70
68 71
68 72
68 73
68 74
68 75
68 76
68 77
68 78
68 79
68 80
68 81
69 1
69 2
69 3
69 4
69 5
69 6
69 7
69 8
69 9
69 10
69 11
69 12
69 13
69 14
69 15
69 16
69 17
69 18
69 19
69 20
69 21
69 22
69 23
69 24
69 25
69 26
69 27
69 28
69 29
69 30
69 31
69 32
69 33
69 34
69 35
69 36
69 37
69 38
69 39
69 40
69 41
69 42
69 43
69 44
69 45
69 46
69 47
69 48
69 49
69 50
69 51
69 52
69 53
69 54
69 55
69 56
69 57
69 58
69 59
69 60
69 61
69 62
69 63
69 64
69 65
69 66
69 67
69 68
69 69
69 70
69 71
69 72
69 73
69 74
69 75
69 76
69 77
69 78
69 79
69 80
69 81
70 2
70 1
70 4
70 3
70 6
70 5
70 8
70 7
70 10
70 9
70 12
70 11
70 14
70 13
70 16
70 15
70 18
70 17
70 20
70 19
70 22
70 21
70 24
70 23
70 26
70 25
70 28
70 27
70 30
70 29
70 32
70 31
70 34
70 33
70 36
70 35
70 38
70 37
70 40
70 39
70 42
70 41
70 44
70 43
70 46
70 45
70 48
70 47
70 50
70 49
70 52
70 51
70 54
70 53
70 56
70 55
70 58
70 57
70 60
70 59
70 62
70 61
70 64
70 63
70 66
70 65
70 68
70 67
70 70
70 69
70 72
70 71
70 74
70 73
70 76
70 75
70 78
70 77
70 80
70 79
71 1
70 81
71 3
71 2
71 5
71 4
71 7
71 6
71 9
71 8
71 11
71 10
71 13
71 12
71 15
71 14
71 17
71 16
71 19
71 18
71 21
71 20
71 23
71 22
71 25
71 24
71 27
71 26
71 29
71 28
71 31
71 30
71 33
71 32
71 35
71 34
71 37
71 36
71 39
71 38
71 41
71 40
71 43
71 42
71 45
71 44
71 47
71 46
71 49
71 48
71 51
71 50
71 53
71 52
71 55
71 54
71 57
71 56
71 59
71 58
71 61
71 60
71 63
71 62
71 65
71 64
71 67
71 66
71 69
71 68
71 71
71 70
71 73
71 72
71 75
71 74
71 77
71 76
71 79
71 78
71 81
71 80
72 1
72 2
72 3
72 4
72 5
72 6
72 7
72 8
72 9
72 10
72 11
72 12
72 13
72 14
72 15
72 16
72 17
72 18
72 19
72 20
72 21
72 22
72 23
72 24
72 25
72 26
72 27
72 28
72 29
72 30
72 31
72 32
72 33
72 34
72 35
72 36
72 37
72 38
72 39
72 40
72 41
72 42
72 43
72 44
72 45
72 46
72 47
72 48
72 49
72 50
72 51
72 52
72 53
72 54
72 55
72 56
72 57
72 58
72 59
72 60
72 61
72 62
72 63
72 64
72 65
72 66
72 67
72 68
72 69
72 70
72 71
72 72
72 73
72 74
72 75
72 76
72 77
72 78
72 79
72 80
72 81
73 1
73 2
73 3
73 4
73 5
73 6
73 7
73 8
73 9
73 10
73 11
73 12
73 13
73 14
73 15
73 16
73 17
73 18
73 19
73 20
73 21
73 22
73 23
73 24
73 25
73 26
73 27
73 28
73 29
73 30
73 31
73 32
73 33
73 34
73 35
73 36
73 37
73 38
73 39
73 40
73 41
73 42
73 43
73 44
73 45
73 46
73 47
73 48
73 49
73 50
73 51
73 52
73 53
73 54
73 55
73 56
73 57
73 58
73 59
73 60
73 61
73 62
73 63
73 64
73 65
73 66
73 67
73 68
73 69
73 70
73 71
73 72
73 73
73 74
73 75
73 76
73 77
73 78
73 79
73 80
73 81
74 2
74 1
74 4
74 3
74 6
74 5
74 8
74 7
74 10
74 9
74 12
74 11
74 14
74 13
74 16
74 15
74 18
74 17
74 20
74 19
74 22
74 21
74 24
74 23
74 26
74 25
74 28
74 27
74 30
74 29
74 32
74 31
74 34
74 33
74 36
74 35
74 38
74 37
74 40
74 39
74 42
74 41
74 44
74 43
74 46
74 45
74 48
74 47
74 50
74 49
74 52
74 51
74 54
74 53
74 56
74 55
74 58
74 57
74 60
74 59
74 62
74 61
74 64
74 63
74 66
74 65
74 68
74 67
74 70
74 69
74 72
74 71
74 74
74 73
74 76
74 75
74 78
74 77
74 80
74 79
75 1
74 81
75 3
75 2
75 5
75 4
75 7
75 6
75 9
75 8
75 11
75 10
75 13
75 12
75 15
75 14
75 17
75 16
75 19
75 18
75 21
75 20
75 23
75 22
75 25
75 24
75 27
75 26
75 29
75 28
75 31
75 30
75 33
75 32
75 35
75 34
75 37
75 36
75 39
75 38
75 41
75 40
75 43
75 42
75 45
75 44
75 47
75 46
75 49
75 48
75 51
75 50
75 53
75 52
75 55
75 54
75 57
75 56
75 59
75 58
75 61
75 60
75 63
75 62
75 65
75 64
75 67
75 66
75 69
75 68
75 71
75 70
75 73
75 72
75 75
75 74
75 77
75 76
75 79
75 78
75 81
75 80
76 1
76 2
76 3
76 4
76 5
76 6
76 7
76 8
76 9
76 10
76 11
76 12
76 13
76 14
76 15
76 16
76 17
76 18
76 19
76 20
76 21
76 22
76 23
76 24
76 25
76 26
76 27
76 28
76 29
76 30
76 31
76 32
76 33
76 34
76 35
76 36
76 37
76 38
76 39
76 40
76 41
76 42
76 43
76 44
76 45
76 46
76 47
76 48
76 49
76 50
76 51
76 52
76 53
76 54
76 55
76 56
76 57
76 58
76 59
76 60
76 61
76 62
76 63
76 64
76 65
76 66
76 67
76 68
76 69
76 70
76 71
76 72
76 73
76 74
76 75
76 76
76 77
76 78
76 79
76 80
76 81
77 1
77 2
77 3
77 4
77 5
77 6
77 7
77 8
77 9
77 10
77 11
77 12
77 13
77 14
77 15
77 16
77 17
77 18
77 19
77 20
77 21
77 22
77 23
77 24
77 25
77 26
77 27
77 28
77 29
77 30
77 31
77 32
77 33
77 34
77 35
77 36
77 37
77 38
77 39
77 40
77 41
77 42
77 43
77 44
77 45
77 46
77 47
77 48
77 49
77 50
77 51
77 52
77 53
77 54
77 55
77 56
77 57
77 58
77 59
77 60
77 61
77 62
77 63
77 64
77 65
77 66
77 67
77 68
77 69
77 70
77 71
77 72
77 73
77 74
77 75
77 76
77 77
77 78
77 79
77 80
77 81
78 2
78 1
78 4
78 3
78 6
78 5
78 8
78 7
78 10
78 9
78 12
78 11
78 14
78 13
78 16
78 15
78 18
78 17
78 20
78 19
78 22
78 21
78 24
78 23
78 26
78 25
78 28
78 27
78 30
78 29
78 32
78 31
78 34
78 33
78 36
78 35
78 38
78 37
78 40
78 39
78 42
78 41
78 44
78 43
78 46
78 45
78 48
78 47
78 50
78 49
78 52
78 51
78 54
78 53
78 56
78 55
78 58
78 57
78 60
78 59
78 62
78 61
78 64
78 63
78 66
78 65
78 68
78 67
78 70
78 69
78 72
78 71
78 74
78 73
78 76
78 75
78 78
78 77
78 80
78 79
79 1
78 81
79 3
79 2
79 5
79 4
79 7
79 6
79 9
79 8
79 11
79 10
79 13
79 12
79 15
79 14
79 17
79 16
79 19
79 18
79 21
79 20
79 23
79 22
79 25
79 24
79 27
79 26
79 29
79 28
79 31
79 30
79 33
79 32
79 35
79 34
79 37
79 36
79 39
79 38
79 41
79 40
79 43
79 42
79 45
79 44
79 47
79 46
79 49
79 48
79 51
79 50
79 53
79 52
79 55
79 54
79 57
79 56
79 59
79 58
79 61
79 60
79 63
79 62
79 65
79 64
79 67
79 66
79 69
79 68
79 71
79 70
79 73
79 72
79 75
79 74
79 77
79 76
79 79
79 78
79 81
79 80
80 1
80 2
80 3
80 4
80 5
80 6
80 7
80 8
80 9
80 10
80 11
80 12
80 13
80 14
80 15
80 16
80 17
80 18
80 19
80 20
80 21
80 22
80 23
80 24
80 25
80 26
80 27
80 28
80 29
80 30
80 31
80 32
80 33
80 34
80 35
80 36
80 37
80 38
80 39
80 40
80 41
80 42
80 43
80 44
80 45
80 46
80 47
80 48
80 49
80 50
80 51
80 52
80 53
80 54
80 55
80 56
80 57
80 58
80 59
80 60
80 61
80 62
80 63
80 64
80 65
80 66
80 67
80 68
80 69
80 70
80 71
80 72
80 73
80 74
80 75
80 76
80 77
80 78
80 79
80 80
80 81
81 1
81 2
81 3
81 4
81 5
81 6
81 7
81 8
81 9
81 10
81 11
81 12
81 13
81 14
81 15
81 16
81 17
81 18
81 19
81 20
81 21
81 22
81 23
81 24
81 25
81 26
81 27
81 28
81 29
81 30
81 31
81 32
81 33
81 34
81 35
81 36
81 37
81 38
81 39
81 40
81 41
81 42
81 43
81 44
81 45
81 46
81 47
81 48
81 49
81 50
81 51
81 52
81 53
81 54
81 55
81 56
81 57
81 58
81 59
81 60
81 61
81 62
81 63
81 64
81 65
81 66
81 67
81 68
81 69
81 70
81 71
81 72
81 73
81 74
81 75
81 76
81 77
81 78
81 79
81 80
81 81
82 2
82 1
82 4
82 3
82 6
82 5
82 8
82 7
82 10
82 9
82 12
82 11
82 14
82 13
82 16
82 15
82 18
82 17
82 20
82 19
82 22
82 21
82 24
82 23
82 26
82 25
82 28
82 27
82 30
82 29
82 32
82 31
82 34
82 33
82 36
82 35
82 38
82 37
82 40
82 39
82 42
82 41
82 44
82 43
82 46
82 45
82 48
82 47
82 50
82 49
82 52
82 51
82 54
82 53
82 56
82 55
82 58
82 57
82 60
82 59
82 62
82 61
82 64
82 63
82 66
82 65
82 68
82 67
82 70
82 69
82 72
82 71
82 74
82 73
82 76
82 75
82 78
82 77
82 80
82 79
83 1
82 81
83 3
83 2
83 5
83 4
83 7
83 6
83 9
83 8
83 11
83 10
83 13
83 12
83 15
83 14
83 17
83 16
83 19
83 18
83 21
83 20
83 23
83 22
83 25
83 24
83 27
83 26
83 29
83 28
83 31
83 30
83 33
83 32
83 35
83 34
83 37
83 36
83 39
83 38
83 41
83 40
83 43
83 42
83 45
83 44
83 47
83 46
83 49
83 48
83 51
83 50
83 53
83 52
83 55
83 54
83 57
83 56
83 59
83 58
83 61
83 60
83 63
83 62
83 65
83 64
83 67
83 66
83 69
83 68
83 71
83 70
83 73
83 72
83 75
83 74
83 77
83 76
83 79
83 78
83 81
83 80
84 1
84 2
84 3
84 4
84 5
84 6
84 7
84 8
84 9
84 10
84 11
84 12
84 13
84 14
84 15
84 16
84 17
84 18
84 19
84 20
84 21
84 22
84 23
84 24
84 25
84 26
84 27
84 28
84 29
84 30
84 31
84 32
84 33
84 34
84 35
84 36
84 37
84 38
84 39
84 40
84 41
84 42
84 43
84 44
84 45
84 46
84 47
84 48
84 49
84 50
84 51
84 52
84 53
84 54
84 55
84 56
84 57
84 58
84 59
84 60
84 61
84 62
84 63
84 64
84 65
84 66
84 67
84 68
84 69
84 70
84 71
84 72
84 73
84 74
84 75
84 76
84 77
84 78
84 79
84 80
84 81
85 1
85 2
85 3
85 4
85 5
85 6
85 7
85 8
85 9
85 10
85 11
85 12
85 13
85 14
85 15
85 16
85 17
85 18
85 19
85 20
85 21
85 22
85 23
85 24
85 25
85 26
85 27
85 28
85 29
85 30
85 31
85 32
85 33
85 34
85 35
85 36
85 37
85 38
85 39
85 40
85 41
85 42
85 43
85 44
85 45
85 46
85 47
85 48
85 49
85 50
85 51
85 52
85 53
85 54
85 55
85 56
85 57
85 58
85 59
85 60
85 61
85 62
85 63
85 64
85 65
85 66
85 67
85 68
85 69
85 70
85 71
85 72
85 73
85 74
85 75
85 76
85 77
85 78
85 79
85 80
85 81
86 2
86 1
86 4
86 3
86 6
86 5
86 8
86 7
86 10
86 9
86 12
86 11
86 14
86 13
86 16
86 15
86 18
86 17
86 20
86 19
86 22
86 21
86 24
86 23
86 26
86 25
86 28
86 27
86 30
86 29
86 32
86 31
86 34
86 33
86 36
86 35
86 38
86 37
86 40
86 39
86 42
86 41
86 44
86 43
86 46
86 45
86 48
86 47
86 50
86 49
86 52
86 51
86 54
86 53
86 56
86 55
86 58
86 57
86 60
86 59
86 62
86 61
86 64
86 63
86 66
86 65
86 68
86 67
86 70
86 69
86 72
86 71
86 74
86 73
86 76
86 75
86 78
86 77
86 80
86 79
87 1
86 81
87 3
87 2
87 5
87 4
87 7
87 6
87 9
87 8
87 11
87 10
87 13
87 12
87 15
87 14
87 17
87 16
87 19
87 18
87 21
87 20
87 23
87 22
87 25
87 24
87 27
87 26
87 29
87 28
87 31
87 30
87 33
87 32
87 35
87 34
87 37
87 36
87 39
87 38
87 41
87 40
87 43
87 42
87 45
87 44
87 47
87 46
87 49
87 48
87 51
87 50
87 53
87 52
87 55
87 54
87 57
87 56
87 59
87 58
87 61
87 60
87 63
87 62
87 65
87 64
87 67
87 66
87 69
87 68
87 71
87 70
87 73
87 72
87 75
87 74
87 77
87 76
87 79
87 78
87 81
87 80
88 1
88 2
88 3
88 4
88 5
88 6
88 7
88 8
88 9
88 10
88 11
88 12
88 13
88 14
88 15
88 16
88 17
88 18
88 19
88 20
88 21
88 22
88 23
88 24
88 25
88 26
88 27
88 28
88 29
88 30
88 31
88 32
88 33
88 34
88 35
88 36
88 37
88 38
88 39
88 40
88 41
88 42
88 43
88 44
88 45
88 46
88 47
88 48
88 49
88 50
88 51
88 52
88 53
88 54
88 55
88 56
88 57
88 58
88 59
88 60
88 61
88 62
88 63
88 64
88 65
88 66
88 67
88 68
88 69
88 70
88 71
88 72
88 73
88 74
88 75
88 76
88 77
88 78
88 79
88 80
88 81
89 1
89 2
89 3
89 4
89 5
89 6
89 7
89 8
89 9
89 10
89 11
89 12
89 13
89 14
89 15
89 16
89 17
89 18
89 19
89 20
89 21
89 22
89 23
89 24
89 25
89 26
89 27
89 28
89 29
89 30
89 31
89 32
89 33
89 34
89 35
89 36
89 37
89 38
89 39
89 40
89 41
89 42
89 43
89 44
89 45
89 46
89 47
89 48
89 49
89 50
89 51
89 52
89 53
89 54
89 55
89 56
89 57
89 58
89 59
89 60
89 61
89 62
89 63
89 64
89 65
89 66
89 67
89 68
89 69
89 70
89 71
89 72
89 73
89 74
89 75
89 76
89 77
89 78
89 79
89 80
89 81
90 2
90 1
90 4
90 3
90 6
90 5
90 8
90 7
90 10
90 9
90 12
90 11
90 14
90 13
90 16
90 15
90 18
90 17
90 20
90 19
90 22
90 21
90 24
90 23
90 26
90 25
90 28
90 27
90 30
90 29
90 32
90 31
90 34
90 33
90 36
90 35
90 38
90 37
90 40
90 39
90 42
90 41
90 44
90 43
90 46
90 45
90 48
90 47
90 50
90 49
90 52
90 51
90 54
90 53
90 56
90 55
90 58
90 57
90 60
90 59
90 62
90 61
90 64
90 63
90 66
90 65
90 68
90 67
90 70
90 69
90 72
90 71
90 74
90 73
90 76
90 75
90 78
90 77
90 80
90 79
91 1
90 81
91 3
91 2
91 5
91 4
91 7
91 6
91 9
91 8
91 11
91 10
91 13
91 12
91 15
91 14
91 17
91 16
91 19
91 18
91 21
91 20
91 23
91 22
91 25
91 24
91 27
91 26
91 29
91 28
91 31
91 30
91 33
91 32
91 35
91 34
91 37
91 36
91 39
91 38
91 41
91 40
91 43
91 42
91 45
91 44
91 47
91 46
91 49
91 48
91 51
91 50
91 53
91 52
91 55
91 54
91 57
91 56
91 59
91 58
91 61
91 60
91 63
91 62
91 65
91 64
91 67
91 66
91 69
91 68
91 71
91 70
91 73
91 72
91 75
91 74
91 77
91 76
91 79
91 78
91 81
91 80
92 1
92 2
92 3
92 4
92 5
92 6
92 7
92 8
92 9
92 10
92 11
92 12
92 13
92 14
92 15
92 16
92 17
92 18
92 19
92 20
92 21
92 22
92 23
92 24
92 25
92 26
92 27
92 28
92 29
92 30
92 31
92 32
92 33
92 34
92 35
92 36
92 37
92 38
92 39
92 40
92 41
92 42
92 43
92 44
92 45
92 46
92 47
92 48
92 49
92 50
92 51
92 52
92 53
92 54
92 55
92 56
92 57
92 58
92 59
92 60
92 61
92 62
92 63
92 64
92 65
92 66
92 67
92 68
92 69
92 70
92 71
92 72
92 73
92 74
92 75
92 76
92 77
92 78
92 79
92 80
92 81
93 1
93 2
93 3
93 4
93 5
93 6
93 7
93 8
93 9
93 10
93 11
93 12
93 13
93 14
93 15
93 16
93 17
93 18
93 19
93 20
93 21
93 22
93 23
93 24
93 25
93 26
93 27
93 28
93 29
93 30
93 31
93 32
93 33
93 34
93 35
93 36
93 37
93 38
93 39
93 40
93 41
93 42
93 43
93 44
93 45
93 46
93 47
93 48
93 49
93 50
93 51
93 52
93 53
93 54
93 55
93 56
93 57
93 58
93 59
93 60
93 61
93 62
93 63
93 64
93 65
93 66
93 67
93 68
93 69
93 70
93 71
93 72
93 73
93 74
93 75
93 76
93 77
93 78
93 79
93 80
93 81
94 2
94 1
94 4
94 3
94 6
94 5
94 8
94 7
94 10
94 9
94 12
94 11
94 14
94 13
94 16
94 15
94 18
94 17
94 20
94 19
94 22
94 21
94 24
94 23
94 26
94 25
94 28
94 27
94 30
94 29
94 32
94 31
94 34
94 33
94 36
94 35
94 38
94 37
94 40
94 39
94 42
94 41
94 44
94 43
94 46
94 45
94 48
94 47
94 50
94 49
94 52
94 51
94 54
94 53
94 56
94 55
94 58
94 57
94 60
94 59
94 62
94 61
94 64
94 63
94 66
94 65
94 68
94 67
94 70
94 69
94 72
94 71
94 74
94 73
94 76
94 75
94 78
94 77
94 80
94 79
95 1
94 81
95 3
95 2
95 5
95 4
95 7
95 6
95 9
95 8
95 11
95 10
95 13
95 12
95 15
95 14
95 17
95 16
95 19
95 18
95 21
95 20
95 23
95 22
95 25
95 24
95 27
95 26
95 29
95 28
95 31
95 30
95 33
95 32
95 35
95 34
95 37
95 36
95 39
95 38
95 41
95 40
95 43
95 42
95 45
95 44
95 47
95 46
95 49
95 48
95 51
95 50
95 53
95 52
95 55
95 54
95 57
95 56
95 59
95 58
95 61
95 60
95 63
95 62
95 65
95 64
95 67
95 66
95 69
95 68
95 71
95 70
95 73
95 72
95 75
95 74
95 77
95 76
95 79
95 78
95 81
95 80
96 1
96 2
96 3
96 4
96 5
96 6
96 7
96 8
96 9
96 10
96 11
96 12
96 13
96 14
96 15
96 16
96 17
96 18
96 19
96 20
96 21
96 22
96 23
96 24
96 25
96 26
96 27
96 28
96 29
96 30
96 31
96 32
96 33
96 34
96 35
96 36
96 37
96 38
96 39
96 40
96 41
96 42
96 43
96 44
96 45
96 46
96 47
96 48
96 49
96 50
96 51
96 52
96 53
96 54
96 55
96 56
96 57
96 58
96 59
96 60
96 61
96 62
96 63
96 64
96 65
96 66
96 67
96 68
96 69
96 70
96 71
96 72
96 73
96 74
96 75
96 76
96 77
96 78
96 79
96 80
96 81
97 1
97 2
97 3
97 4
97 5
97 6
97 7
97 8
97 9
97 10
97 11
97 12
97 13
97 14
97 15
97 16
97 17
97 18
97 19
97 20
97 21
97 22
97 23
97 24
97 25
97 26
97 27
97 28
97 29
97 30
97 31
97 32
97 33
97 34
97 35
97 36
97 37
97 38
97 39
97 40
97 41
97 42
97 43
97 44
97 45
97 46
97 47
97 48
97 49
97 50
97 51
97 52
97 53
97 54
97 55
97 56
97 57
97 58
97 59
97 60
97 61
97 62
97 63
97 64
97 65
97 66
97 67
97 68
97 69
97 70
97 71
97 72
97 73
97 74
97 75
97 76
97 77
97 78
97 79
97 80
97 81
98 2
98 1
98 4
98 3
98 6
98 5
98 8
98 7
98 10
98 9
98 12
98 11
98 14
98 13
98 16
98 15
98 18
98 17
98 20
98 19
98 22
98 21
98 24
98 23
98 26
98 25
98 28
98 27
98 30
98 29
98 32
98 31
98 34
98 33
98 36
98 35
98 38
98 37
98 40
98 39
98 42
98 41
98 44
98 43
98 46
98 45
98 48
98 47
98 50
98 49
98 52
98 51
98 54
98 53
98 56
98 55
98 58
98 57
98 60
98 59
98 62
98 61
98 64
98 63
98 66
98 65
98 68
98 67
98 70
98 69
98 72
98 71
98 74
98 73
98 76
98 75
98 78
98 77
98 80
98 79
99 1
98 81
99 3
99 2
99 5
99 4
99 7
99 6
99 9
99 8
99 11
99 10
99 13
99 12
99 15
99 14
99 17
99 16
99 19
99 18
99 21
99 20
99 23
99 22
99 25
99 24
99 27
99 26
99 29
99 28
99 31
99 30
99 33
99 32
99 35
99 34
99 37
99 36
99 39
99 38
99 41
99 40
99 43
99 42
99 45
99 44
99 47
99 46
99 49
99 48
99 51
99 50
99 53
99 52
99 55
99 54
99 57
99 56
99 59
99 58
99 61
99 60
99 63
99 62
99 65
99 64
99 67
99 66
99 69
99 68
99 71
99 70
99 73
99 72
99 75
99 74
99 77
99 76
99 79
99 78
99 81
99 80
100 1
100 2
100 3
100 4
100 5
100 6
100 7
100 8
100 9
100 10
100 11
100 12
100 13
100 14
100 15
100 16
100 17
100 18
100 19
100 20
100 21
100 22
100 23
100 24
100 25
100 26
100 27
100 28
100 29
100 30
100 31
100 32
100 33
100 34
100 35
100 36
100 37
100 38
100 39
100 40
100 41
100 42
100 43
100 44
100 45
100 46
100 47
100 48
100 49
100 50
100 51
100 52
100 53
100 54
100 55
100 56
100 57
100 58
100 59
100 60
100 61
100 62
100 63
100 64
100 65
100 66
100 67
100 68
100 69
100 70
100 71
100 72
100 73
100 74
100 75
100 76
100 77
100 78
100 79
100 80
100 81
101 1
101 2
101 3
101 4
101 5
101 6
101 7
101 8
101 9
101 10
101 11
101 12
101 13
101 14
101 15
101 16
101 17
101 18
101 19
101 20
101 21
101 22
101 23
101 24
101 25
101 26
101 27
101 28
101 29
101 30
101 31
101 32
101 33
101 34
101 35
101 36
101 37
101 38
101 39
101 40
101 41
101 42
101 43
101 44
101 45
101 46
101 47
101 48
101 49
101 50
101 51
101 52
101 53
101 54
101 55
101 56
101 57
101 58
101 59
101 60
101 61
101 62
101 63
101 64
101 65
101 66
101 67
101 68
101 69
101 70
101 71
101 72
101 73
101 74
101 75
101 76
101 77
101 78
101 79
101 80
101 81
102 2
102 1
102 4
102 3
102 6
102 5
102 8
102 7
102 10
102 9
102 12
102 11
102 14
102 13
102 16
102 15
102 18
102 17
102 20
102 19
102 22
102 21
102 24
102 23
102 26
102 25
102 28
102 27
102 30
102 29
102 32
102 31
102 34
102 33
102 36
102 35
102 38
102 37
102 40
102 39
102 42
102 41
102 44
102 43
102 46
102 45
102 48
102 47
102 50
102 49
102 52
102 51
102 54
102 53
102 56
102 55
102 58
102 57
102 60
102 59
102 62
102 61
102 64
102 63
102 66
102 65
102 68
102 67
102 70
102 69
102 72
102 71
102 74
102 73
102 76
102 75
102 78
102 77
102 80
102 79
103 1
102 81
103 3
103 2
103 5
103 4
103 7
103 6
103 9
103 8
103 11
103 10
103 13
103 12
103 15
103 14
103 17
103 16
103 19
103 18
103 21
103 20
103 23
103 22
103 25
103 24
103 27
103 26
103 29
103 28
103 31
103 30
103 33
103 32
103 35
103 34
103 37
103 36
103 39
103 38
103 41
103 40
103 43
103 42
103 45
103 44
103 47
103 46
103 49
103 48
103 51
103 50
103 53
103 52
103 55
103 54
103 57
103 56
103 59
103 58
103 61
103 60
103 63
103 62
103 65
103 64
103 67
103 66
103 69
103 68
103 71
103 70
103 73
103 72
103 75
103 74
103 77
103 76
103 79
103 78
103 81
103 80
104 1
104 2
104 3
104 4
104 5
104 6
104 7
104 8
104 9
104 10
104 11
104 12
104 13
104 14
104 15
104 16
104 17
104 18
104 19
104 20
104 21
104 22
104 23
104 24
104 25
104 26
104 27
104 28
104 29
104 30
104 31
104 32
104 33
104 34
104 35
104 36
104 37
104 38
104 39
104 40
104 41
104 42
104 43
104 44
104 45
104 46
104 47
104 48
104 49
104 50
104 51
104 52
104 53
104 54
104 55
104 56
104 57
104 58
104 59
104 60
104 61
104 62
104 63
104 64
104 65
104 66
104 67
104 68
104 69
104 70
104 71
104 72
104 73
104 74
104 75
104 76
104 77
104 78
104 79
104 80
104 81
105 1
105 2
105 3
105 4
105 5
105 6
105 7
105 8
105 9
105 10
105 11
105 12
105 13
105 14
105 15
105 16
105 17
105 18
105 19
105 20
105 21
105 22
105 23
105 24
105 25
105 26
105 27
105 28
105 29
105 30
105 31
105 32
105 33
105 34
105 35
105 36
105 37
105 38
105 39
105 40
105 41
105 42
105 43
105 44
105 45
105 46
105 47
105 48
105 49
105 50
105 51
105 52
105 53
105 54
105 55
105 56
105 57
105 58
105 59
105 60
105 61
105 62
105 63
105 64
105 65
105 66
105 67
105 68
105 69
105 70
105 71
105 72
105 73
105 74
105 75
105 76
105 77
105 78
105 79
105 80
105 81
106 2
106 1
106 4
106 3
106 6
106 5
106 8
106 7
106 10
106 9
106 12
106 11
106 14
106 13
106 16
106 15
106 18
106 17
106 20
106 19
106 22
106 21
106 24
106 23
106 26
106 25
106 28
106 27
106 30
106 29
106 32
106 31
106 34
106 33
106 36
106 35
106 38
106 37
106 40
106 39
106 42
106 41
106 44
106 43
106 46
106 45
106 48
106 47
106 50
106 49
106 52
106 51
106 54
106 53
106 56
106 55
106 58
106 57
106 60
106 59
106 62
106 61
106 64
106 63
106 66
106 65
106 68
106 67
106 70
106 69
106 72
106 71
106 74
106 73
106 76
106 75
106 78
106 77
106 80
106 79
107 1
106 81
107 3
107 2
107 5
107 4
107 7
107 6
107 9
107 8
107 11
107 10
107 13
107 12
107 15
107 14
107 17
107 16
107 19
107 18
107 21
107 20
107 23
107 22
107 25
107 24
107 27
107 26
107 29
107 28
107 31
107 30
107 33
107 32
107 35
107 34
107 37
107 36
107 39
107 38
107 41
107 40
107 43
107 42
107 45
107 44
107 47
107 46
107 49
107 48
107 51
107 50
107 53
107 52
107 55
107 54
107 57
107 56
107 59
107 58
107 61
107 60
107 63
107 62
107 65
107 64
107 67
107 66
107 69
107 68
107 71
107 70
107 73
107 72
107 75
107 74
107 77
107 76
107 79
107 78
107 81
107 80
108 1
108 2
108 3
108 4
108 5
108 6
108 7
108 8
108 9
108 10
108 11
108 12
108 13
108 14
108 15
108 16
108 17
108 18
108 19
108 20
108 21
108 22
108 23
108 24
108 25
108 26
108 27
108 28
108 29
108 30
108 31
108 32
108 33
108 34
108 35
108 36
108 37
108 38
108 39
108 40
108 41
108 42
108 43
108 44
108 45
108 46
108 47
108 48
108 49
108 50
108 51
108 52
108 53
108 54
108 55
108 56
108 57
108 58
108 59
108 60
108 61
108 62
108 63
108 64
108 65
108 66
108 67
108 68
108 69
108 70
108 71
108 72
108 73
108 74
108 75
108 76
108 77
108 78
108 79
108 80
108 81
109 1
109 2
109 3
109 4
109 5
109 6
109 7
109 8
109 9
109 10
109 11
109 12
109 13
109 14
109 15
109 16
109 17
109 18
109 19
109 20
109 21
109 22
109 23
109 24
109 25
109 26
109 27
109 28
109 29
109 30
109 31
109 32
109 33
109 34
109 35
109 36
109 37
109 38
109 39
109 40
109 41
109 42
109 43
109 44
109 45
109 46
109 47
109 48
109 49
109 50
109 51
109 52
109 53
109 54
109 55
109 56
109 57
109 58
109 59
109 60
109 61
109 62
109 63
109 64
109 65
109 66
109 67
109 68
109 69
109 70
109 71
109 72
109 73
109 74
109 75
109 76
109 77
109 78
109 79
109 80
109 81
110 2
110 1
110 4
110 3
110 6
110 5
110 8
110 7
110 10
110 9
110 12
110 11
110 14
110 13
110 16
110 15
110 18
110 17
110 20
110 19
110 22
110 21
110 24
110 23
110 26
110 25
110 28
110 27
110 30
110 29
110 32
110 31
110 34
110 33
110 36
110 35
110 38
110 37
110 40
110 39
110 42
110 41
110 44
110 43
110 46
110 45
110 48
110 47
110 50
110 49
110 52
110 51
110 54
110 53
110 56
110 55
110 58
110 57
110 60
110 59
110 62
110 61
110 64
110 63
110 66
110 65
110 68
110 67
110 70
110 69
110 72
110 71
110 74
110 73
110 76
110 75
110 78
110 77
110 80
110 79
111 1
110 81
111 3
111 2
111 5
111 4
111 7
111 6
111 9
111 8
111 11
111 10
111 13
111 12
111 15
111 14
111 17
111 16
111 19
111 18
111 21
111 20
111 23
111 22
111 25
111 24
111 27
111 26
111 29
111 28
111 31
111 30
111 33
111 32
111 35
111 34
111 37
111 36
111 39
111 38
111 41
111 40
111 43
111 42
111 45
111 44
111 47
111 46
111 49
111 48
111 51
111 50
111 53
111 52
111 55
111 54
111 57
111 56
111 59
111 58
111 61
111 60
111 63
111 62
111 65
111 64
111 67
111 66
111 69
111 68
111 71
111 70
111 73
111 72
111 75
111 74
111 77
111 76
111 79
111 78
111 81
111 80
112 1
112 2
112 3
112 4
112 5
112 6
112 7
112 8
112 9
112 10
112 11
112 12
112 13
112 14
112 15
112 16
112 17
112 18
112 19
112 20
112 21
112 22
112 23
112 24
112 25
112 26
112 27
112 28
112 29
112 30
112 31
112 32
112 33
112 34
112 35
112 36
112 37
112 38
112 39
112 40
112 41
112 42
112 43
112 44
112 45
112 46
112 47
112 48
112 49
112 50
112 51
112 52
112 53
112 54
112 55
112 56
112 57
112 58
112 59
112 60
112 61
112 62
112 63
112 64
112 65
112 66
112 67
112 68
112 69
112 70
112 71
112 72
112 73
112 74
112 75
112 76
112 77
112 78
112 79
112 80
112 81
113 1
113 2
113 3
113 4
113 5
113 6
113 7
113 8
113 9
113 10
113 11
113 12
113 13
113 14
113 15
113 16
113 17
113 18
113 19
113 20
113 21
113 22
113 23
113 24
113 25
113 26
113 27
113 28
113 29
113 30
113 31
113 32
113 33
113 34
113 35
113 36
113 37
113 38
113 39
113 40
113 41
113 42
113 43
113 44
113 45
113 46
113 47
113 48
113 49
113 50
113 51
113 52
113 53
113 54
113 55
113 56
113 57
113 58
113 59
113 60
113 61
113 62
113 63
113 64
113 65
113 66
113 67
113 68
113 69
113 70
113 71
113 72
113 73
113 74
113 75
113 76
113 77
113 78
113 79
113 80
113 81
114 2
114 1
114 4
114 3
114 6
114 5
114 8
114 7
114 10
114 9
114 12
114 11
114 14
114 13
114 16
114 15
114 18
114 17
114 20
114 19
114 22
114 21
114 24
114 23
114 26
114 25
114 28
114 27
114 30
114 29
114 32
114 31
114 34
114 33
114 36
114 35
114 38
114 37
114 40
114 39
114 42
114 41
114 44
114 43
114 46
114 45
114 48
114 47
114 50
114 49
114 52
114 51
114 54
114 53
114 56
114 55
114 58
114 57
114 60
114 59
114 62
114 61
114 64
114 63
114 66
114 65
114 68
114 67
114 70
114 69
114 72
114 71
114 74
114 73
114 76
114 75
114 78
114 77
114 80
114 79
115 1
114 81
115 3
115 2
115 5
115 4
115 7
115 6
115 9
115 8
115 11
115 10
115 13
115 12
115 15
115 14
115 17
115 16
115 19
115 18
115 21
115 20
115 23
115 22
115 25
115 24
115 27
115 26
115 29
115 28
115 31
115 30
115 33
115 32
115 35
115 34
115 37
115 36
115 39
115 38
115 41
115 40
115 43
115 42
115 45
115 44
115 47
115 46
115 49
115 48
115 51
115 50
115 53
115 52
115 55
115 54
115 57
115 56
115 59
115 58
115 61
115 60
115 63
115 62
115 65
115 64
115 67
115 66
115 69
115 68
115 71
115 70
115 73
115 72
115 75
115 74
115 77
115 76
115 79
115 78
115 81
115 80
116 1
116 2
116 3
116 4
116 5
116 6
116 7
116 8
116 9
116 10
116 11
116 12
116 13
116 14
116 15
116 16
116 17
116 18
116 19
116 20
116 21
116 22
116 23
116 24
116 25
116 26
116 27
116 28
116 29
116 30
116 31
116 32
116 33
116 34
116 35
116 36
116 37
116 38
116 39
116 40
116 41
116 42
116 43
116 44
116 45
116 46
116 47
116 48
116 49
116 50
116 51
116 52
116 53
116 54
116 55
116 56
116 57
116 58
116 59
116 60
116 61
116 62
116 63
116 64
116 65
116 66
116 67
116 68
116 69
116 70
116 71
116 72
116 73
116 74
116 75
116 76
116 77
116 78
116 79
116 80
116 81
117 1
117 2
117 3
117 4
117 5
117 6
117 7
117 8
117 9
117 10
117 11
117 12
117 13
117 14
117 15
117 16
117 17
117 18
117 19
117 20
117 21
117 22
117 23
117 24
117 25
117 26
117 27
117 28
117 29
117 30
117 31
117 32
117 33
117 34
117 35
117 36
117 37
117 38
117 39
117 40
117 41
117 42
117 43
117 44
117 45
117 46
117 47
117 48
117 49
117 50
117 51
117 52
117 53
117 54
117 55
117 56
117 57
117 58
117 59
117 60
117 61
117 62
117 63
117 64
117 65
117 66
117 67
117 68
117 69
117 70
117 71
117 72
117 73
117 74
117 75
117 76
117 77
117 78
117 79
117 80
117 81
118 2
118 1
118 4
118 3
118 6
118 5
118 8
118 7
118 10
118 9
118 12
118 11
118 14
118 13
118 16
118 15
118 18
118 17
118 20
118 19
118 22
118 21
118 24
118 23
118 26
118 25
118 28
118 27
118 30
118 29
118 32
118 31
118 34
118 33
118 36
118 35
118 38
118 37
118 40
118 39
118 42
118 41
118 44
118 43
118 46
118 45
118 48
118 47
118 50
118 49
118 52
118 51
118 54
118 53
118 56
118 55
118 58
118 57
118 60
118 59
118 62
118 61
118 64
118 63
118 66
118 65
118 68
118 67
118 70
118 69
118 72
118 71
118 74
118 73
118 76
118 75
118 78
118 77
118 80
118 79
119 1
118 81
119 3
119 2
119 5
119 4
119 7
119 6
119 9
119 8
119 11
119 10
119 13
119 12
119 15
119 14
119 17
119 16
119 19
119 18
119 21
119 20
119 23
119 22
119 25
119 24
119 27
119 26
119 29
119 28
119 31
119 30
119 33
119 32
119 35
119 34
119 37
119 36
119 39
119 38
119 41
119 40
119 43
119 42
119 45
119 44
119 47
119 46
119 49
119 48
119 51
119 50
119 53
119 52
119 55
119 54
119 57
119 56
119 59
119 58
119 61
119 60
119 63
119 62
119 65
119 64
119 67
119 66
119 69
119 68
119 71
119 70
119 73
119 72
119 75
119 74
119 77
119 76
119 79
119 78
119 81
119 80
120 1
120 2
120 3
120 4
120 5
120 6
120 7
120 8
120 9
120 10
120 11
120 12
120 13
120 14
120 15
120 16
120 17
120 18
120 19
120 20
120 21
120 22
120 23
120 24
120 25
120 26
120 27
120 28
120 29
120 30
120 31
120 32
120 33
120 34
120 35
120 36
120 37
120 38
120 39
120 40
120 41
120 42
120 43
120 44
120 45
120 46
120 47
120 48
120 49
120 50
120 51
120 52
120 53
120 54
120 55
120 56
120 57
120 58
120 59
120 60
120 61
120 62
120 63
120 64
120 65
120 66
120 67
120 68
120 69
120 70
120 71
120 72
120 73
120 74
120 75
120 76
120 77
120 78
120 79
120 80
120 81
121 1
121 2
121 3
121 4
121 5
121 6
121 7
121 8
121 9
121 10
121 11
121 12
121 13
121 14
121 15
121 16
121 17
121 18
121 19
121 20
121 21
121 22
121 23
121 24
121 25
121 26
121 27
121 28
121 29
121 30
121 31
121 32
121 33
121 34
121 35
121 36
121 37
121 38
121 39
121 40
121 41
121 42
121 43
121 44
121 45
121 46
121 47
121 48
121 49
121 50
121 51
121 52
121 53
121 54
121 55
121 56
121 57
121 58
121 59
121 60
121 61
121 62
121 63
121 64
121 65
121 66
121 67
121 68
121 69
121 70
121 71
121 72
121 73
121 74
121 75
121 76
121 77
121 78
121 79
121 80
121 81
122 2
122 1
122 4
122 3
122 6
122 5
122 8
122 7
122 10
122 9
122 12
122 11
122 14
122 13
122 16
122 15
122 18
122 17
122 20
122 19
122 22
122 21
122 24
122 23
122 26
122 25
122 28
122 27
122 30
122 29
122 32
122 31
122 34
122 33
122 36
122 35
122 38
122 37
122 40
122 39
122 42
122 41
122 44
122 43
122 46
122 45
122 48
122 47
122 50
122 49
122 52
122 51
122 54
122 53
122 56
122 55
122 58
122 57
122 60
122 59
122 62
122 61
122 64
122 63
122 66
122 65
122 68
122 67
122 70
122 69
122 72
122 71
122 74
122 73
122 76
122 75
122 78
122 77
122 80
122 79
123 1
122 81
123 3
123 2
123 5
123 4
123 7
123 6
123 9
123 8
123 11
123 10
123 13
123 12
123 15
123 14
123 17
123 16
123 19
123 18
123 21
123 20
123 23
123 22
123 25
123 24
123 27
123 26
123 29
123 28
123 31
123 30
123 33
123 32
123 35
123 34
123 37
123 36
123 39
123 38
123 41
123 40
123 43
123 42
123 45
123 44
123 47
123 46
123 49
123 48
123 51
123 50
123 53
123 52
123 55
123 54
123 57
123 56
123 59
123 58
123 61
123 60
123 63
123 62
123 65
123 64
123 67
123 66
123 69
123 68
123 71
123 70
123 73
123 72
123 75
123 74
123 77
123 76
123 79
123 78
123 81
123 80
124 1
124 2
124 3
124 4
124 5
124 6
124 7
124 8
124 9
124 10
124 11
124 12
124 13
124 14
124 15
124 16
124 17
124 18
124 19
124 20
124 21
124 22
124 23
124 24
124 25
124 26
124 27
124 28
124 29
124 30
124 31
124 32
124 33
124 34
124 35
124 36
124 37
124 38
124 39
124 40
124 41
124 42
124 43
124 44
124 45
124 46
124 47
124 48
124 49
124 50
124 51
124 52
124 53
124 54
124 55
124 56
124 57
124 58
124 59
124 60
124 61
124 62
124 63
124 64
124 65
124 66
124 67
124 68
124 69
124 70
124 71
124 72
124 73
124 74
124 75
124 76
124 77
124 78
124 79
124 80
124 81
125 1
125 2
125 3
125 4
125 5
125 6
125 7
125 8
125 9
125 10
125 11
125 12
125 13
125 14
125 15
125 16
125 17
125 18
125 19
125 20
125 21
125 22
125 23
125 24
125 25
125 26
125 27
125 28
125 29
125 30
125 31
125 32
125 33
125 34
125 35
125 36
125 37
125 38
125 39
125 40
125 41
125 42
125 43
125 44
125 45
125 46
125 47
125 48
125 49
125 50
125 51
125 52
125 53
125 54
125 55
125 56
125 57
125 58
125 59
125 60
125 61
125 62
125 63
125 64
125 65
125 66
125 67
125 68
125 69
125 70
125 71
125 72
125 73
125 74
125 75
125 76
125 77
125 78
125 79
125 80
125 81
126 2
126 1
126 4
126 3
126 6
126 5
126 8
126 7
126 10
126 9
126 12
126 11
126 14
126 13
126 16
126 15
126 18
126 17
126 20
126 19
126 22
126 21
126 24
126 23
126 26
126 25
126 28
126 27
126 30
126 29
126 32
126 31
126 34
126 33
126 36
126 35
126 38
126 37
126 40
126 39
126 42
126 41
126 44
126 43
126 46
126 45
126 48
126 47
126 50
126 49
126 52
126 51
126 54
126 53
126 56
126 55
126 58
126 57
126 60
126 59
126 62
126 61
126 64
126 63
126 66
126 65
126 68
126 67
126 70
126 69
126 72
126 71
126 74
126 73
126 76
126 75
126 78
126 77
126 80
126 79
127 1
126 81
127 3
127 2
127 5
127 4
127 7
127 6
127 9
127 8
127 11
127 10
127 13
127 12
127 15
127 14
127 17
127 16
127 19
127 18
127 21
127 20
127 23
127 22
127 25
127 24
127 27
127 26
127 29
127 28
127 31
127 30
127 33
127 32
127 35
127 34
127 37
127 36
127 39
127 38
127 41
127 40
127 43
127 42
127 45
127 44
127 47
127 46
127 49
127 48
127 51
127 50
127 53
127 52
127 55
127 54
127 57
127 56
127 59
127 58
127 61
127 60
127 63
127 62
127 65
127 64
127 67
127 66
127 69
127 68
127 71
127 70
127 73
127 72
127 75
127 74
127 77
127 76
127 79
127 78
127 81
127 80
128 1
128 2
128 3
128 4
128 5
128 6
128 7
128 8
128 9
128 10
128 11
128 12
128 13
128 14
128 15
128 16
128 17
128 18
128 19
128 20
128 21
128 22
128 23
128 24
128 25
128 26
128 27
128 28
128 29
128 30
128 31
128 32
128 33
128 34
128 35
128 36
128 37
128 38
128 39
128 40
128 41
128 42
128 43
128 44
128 45
128 46
128 47
128 48
128 49
128 50
128 51
128 52
128 53
128 54
128 55
128 56
128 57
128 58
128 59
128 60
128 61
128 62
128 63
128 64
128 65
128 66
128 67
128 68
128 69
128 70
128 71
128 72
128 73
128 74
128 75
128 76
128 77
128 78
128 79
128 80
128 81
129 1
129 2
129 3
129 4
129 5
129 6
129 7
129 8
129 9
129 10
129 11
129 12
129 13
129 14
129 15
129 16
129 17
129 18
129 19
129 20
129 21
129 22
129 23
129 24
129 25
129 26
129 27
129 28
129 29
129 30
129 31
129 32
129 33
129 34
129 35
129 36
129 37
129 38
129 39
129 40
129 41
129 42
129 43
129 44
129 45
129 46
129 47
129 48
129 49
129 50
129 51
129 52
129 53
129 54
129 55
129 56
129 57
129 58
129 59
129 60
129 61
129 62
129 63
129 64
129 65
129 66
129 67
129 68
129 69
129 70
129 71
129 72
129 73
129 74
129 75
129 76
129 77
129 78
129 79
129 80
129 81
130 2
130 1
130 4
130 3
130 6
130 5
130 8
130 7
130 10
130 9
130 12
130 11
130 14
130 13
130 16
130 15
130 18
130 17
130 20
130 19
130 22
130 21
130 24
130 23
130 26
130 25
130 28
130 27
130 30
130 29
130 32
130 31
130 34
130 33
130 36
130 35
130 38
130 37
130 40
130 39
130 42
130 41
130 44
130 43
130 46
130 45
130 48
130 47
130 50
130 49
130 52
130 51
130 54
130 53
130 56
130 55
130 58
130 57
130 60
130 59
130 62
130 61
130 64
130 63
130 66
130 65
130 68
130 67
130 70
130 69
130 72
130 71
130 74
130 73
130 76
130 75
130 78
130 77
130 80
130 79
131 1
130 81
131 3
131 2
131 5
131 4
131 7
131 6
131 9
131 8
131 11
131 10
131 13
131 12
131 15
131 14
131 17
131 16
131 19
131 18
131 21
131 20
131 23
131 22
131 25
131 24
131 27
131 26
131 29
131 28
131 31
131 30
131 33
131 32
131 35
131 34
131 37
131 36
131 39
131 38
131 41
131 40
131 43
131 42
131 45
131 44
131 47
131 46
131 49
131 48
131 51
131 50
131 53
131 52
131 55
131 54
131 57
131 56
131 59
131 58
131 61
131 60
131 63
131 62
131 65
131 64
131 67
131 66
131 69
131 68
131 71
131 70
131 73
131 72
131 75
131 74
131 77
131 76
131 79
131 78
131 81
131 80
132 1
132 2
132 3
132 4
132 5
132 6
132 7
132 8
132 9
132 10
132 11
132 12
132 13
132 14
132 15
132 16
132 17
132 18
132 19
132 20
132 21
132 22
132 23
132 24
132 25
132 26
132 27
132 28
132 29
132 30
132 31
132 32
132 33
132 34
132 35
132 36
132 37
132 38
132 39
132 40
132 41
132 42
132 43
132 44
132 45
132 46
132 47
132 48
132 49
132 50
132 51
132 52
132 53
132 54
132 55
132 56
132 57
132 58
132 59
132 60
132 61
132 62
132 63
132 64
132 65
132 66
132 67
132 68
132 69
132 70
132 71
132 72
132 73
132 74
132 75
132 76
132 77
132 78
132 79
132 80
132 81
133 1
133 2
133 3
133 4
133 5
133 6
133 7
133 8
133 9
133 10
133 11
133 12
133 13
133 14
133 15
133 16
133 17
133 18
133 19
133 20
133 21
133 22
133 23
133 24
133 25
133 26
133 27
133 28
133 29
133 30
133 31
133 32
133 33
133 34
133 35
133 36
133 37
133 38
133 39
133 40
133 41
133 42
133 43
133 44
133 45
133 46
133 47
133 48
133 49
133 50
133 51
133 52
133 53
133 54
133 55
133 56
133 57
133 58
133 59
133 60
133 61
133 62
133 63
133 64
133 65
133 66
133 67
133 68
133 69
133 70
133 71
133 72
133 73
133 74
133 75
133 76
133 77
133 78
133 79
133 80
133 81
134 2
134 1
134 4
134 3
134 6
134 5
134 8
134 7
134 10
134 9
134 12
134 11
134 14
134 13
134 16
134 15
134 18
134 17
134 20
134 19
134 22
134 21
134 24
134 23
134 26
134 25
134 28
134 27
134 30
134 29
134 32
134 31
134 34
134 33
134 36
134 35
134 38
134 37
134 40
134 39
134 42
134 41
134 44
134 43
134 46
134 45
134 48
134 47
134 50
134 49
134 52
134 51
134 54
134 53
134 56
134 55
134 58
134 57
134 60
134 59
134 62
134 61
134 64
134 63
134 66
134 65
134 68
134 67
134 70
134 69
134 72
134 71
134 74
134 73
134 76
134 75
134 78
134 77
134 80
134 79
135 1
134 81
135 3
135 2
135 5
135 4
135 7
135 6
135 9
135 8
135 11
135 10
135 13
135 12
135 15
135 14
135 17
135 16
135 19
135 18
135 21
135 20
135 23
135 22
135 25
135 24
135 27
135 26
135 29
135 28
135 31
135 30
135 33
135 32
135 35
135 34
135 37
135 36
135 39
135 38
135 41
135 40
135 43
135 42
135 45
135 44
135 47
135 46
135 49
135 48
135 51
135 50
135 53
135 52
135 55
135 54
135 57
135 56
135 59
135 58
135 61
135 60
135 63
135 62
135 65
135 64
135 67
135 66
135 69
135 68
135 71
135 70
135 73
135 72
135 75
135 74
135 77
135 76
135 79
135 78
135 81
135 80
136 1
136 2
136 3
136 4
136 5
136 6
136 7
136 8
136 9
136 10
136 11
136 12
136 13
136 14
136 15
136 16
136 17
136 18
136 19
136 20
136 21
136 22
136 23
136 24
136 25
136 26
136 27
136 28
136 29
136 30
136 31
136 32
136 33
136 34
136 35
136 36
136 37
136 38
136 39
136 40
136 41
136 42
136 43
136 44
136 45
136 46
136 47
136 48
136 49
136 50
136 51
136 52
136 53
136 54
136 55
136 56
136 57
136 58
136 59
136 60
136 61
136 62
136 63
136 64
136 65
136 66
136 67
136 68
136 69
136 70
136 71
136 72
136 73
136 74
136 75
136 76
136 77
136 78
136 79
136 80
136 81
137 1
137 2
137 3
137 4
137 5
137 6
137 7
137 8
137 9
137 10
137 11
137 12
137 13
137 14
137 15
137 16
137 17
137 18
137 19
137 20
137 21
137 22
137 23
137 24
137 25
137 26
137 27
137 28
137 29
137 30
137 31
137 32
137 33
137 34
137 35
137 36
137 37
137 38
137 39
137 40
137 41
137 42
137 43
137 44
137 45
137 46
137 47
137 48
137 49
137 50
137 51
137 52
137 53
137 54
137 55
137 56
137 57
137 58
137 59
137 60
137 61
137 62
137 63
137 64
137 65
137 66
137 67
137 68
137 69
137 70
137 71
137 72
137 73
137 74
137 75
137 76
137 77
137 78
137 79
137 80
137 81
138 2
138 1
138 4
138 3
138 6
138 5
138 8
138 7
138 10
138 9
138 12
138 11
138 14
138 13
138 16
138 15
138 18
138 17
138 20
138 19
138 22
138 21
138 24
138 23
138 26
138 25
138 28
138 27
138 30
138 29
138 32
138 31
138 34
138 33
138 36
138 35
138 38
138 37
138 40
138 39
138 42
138 41
138 44
138 43
138 46
138 45
138 48
138 47
138 50
138 49
138 52
138 51
138 54
138 53
138 56
138 55
138 58
138 57
138 60
138 59
138 62
138 61
138 64
138 63
138 66
138 65
138 68
138 67
138 70
138 69
138 72
138 71
138 74
138 73
138 76
138 75
138 78
138 77
138 80
138 79
139 1
138 81
139 3
139 2
139 5
139 4
139 7
139 6
139 9
139 8
139 11
139 10
139 13
139 12
139 15
139 14
139 17
139 16
139 19
139 18
139 21
139 20
139 23
139 22
139 25
139 24
139 27
139 26
139 29
139 28
139 31
139 30
139 33
139 32
139 35
139 34
139 37
139 36
139 39
139 38
139 41
139 40
139 43
139 42
139 45
139 44
139 47
139 46
139 49
139 48
139 51
139 50
139 53
139 52
139 55
139 54
139 57
139 56
139 59
139 58
139 61
139 60
139 63
139 62
139 65
139 64
139 67
139 66
139 69
139 68
139 71
139 70
139 73
139 72
139 75
139 74
139 77
139 76
139 79
139 78
139 81
139 80
140 1
140 2
140 3
140 4
140 5
140 6
140 7
140 8
140 9
140 10
140 11
140 12
140 13
140 14
140 15
140 16
140 17
140 18
140 19
140 20
140 21
140 22
140 23
140 24
140 25
140 26
140 27
140 28
140 29
140 30
140 31
140 32
140 33
140 34
140 35
140 36
140 37
140 38
140 39
140 40
140 41
140 42
140 43
140 44
140 45
140 46
140 47
140 48
140 49
140 50
140 51
140 52
140 53
140 54
140 55
140 56
140 57
140 58
140 59
140 60
140 61
140 62
140 63
140 64
140 65
140 66
140 67
140 68
140 69
140 70
140 71
140 72
140 73
140 74
140 75
140 76
140 77
140 78
140 79
140 80
140 81
141 1
141 2
141 3
141 4
141 5
141 6
141 7
141 8
141 9
141 10
141 11
141 12
141 13
141 14
141 15
141 16
141 17
141 18
141 19
141 20
141 21
141 22
141 23
141 24
141 25
141 26
141 27
141 28
141 29
141 30
141 31
141 32
141 33
141 34
141 35
141 36
141 37
141 38
141 39
141 40
141 41
141 42
141 43
141 44
141 45
141 46
141 47
141 48
141 49
141 50
141 51
141 52
141 53
141 54
141 55
141 56
141 57
141 58
141 59
141 60
141 61
141 62
141 63
141 64
141 65
141 66
141 67
141 68
141 69
141 70
141 71
141 72
141 73
141 74
141 75
141 76
141 77
141 78
141 79
141 80
141 81
142 2
142 1
142 4
142 3
142 6
142 5
142 8
142 7
142 10
142 9
142 12
142 11
142 14
142 13
142 16
142 15
142 18
142 17
142 20
142 19
142 22
142 21
142 24
142 23
142 26
142 25
142 28
142 27
142 30
142 29
142 32
142 31
142 34
142 33
142 36
142 35
142 38
142 37
142 40
142 39
142 42
142 41
142 44
142 43
142 46
142 45
142 48
142 47
142 50
142 49
142 52
142 51
142 54
142 53
142 56
142 55
142 58
142 57
142 60
142 59
142 62
142 61
142 64
142 63
142 66
142 65
142 68
142 67
142 70
142 69
142 72
142 71
142 74
142 73
142 76
142 75
142 78
142 77
142 80
142 79
143 1
142 81
143 3
143 2
143 5
143 4
143 7
143 6
143 9
143 8
143 11
143 10
143 13
143 12
143 15
143 14
143 17
143 16
143 19
143 18
143 21
143 20
143 23
143 22
143 25
143 24
143 27
143 26
143 29
143 28
143 31
143 30
143 33
143 32
143 35
143 34
143 37
143 36
143 39
143 38
143 41
143 40
143 43
143 42
143 45
143 44
143 47
143 46
143 49
143 48
143 51
143 50
143 53
143 52
143 55
143 54
143 57
143 56
143 59
143 58
143 61
143 60
143 63
143 62
143 65
143 64
143 67
143 66
143 69
143 68
143 71
143 70
143 73
143 72
143 75
143 74
143 77
143 76
143 79
143 78
143 81
143 80
144 1
144 2
144 3
144 4
144 5
144 6
144 7
144 8
144 9
144 10
144 11
144 12
144 13
144 14
144 15
144 16
144 17
144 18
144 19
144 20
144 21
144 22
144 23
144 24
144 25
144 26
144 27
144 28
144 29
144 30
144 31
144 32
144 33
144 34
144 35
144 36
144 37
144 38
144 39
144 40
144 41
144 42
144 43
144 44
144 45
144 46
144 47
144 48
144 49
144 50
144 51
144 52
144 53
144 54
144 55
144 56
144 57
144 58
144 59
144 60
144 61
144 62
144 63
144 64
144 65
144 66
144 67
144 68
144 69
144 70
144 71
144 72
144 73
144 74
144 75
144 76
144 77
144 78
144 79
144 80
144 81
145 1
145 2
145 3
145 4
145 5
145 6
145 7
145 8
145 9
145 10
145 11
145 12
145 13
145 14
145 15
145 16
145 17
145 18
145 19
145 20
145 21
145 22
145 23
145 24
145 25
145 26
145 27
145 28
145 29
145 30
145 31
145 32
145 33
145 34
145 35
145 36
145 37
145 38
145 39
145 40
145 41
145 42
145 43
145 44
145 45
145 46
145 47
145 48
145 49
145 50
145 51
145 52
145 53
145 54
145 55
145 56
145 57
145 58
145 59
145 60
145 61
145 62
145 63
145 64
145 65
145 66
145 67
145 68
145 69
145 70
145 71
145 72
145 73
145 74
145 75
145 76
145 77
145 78
145 79
145 80
145 81
146 2
146 1
146 4
146 3
146 6
146 5
146 8
146 7
146 10
146 9
146 12
146 11
146 14
146 13
146 16
146 15
146 18
146 17
146 20
146 19
146 22
146 21
146 24
146 23
146 26
146 25
146 28
146 27
146 30
146 29
146 32
146 31
146 34
146 33
146 36
146 35
146 38
146 37
146 40
146 39
146 42
146 41
146 44
146 43
146 46
146 45
146 48
146 47
146 50
146 49
146 52
146 51
146 54
146 53
146 56
146 55
146 58
146 57
146 60
146 59
146 62
146 61
146 64
146 63
146 66
146 65
146 68
146 67
146 70
146 69
146 72
146 71
146 74
146 73
146 76
146 75
146 78
146 77
146 80
146 79
147 1
146 81
147 3
147 2
147 5
147 4
147 7
147 6
147 9
147 8
147 11
147 10
147 13
147 12
147 15
147 14
147 17
147 16
147 19
147 18
147 21
147 20
147 23
147 22
147 25
147 24
147 27
147 26
147 29
147 28
147 31
147 30
147 33
147 32
147 35
147 34
147 37
147 36
147 39
147 38
147 41
147 40
147 43
147 42
147 45
147 44
147 47
147 46
147 49
147 48
147 51
147 50
147 53
147 52
147 55
147 54
147 57
147 56
147 59
147 58
147 61
147 60
147 63
147 62
147 65
147 64
147 67
147 66
147 69
147 68
147 71
147 70
147 73
147 72
147 75
147 74
147 77
147 76
147 79
147 78
147 81
147 80
148 1
148 2
148 3
148 4
148 5
148 6
148 7
148 8
148 9
148 10
148 11
148 12
148 13
148 14
148 15
148 16
148 17
148 18
148 19
148 20
148 21
148 22
148 23
148 24
148 25
148 26
148 27
148 28
148 29
148 30
148 31
148 32
148 33
148 34
148 35
148 36
148 37
148 38
148 39
148 40
148 41
148 42
148 43
148 44
148 45
148 46
148 47
148 48
148 49
148 50
148 51
148 52
148 53
148 54
148 55
148 56
148 57
148 58
148 59
148 60
148 61
148 62
148 63
148 64
148 65
148 66
148 67
148 68
148 69
148 70
148 71
148 72
148 73
148 74
148 75
148 76
148 77
148 78
148 79
148 80
148 81
149 1
149 2
149 3
149 4
149 5
149 6
149 7
149 8
149 9
149 10
149 11
149 12
149 13
149 14
149 15
149 16
149 17
149 18
149 19
149 20
149 21
149 22
149 23
149 24
149 25
149 26
149 27
149 28
149 29
149 30
149 31
149 32
149 33
149 34
149 35
149 36
149 37
149 38
149 39
149 40
149 41
149 42
149 43
149 44
149 45
149 46
149 47
149 48
149 49
149 50
149 51
149 52
149 53
149 54
149 55
149 56
149 57
149 58
149 59
149 60
149 61
149 62
149 63
149 64
149 65
149 66
149 67
149 68
149 69
149 70
149 71
149 72
149 73
149 74
149 75
149 76
149 77
149 78
149 79
149 80
149 81
150 2
150 1
150 4
150 3
150 6
150 5
150 8
150 7
150 10
150 9
150 12
150 11
150 14
150 13
150 16
150 15
150 18
150 17
150 20
150 19
150 22
150 21
150 24
150 23
150 26
150 25
150 28
150 27
150 30
150 29
150 32
150 31
150 34
150 33
150 36
150 35
150 38
150 37
150 40
150 39
150 42
150 41
150 44
150 43
150 46
150 45
150 48
150 47
150 50
150 49
150 52
150 51
150 54
150 53
150 56
150 55
150 58
150 57
150 60
150 59
150 62
150 61
150 64
150 63
150 66
150 65
150 68
150 67
150 70
150 69
150 72
150 71
150 74
150 73
150 76
150 75
150 78
150 77
150 80
150 79
151 1
150 81
151 3
151 2
151 5
151 4
151 7
151 6
151 9
151 8
151 11
151 10
151 13
151 12
151 15
151 14
151 17
151 16
151 19
151 18
151 21
151 20
151 23
151 22
151 25
151 24
151 27
151 26
151 29
151 28
151 31
151 30
151 33
151 32
151 35
151 34
151 37
151 36
151 39
151 38
151 41
151 40
151 43
151 42
151 45
151 44
151 47
151 46
151 49
151 48
151 51
151 50
151 53
151 52
151 55
151 54
151 57
151 56
151 59
151 58
151 61
151 60
151 63
151 62
151 65
151 64
151 67
151 66
151 69
151 68
151 71
151 70
151 73
151 72
151 75
151 74
151 77
151 76
151 79
151 78
151 81
151 80
152 1
152 2
152 3
152 4
152 5
152 6
152 7
152 8
152 9
152 10
152 11
152 12
152 13
152 14
152 15
152 16
152 17
152 18
152 19
152 20
152 21
152 22
152 23
152 24
152 25
152 26
152 27
152 28
152 29
152 30
152 31
152 32
152 33
152 34
152 35
152 36
152 37
152 38
152 39
152 40
152 41
152 42
152 43
152 44
152 45
152 46
152 47
152 48
152 49
152 50
152 51
152 52
152 53
152 54
152 55
152 56
152 57
152 58
152 59
152 60
152 61
152 62
152 63
152 64
152 65
152 66
152 67
152 68
152 69
152 70
152 71
152 72
152 73
152 74
152 75
152 76
152 77
152 78
152 79
152 80
152 81
153 1
153 2
153 3
153 4
153 5
153 6
153 7
153 8
153 9
153 10
153 11
153 12
153 13
153 14
153 15
153 16
153 17
153 18
153 19
153 20
153 21
153 22
153 23
153 24
153 25
153 26
153 27
153 28
153 29
153 30
153 31
153 32
153 33
153 34
153 35
153 36
153 37
153 38
153 39
153 40
153 41
153 42
153 43
153 44
153 45
153 46
153 47
153 48
153 49
153 50
153 51
153 52
153 53
153 54
153 55
153 56
153 57
153 58
153 59
153 60
153 61
153 62
153 63
153 64
153 65
153 66
153 67
153 68
153 69
153 70
153 71
153 72
153 73
153 74
153 75
153 76
153 77
153 78
153 79
153 80
153 81
154 2
154 1
154 4
154 3
154 6
154 5
154 8
154 7
154 10
154 9
154 12
154 11
154 14
154 13
154 16
154 15
154 18
154 17
154 20
154 19
154 22
154 21
154 24
154 23
154 26
154 25
154 28
154 27
154 30
154 29
154 32
154 31
154 34
154 33
154 36
154 35
154 38
154 37
154 40
154 39
154 42
154 41
154 44
154 43
154 46
154 45
154 48
154 47
154 50
154 49
154 52
154 51
154 54
154 53
154 56
154 55
154 58
154 57
154 60
154 59
154 62
154 61
154 64
154 63
154 66
154 65
154 68
154 67
154 70
154 69
154 72
154 71
154 74
154 73
154 76
154 75
154 78
154 77
154 80
154 79
155 1
154 81
155 3
155 2
155 5
155 4
155 7
155 6
155 9
155 8
155 11
155 10
155 13
155 12
155 15
155 14
155 17
155 16
155 19
155 18
155 21
155 20
155 23
155 22
155 25
155 24
155 27
155 26
155 29
155 28
155 31
155 30
155 33
155 32
155 35
155 34
155 37
155 36
155 39
155 38
155 41
155 40
155 43
155 42
155 45
155 44
155 47
155 46
155 49
155 48
155 51
155 50
155 53
155 52
155 55
155 54
155 57
155 56
155 59
155 58
155 61
155 60
155 63
155 62
155 65
155 64
155 67
155 66
155 69
155 68
155 71
155 70
155 73
155 72
155 75
155 74
155 77
155 76
155 79
155 78
155 81
155 80
156 1
156 2
156 3
156 4
156 5
156 6
156 7
156 8
156 9
156 10
156 11
156 12
156 13
156 14
156 15
156 16
156 17
156 18
156 19
156 20
156 21
156 22
156 23
156 24
156 25
156 26
156 27
156 28
156 29
156 30
156 31
156 32
156 33
156 34
156 35
156 36
156 37
156 38
156 39
156 40
156 41
156 42
156 43
156 44
156 45
156 46
156 47
156 48
156 49
156 50
156 51
156 52
156 53
156 54
156 55
156 56
156 57
156 58
156 59
156 60
156 61
156 62
156 63
156 64
156 65
156 66
156 67
156 68
156 69
156 70
156 71
156 72
156 73
156 74
156 75
156 76
156 77
156 78
156 79
156 80
156 81
157 1
157 2
157 3
157 4
157 5
157 6
157 7
157 8
157 9
157 10
157 11
157 12
157 13
157 14
157 15
157 16
157 17
157 18
157 19
157 20
157 21
157 22
157 23
157 24
157 25
157 26
157 27
157 28
157 29
157 30
157 31
157 32
157 33
157 34
157 35
157 36
157 37
157 38
157 39
157 40
157 41
157 42
157 43
157 44
157 45
157 46
157 47
157 48
157 49
157 50
157 51
157 52
157 53
157 54
157 55
157 56
157 57
157 58
157 59
157 60
157 61
157 62
157 63
157 64
157 65
157 66
157 67
157 68
157 69
157 70
157 71
157 72
157 73
157 74
157 75
157 76
157 77
157 78
157 79
157 80
157 81
158 2
158 1
158 4
158 3
158 6
158 5
158 8
158 7
158 10
158 9
158 12
158 11
158 14
158 13
158 16
158 15
158 18
158 17
158 20
158 19
158 22
158 21
158 24
158 23
158 26
158 25
158 28
158 27
158 30
158 29
158 32
158 31
158 34
158 33
158 36
158 35
158 38
158 37
158 40
158 39
158 42
158 41
158 44
158 43
158 46
158 45
158 48
158 47
158 50
158 49
158 52
158 51
158 54
158 53
158 56
158 55
158 58
158 57
158 60
158 59
158 62
158 61
158 64
158 63
158 66
158 65
158 68
158 67
158 70
158 69
158 72
158 71
158 74
158 73
158 76
158 75
158 78
158 77
158 80
158 79
159 1
158 81
159 3
159 2
159 5
159 4
159 7
159 6
159 9
159 8
159 11
159 10
159 13
159 12
159 15
159 14
159 17
159 16
159 19
159 18
159 21
159 20
159 23
159 22
159 25
159 24
159 27
159 26
159 29
159 28
159 31
159 30
159 33
159 32
159 35
159 34
159 37
159 36
159 39
159 38
159 41
159 40
159 43
159 42
159 45
159 44
159 47
159 46
159 49
159 48
159 51
159 50
159 53
159 52
159 55
159 54
159 57
159 56
159 59
159 58
159 61
159 60
159 63
159 62
159 65
159 64
159 67
159 66
159 69
159 68
159 71
159 70
159 73
159 72
159 75
159 74
159 77
159 76
159 79
159 78
159 81
159 80
160 1
160 2
160 3
160 4
160 5
160 6
160 7
160 8
160 9
160 10
160 11
160 12
160 13
160 14
160 15
160 16
160 17
160 18
160 19
160 20
160 21
160 22
160 23
160 24
160 25
160 26
160 27
160 28
160 29
160 30
160 31
160 32
160 33
160 34
160 35
160 36
160 37
160 38
160 39
160 40
160 41
160 42
160 43
160 44
160 45
160 46
160 47
160 48
160 49
160 50
160 51
160 52
160 53
160 54
160 55
160 56
160 57
160 58
160 59
160 60
160 61
160 62
160 63
160 64
160 65
160 66
160 67
160 68
160 69
160 70
160 71
160 72
160 73
160 74
160 75
160 76
160 77
160 78
160 79
160 80
160 81
161 1
161 2
161 3
161 4
161 5
161 6
161 7
161 8
161 9
161 10
161 11
161 12
161 13
161 14
161 15
161 16
161 17
161 18
161 19
161 20
161 21
161 22
161 23
161 24
161 25
161 26
161 27
161 28
161 29
161 30
161 31
161 32
161 33
161 34
161 35
161 36
161 37
161 38
161 39
161 40
161 41
161 42
161 43
161 44
161 45
161 46
161 47
161 48
161 49
161 50
161 51
161 52
161 53
161 54
161 55
161 56
161 57
161 58
161 59
161 60
161 61
161 62
161 63
161 64
161 65
161 66
161 67
161 68
161 69
161 70
161 71
161 72
161 73
161 74
161 75
161 76
161 77
161 78
161 79
161 80
161 81
162 2
162 1
162 4
162 3
162 6
162 5
162 8
162 7
162 10
162 9
162 12
162 11
162 14
162 13
162 16
162 15
162 18
162 17
162 20
162 19
162 22
162 21
162 24
162 23
162 26
162 25
162 28
162 27
162 30
162 29
162 32
162 31
162 34
162 33
162 36
162 35
162 38
162 37
162 40
162 39
162 42
162 41
162 44
162 43
162 46
162 45
162 48
162 47
162 50
162 49
162 52
162 51
162 54
162 53
162 56
162 55
162 58
162 57
162 60
162 59
162 62
162 61
162 64
162 63
162 66
162 65
162 68
162 67
162 70
162 69
162 72
162 71
162 74
162 73
162 76
162 75
162 78
162 77
162 80
162 79
163 1
162 81
163 3
163 2
163 5
163 4
163 7
163 6
163 9
163 8
163 11
163 10
163 13
163 12
163 15
163 14
163 17
163 16
163 19
163 18
163 21
163 20
163 23
163 22
163 25
163 24
163 27
163 26
163 29
163 28
163 31
163 30
163 33
163 32
163 35
163 34
163 37
163 36
163 39
163 38
163 41
163 40
163 43
163 42
163 45
163 44
163 47
163 46
163 49
163 48
163 51
163 50
163 53
163 52
163 55
163 54
163 57
163 56
163 59
163 58
163 61
163 60
163 63
163 62
163 65
163 64
163 67
163 66
163 69
163 68
163 71
163 70
163 73
163 72
163 75
163 74
163 77
163 76
163 79
163 78
163 81
163 80
164 1
164 2
164 3
164 4
164 5
164 6
164 7
164 8
164 9
164 10
164 11
164 12
164 13
164 14
164 15
164 16
164 17
164 18
164 19
164 20
164 21
164 22
164 23
164 24
164 25
164 26
164 27
164 28
164 29
164 30
164 31
164 32
164 33
164 34
164 35
164 36
164 37
164 38
164 39
164 40
164 41
164 42
164 43
164 44
164 45
164 46
164 47
164 48
164 49
164 50
164 51
164 52
164 53
164 54
164 55
164 56
164 57
164 58
164 59
164 60
164 61
164 62
164 63
164 64
164 65
164 66
164 67
164 68
164 69
164 70
164 71
164 72
164 73
164 74
164 75
164 76
164 77
164 78
164 79
164 80
164 81
165 1
165 2
165 3
165 4
165 5
165 6
165 7
165 8
165 9
165 10
165 11
165 12
165 13
165 14
165 15
165 16
165 17
165 18
165 19
165 20
165 21
165 22
165 23
165 24
165 25
165 26
165 27
165 28
165 29
165 30
165 31
165 32
165 33
165 34
165 35
165 36
165 37
165 38
165 39
165 40
165 41
165 42
165 43
165 44
165 45
165 46
165 47
165 48
165 49
165 50
165 51
165 52
165 53
165 54
165 55
165 56
165 57
165 58
165 59
165 60
165 61
165 62
165 63
165 64
165 65
165 66
165 67
165 68
165 69
165 70
165 71
165 72
165 73
165 74
165 75
165 76
165 77
165 78
165 79
165 80
165 81
166 2
166 1
166 4
166 3
166 6
166 5
166 8
166 7
166 10
166 9
166 12
166 11
166 14
166 13
166 16
166 15
166 18
166 17
166 20
166 19
166 22
166 21
166 24
166 23
166 26
166 25
166 28
166 27
166 30
166 29
166 32
166 31
166 34
166 33
166 36
166 35
166 38
166 37
166 40
166 39
166 42
166 41
166 44
166 43
166 46
166 45
166 48
166 47
166 50
166 49
166 52
166 51
166 54
166 53
166 56
166 55
166 58
166 57
166 60
166 59
166 62
166 61
166 64
166 63
166 66
166 65
166 68
166 67
166 70
166 69
166 72
166 71
166 74
166 73
166 76
166 75
166 78
166 77
166 80
166 79
167 1
166 81
167 3
167 2
167 5
167 4
167 7
167 6
167 9
167 8
167 11
167 10
167 13
167 12
167 15
167 14
167 17
167 16
167 19
167 18
167 21
167 20
167 23
167 22
167 25
167 24
167 27
167 26
167 29
167 28
167 31
167 30
167 33
167 32
167 35
167 34
167 37
167 36
167 39
167 38
167 41
167 40
167 43
167 42
167 45
167 44
167 47
167 46
167 49
167 48
167 51
167 50
167 53
167 52
167 55
167 54
167 57
167 56
167 59
167 58
167 61
167 60
167 63
167 62
167 65
167 64
167 67
167 66
167 69
167 68
167 71
167 70
167 73
167 72
167 75
167 74
167 77
167 76
167 79
167 78
167 81
167 80
168 1
168 2
168 3
168 4
168 5
168 6
168 7
168 8
168 9
168 10
168 11
168 12
168 13
168 14
168 15
168 16
168 17
168 18
168 19
168 20
168 21
168 22
168 23
168 24
168 25
168 26
168 27
168 28
168 29
168 30
168 31
168 32
168 33
168 34
168 35
168 36
168 37
168 38
168 39
168 40
168 41
168 42
168 43
168 44
168 45
168 46
168 47
168 48
168 49
168 50
168 51
168 52
168 53
168 54
168 55
168 56
168 57
168 58
168 59
168 60
168 61
168 62
168 63
168 64
168 65
168 66
168 67
168 68
168 69
168 70
168 71
168 72
168 73
168 74
168 75
168 76
168 77
168 78
168 79
168 80
168 81
169 1
169 2
169 3
169 4
169 5
169 6
169 7
169 8
169 9
169 10
169 11
169 12
169 13
169 14
169 15
169 16
169 17
169 18
169 19
169 20
169 21
169 22
169 23
169 24
169 25
169 26
169 27
169 28
169 29
169 30
169 31
169 32
169 33
169 34
169 35
169 36
169 37
169 38
169 39
169 40
169 41
169 42
169 43
169 44
169 45
169 46
169 47
169 48
169 49
169 50
169 51
169 52
169 53
169 54
169 55
169 56
169 57
169 58
169 59
169 60
169 61
169 62
169 63
169 64
169 65
169 66
169 67
169 68
169 69
169 70
169 71
169 72
169 73
169 74
169 75
169 76
169 77
169 78
169 79
169 80
169 81
170 2
170 1
170 4
170 3
170 6
170 5
170 8
170 7
170 10
170 9
170 12
170 11
170 14
170 13
170 16
170 15
170 18
170 17
170 20
170 19
170 22
170 21
170 24
170 23
170 26
170 25
170 28
170 27
170 30
170 29
170 32
170 31
170 34
170 33
170 36
170 35
170 38
170 37
170 40
170 39
170 42
170 41
170 44
170 43
170 46
170 45
170 48
170 47
170 50
170 49
170 52
170 51
170 54
170 53
170 56
170 55
170 58
170 57
170 60
170 59
170 62
170 61
170 64
170 63
170 66
170 65
170 68
170 67
170 70
170 69
170 72
170 71
170 74
170 73
170 76
170 75
170 78
170 77
170 80
170 79
171 1
170 81
171 3
171 2
171 5
171 4
171 7
171 6
171 9
171 8
171 11
171 10
171 13
171 12
171 15
171 14
171 17
171 16
171 19
171 18
171 21
171 20
171 23
171 22
171 25
171 24
171 27
171 26
171 29
171 28
171 31
171 30
171 33
171 32
171 35
171 34
171 37
171 36
171 39
171 38
171 41
171 40
171 43
171 42
171 45
171 44
171 47
171 46
171 49
171 48
171 51
171 50
171 53
171 52
171 55
171 54
171 57
171 56
171 59
171 58
171 61
171 60
171 63
171 62
171 65
171 64
171 67
171 66
171 69
171 68
171 71
171 70
171 73
171 72
171 75
171 74
171 77
171 76
171 79
171 78
171 81
171 80
172 1
172 2
172 3
172 4
172 5
172 6
172 7
172 8
172 9
172 10
172 11
172 12
172 13
172 14
172 15
172 16
172 17
172 18
172 19
172 20
172 21
172 22
172 23
172 24
172 25
172 26
172 27
172 28
172 29
172 30
172 31
172 32
172 33
172 34
172 35
172 36
172 37
172 38
172 39
172 40
172 41
172 42
172 43
172 44
172 45
172 46
172 47
172 48
172 49
172 50
172 51
172 52
172 53
172 54
172 55
172 56
172 57
172 58
172 59
172 60
172 61
172 62
172 63
172 64
172 65
172 66
172 67
172 68
172 69
172 70
172 71
172 72
172 73
172 74
172 75
172 76
172 77
172 78
172 79
172 80
172 81
173 1
173 2
173 3
173 4
173 5
173 6
173 7
173 8
173 9
173 10
173 11
173 12
173 13
173 14
173 15
173 16
173 17
173 18
173 19
173 20
173 21
173 22
173 23
173 24
173 25
173 26
173 27
173 28
173 29
173 30
173 31
173 32
173 33
173 34
173 35
173 36
173 37
173 38
173 39
173 40
173 41
173 42
173 43
173 44
173 45
173 46
173 47
173 48
173 49
173 50
173 51
173 52
173 53
173 54
173 55
173 56
173 57
173 58
173 59
173 60
173 61
173 62
173 63
173 64
173 65
173 66
173 67
173 68
173 69
173 70
173 71
173 72
173 73
173 74
173 75
173 76
173 77
173 78
173 79
173 80
173 81
174 2
174 1
174 4
174 3
174 6
174 5
174 8
174 7
174 10
174 9
174 12
174 11
174 14
174 13
174 16
174 15
174 18
174 17
174 20
174 19
174 22
174 21
174 24
174 23
174 26
174 25
174 28
174 27
174 30
174 29
174 32
174 31
174 34
174 33
174 36
174 35
174 38
174 37
174 40
174 39
174 42
174 41
174 44
174 43
174 46
174 45
174 48
174 47
174 50
174 49
174 52
174 51
174 54
174 53
174 56
174 55
174 58
174 57
174 60
174 59
174 62
174 61
174 64
174 63
174 66
174 65
174 68
174 67
174 70
174 69
174 72
174 71
174 74
174 73
174 76
174 75
174 78
174 77
174 80
174 79
175 1
174 81
175 3
175 2
175 5
175 4
175 7
175 6
175 9
175 8
175 11
175 10
175 13
175 12
175 15
175 14
175 17
175 16
175 19
175 18
175 21
175 20
175 23
175 22
175 25
175 24
175 27
175 26
175 29
175 28
175 31
175 30
175 33
175 32
175 35
175 34
175 37
175 36
175 39
175 38
175 41
175 40
175 43
175 42
175 45
175 44
175 47
175 46
175 49
175 48
175 51
175 50
175 53
175 52
175 55
175 54
175 57
175 56
175 59
175 58
175 61
175 60
175 63
175 62
175 65
175 64
175 67
175 66
175 69
175 68
175 71
175 70
175 73
175 72
175 75
175 74
175 77
175 76
175 79
175 78
175 81
175 80
176 1
176 2
176 3
176 4
176 5
176 6
176 7
176 8
176 9
176 10
176 11
176 12
176 13
176 14
176 15
176 16
176 17
176 18
176 19
176 20
176 21
176 22
176 23
176 24
176 25
176 26
176 27
176 28
176 29
176 30
176 31
176 32
176 33
176 34
176 35
176 36
176 37
176 38
176 39
176 40
176 41
176 42
176 43
176 44
176 45
176 46
176 47
176 48
176 49
176 50
176 51
176 52
176 53
176 54
176 55
176 56
176 57
176 58
176 59
176 60
176 61
176 62
176 63
176 64
176 65
176 66
176 67
176 68
176 69
176 70
176 71
176 72
176 73
176 74
176 75
176 76
176 77
176 78
176 79
176 80
176 81
177 1
177 2
177 3
177 4
177 5
177 6
177 7
177 8
177 9
177 10
177 11
177 12
177 13
177 14
177 15
177 16
177 17
177 18
177 19
177 20
177 21
177 22
177 23
177 24
177 25
177 26
177 27
177 28
177 29
177 30
177 31
177 32
177 33
177 34
177 35
177 36
177 37
177 38
177 39
177 40
177 41
177 42
177 43
177 44
177 45
177 46
177 47
177 48
177 49
177 50
177 51
177 52
177 53
177 54
177 55
177 56
177 57
177 58
177 59
177 60
177 61
177 62
177 63
177 64
177 65
177 66
177 67
177 68
177 69
177 70
177 71
177 72
177 73
177 74
177 75
177 76
177 77
177 78
177 79
177 80
177 81
178 2
178 1
178 4
178 3
178 6
178 5
178 8
178 7
178 10
178 9
178 12
178 11
178 14
178 13
178 16
178 15
178 18
178 17
178 20
178 19
178 22
178 21
178 24
178 23
178 26
178 25
178 28
178 27
178 30
178 29
178 32
178 31
178 34
178 33
178 36
178 35
178 38
178 37
178 40
178 39
178 42
178 41
178 44
178 43
178 46
178 45
178 48
178 47
178 50
178 49
178 52
178 51
178 54
178 53
178 56
178 55
178 58
178 57
178 60
178 59
178 62
178 61
178 64
178 63
178 66
178 65
178 68
178 67
178 70
178 69
178 72
178 71
178 74
178 73
178 76
178 75
178 78
178 77
178 80
178 79
179 1
178 81
179 3
179 2
179 5
179 4
179 7
179 6
179 9
179 8
179 11
179 10
179 13
179 12
179 15
179 14
179 17
179 16
179 19
179 18
179 21
179 20
179 23
179 22
179 25
179 24
179 27
179 26
179 29
179 28
179 31
179 30
179 33
179 32
179 35
179 34
179 37
179 36
179 39
179 38
179 41
179 40
179 43
179 42
179 45
179 44
179 47
179 46
179 49
179 48
179 51
179 50
179 53
179 52
179 55
179 54
179 57
179 56
179 59
179 58
179 61
179 60
179 63
179 62
179 65
179 64
179 67
179 66
179 69
179 68
179 71
179 70
179 73
179 72
179 75
179 74
179 77
179 76
179 79
179 78
179 81
179 80
180 1
180 2
180 3
180 4
180 5
180 6
180 7
180 8
180 9
180 10
180 11
180 12
180 13
180 14
180 15
180 16
180 17
180 18
180 19
180 20
180 21
180 22
180 23
180 24
180 25
180 26
180 27
180 28
180 29
180 30
180 31
180 32
180 33
180 34
180 35
180 36
180 37
180 38
180 39
180 40
180 41
180 42
180 43
180 44
180 45
180 46
180 47
180 48
180 49
180 50
180 51
180 52
180 53
180 54
180 55
180 56
180 57
180 58
180 59
180 60
180 61
180 62
180 63
180 64
180 65
180 66
180 67
180 68
180 69
180 70
180 71
180 72
180 73
180 74
180 75
180 76
180 77
180 78
180 79
180 80
180 81
181 1
181 2
181 3
181 4
181 5
181 6
181 7
181 8
181 9
181 10
181 11
181 12
181 13
181 14
181 15
181 16
181 17
181 18
181 19
181 20
181 21
181 22
181 23
181 24
181 25
181 26
181 27
181 28
181 29
181 30
181 31
181 32
181 33
181 34
181 35
181 36
181 37
181 38
181 39
181 40
181 41
181 42
181 43
181 44
181 45
181 46
181 47
181 48
181 49
181 50
181 51
181 52
181 53
181 54
181 55
181 56
181 57
181 58
181 59
181 60
181 61
181 62
181 63
181 64
181 65
181 66
181 67
181 68
181 69
181 70
181 71
181 72
181 73
181 74
181 75
181 76
181 77
181 78
181 79
181 80
181 81
182 2
182 1
182 4
182 3
182 6
182 5
182 8
182 7
182 10
182 9
182 12
182 11
182 14
182 13
182 16
182 15
182 18
182 17
182 20
182 19
182 22
182 21
182 24
182 23
182 26
182 25
182 28
182 27
182 30
182 29
182 32
182 31
182 34
182 33
182 36
182 35
182 38
182 37
182 40
182 39
182 42
182 41
182 44
182 43
182 46
182 45
182 48
182 47
182 50
182 49
182 52
182 51
182 54
182 53
182 56
182 55
182 58
182 57
182 60
182 59
182 62
182 61
182 64
182 63
182 66
182 65
182 68
182 67
182 70
182 69
182 72
182 71
182 74
182 73
182 76
182 75
182 78
182 77
182 80
182 79
183 1
182 81
183 3
183 2
183 5
183 4
183 7
183 6
183 9
183 8
183 11
183 10
183 13
183 12
183 15
183 14
183 17
183 16
183 19
183 18
183 21
183 20
183 23
183 22
183 25
183 24
183 27
183 26
183 29
183 28
183 31
183 30
183 33
183 32
183 35
183 34
183 37
183 36
183 39
183 38
183 41
183 40
183 43
183 42
183 45
183 44
183 47
183 46
183 49
183 48
183 51
183 50
183 53
183 52
183 55
183 54
183 57
183 56
183 59
183 58
183 61
183 60
183 63
183 62
183 65
183 64
183 67
183 66
183 69
183 68
183 71
183 70
183 73
183 72
183 75
183 74
183 77
183 76
183 79
183 78
183 81
183 80
