199 200
1 156238924 5309937
1 129565611 575777591
2 668276044 580541287
4 225568501 347134107
4 94788889 823627906
5 394407253 704800473
5 538100760 911569811
1 715142672 253543871
7 912768039 54109863
5 117051784 178328683
6 622399163 45121084
7 898856550 85333690
13 753690066 655287161
4 538977552 278983823
4 845240192 364553339
11 90816416 606019529
12 221128787 40168965
18 15829202 595722985
3 904184397 16326397
5 308531575 342286255
2 136625430 545997061
9 466219002 88869130
18 468579180 878163892
1 180982981 360790427
22 599321842 257750857
11 49543245 348717667
11 291932405 163570331
14 606459710 600734497
18 131063948 690466492
20 993361879 496570286
21 987203181 363261905
17 784678091 977496694
20 967310204 703960185
4 60739460 377282917
4 355716748 372777123
4 597414637 510220891
28 489319165 213132686
16 230056331 248455354
37 343302131 787965297
32 172554007 210126955
27 325597625 121553417
8 540003115 686442416
26 186876102 159370762
39 967272657 135198879
19 531234747 905086261
40 47186084 485958948
12 407153607 105664759
34 23095105 189111822
12 927959314 195141726
2 366909524 941138377
15 483251083 906732492
17 794304329 151405094
23 441507337 713681501
35 183420000 941092388
13 755145748 574394375
51 231822374 730355136
48 720123428 411913767
12 203048444 891325229
48 312849439 658966184
47 424959138 352687839
27 799874561 767752632
62 63249995 50740728
6 397790614 470910695
8 388214567 416937147
10 671447182 817743318
61 6689990 216111608
57 160514260 201982916
18 252544754 266922460
54 790985375 17502607
3 148166678 779321641
56 923935039 24204830
65 964239575 582503908
37 991443884 681138927
40 12369988 877410130
15 580910670 520170895
35 632223909 197141209
14 202383151 432309830
25 989404832 828908959
44 657046365 654610202
69 409998043 879292130
37 665407746 97581690
63 282373414 390490785
25 171345871 358216298
75 295342991 738821830
59 668348935 180795008
13 278600253 143010885
47 63571832 895986897
76 559558855 793922622
45 231580912 374206917
71 637474046 152895796
91 281490981 993635469
6 548667263 757725101
17 657202383 909297962
80 889645235 759286474
58 502919333 275075198
2 702832137 235781586
26 359989656 913571573
14 367452538 174530462
8 160140433 850605741
18 852128984 198901878
36 19984727 85847917
93 493410755 920937993
9 434076372 121133844
11 356787105 904842512
42 960994107 590464784
90 539332908 439688336
72 527919485 279523856
79 6850105 571082068
54 640447808 221767522
4 304769773 576783496
44 244304622 162235333
61 328591576 905772258
36 704045012 412718755
33 259360833 909137869
59 954171857 569045769
98 596296901 387510431
53 557315379 431292623
32 129504428 335891094
32 33341997 766297592
26 184633489 31803217
28 359957139 231347431
66 113945795 314536962
97 734516749 41449991
24 698623402 317498305
31 142421444 665075189
42 203786995 774507623
87 912828203 88872494
7 805412465 460683291
114 774327869 809320631
49 266608857 162862936
9 710650504 796179080
116 164130067 558255085
99 634961810 555696024
15 811217078 352885874
103 987705900 295917976
23 4967645 710664726
72 447703216 781154533
67 340575084 454303080
97 550906471 527072308
21 335020282 139353544
66 170636448 525012515
109 5086865 621878517
98 72295249 469390033
28 243187635 479155758
70 706219138 645112485
51 597767485 265711570
21 956390201 172565280
9 430631891 36249299
92 877950491 43141982
50 492468264 695191723
1 342695155 559633927
55 323674955 130342643
50 532918476 904934340
85 217516088 656919328
110 46009437 619994178
7 461451266 943620868
122 92203163 370223152
18 465333597 274085729
14 283884807 717085884
6 856447568 926199335
77 707473606 449975460
133 682192213 606488589
21 448492029 674604964
40 862432391 618135845
165 684931488 787310902
34 269941513 393204669
23 135890557 812478692
131 916939054 416014973
109 470789003 146779680
154 624064957 960584117
142 998064836 935782426
74 469945507 449495097
65 957249945 828908043
125 446988477 348688976
120 961763654 718643977
35 629455483 801151707
172 428697343 392891197
5 823020415 931896368
27 909116857 619254792
19 229394692 548785527
110 670461154 240560938
48 379771135 900015357
51 997810669 722266656
100 759573245 998509776
108 376345972 778823183
53 600481532 382896245
104 308832026 39850236
178 117942192 345471711
21 792927606 50650555
163 988263962 720936899
12 202861607 126989706
72 115588239 146240839
100 866731231 307083986
121 484434619 4440902
102 155537967 151692425
63 134408465 324162380
132 206053358 409900558
174 939784268 252895464
143
117
50
69
168
148
82
192
97
125
90
135
124
96
112
113
26
127
140
89
54
83
175
106
87
24
165
59
15
12
76
102
65
93
14
146
71
178
33
153
122
67
123
80
128
85
13
163
131
31
55
2
35
147
21
159
130
22
39
99
161
95
133
155
16
139
111
154
189
86
162
160
45
11
44
152
91
53
46
110
104
167
126
170
94
194
72
43
40
28
183
108
3
92
17
164
156
42
200
186
57
173
171
115
58
88
107
118
47
98
180
132
64
116
188
32
197
179
41
196
9
185
177
141
190
4
149
34
8
5
52
37
56
198
63
136
38
68
73
7
51
150
134
30
119
182
81
25
6
109
174
193
23
66
10
62
70
29
1
84
184
129
138
20
176
145
75
105
137
77
169
27
144
36
120
166
158
121
74
181
48
49
151
18
187
100
78
19
101
172
195
157
199
61
79
103
142
60
114
191
