394 10
384 1
313 143
50 1
135 154
252 321
143 1
77 1
109 128
390 1
377 133
329 1
144 1
267 103
226 1
48 1
115 1
170 1
47 35
350 132
37 1
90 1
336 153
381 333
25 56
259 1
360 1
222 14
121 1
138 1
305 298
32 1
100 1
76 1
148 1
266 1
278 1
20 183
230 236
19 1
71 45
205 1
247 1
300 1
92 1
235 189
5 172
130 181
9 1
67 1
358 1
157 1
368 1
268 1
70 1
34 87
221 1
351 1
385 1
87 1
54 1
57 137
375 7
66 1
246 1
341 1
194 1
165 1
162 1
55 1
251 225
99 1
370 1
239 256
372 127
174 1
383 1
240 1
257 1
158 1
154 1
353 1
210 1
388 1
12 1
145 275
131 166
209 1
155 1
321 267
373 1
272 1
297 1
343 1
65 1
89 1
298 1
188 1
220 188
52 1
244 1
229 268
349 1
245 1
171 1
180 1
217 1
86 1
352 1
81 1
33 1
271 1
269 1
307 1
204 1
39 1
177 1
43 1
365 1
348 202
270 1
227 211
216 51
38 149
382 1
327 1
56 24
345 1
211 348
264 239
293 1
275 1
310 331
2 230
133 34
364 8
198 221
376 1
140 1
111 1
186 210
223 1
103 309
125 1
169 1
46 105
378 170
28 1
393 1
69 1
387 1
262 1
94 1
228 42
6 365
104 1
178 1
281 1
191 156
253 66
260 241
371 1
356 301
160 1
254 1
53 191
354 239
63 1
308 1
40 1
320 358
82 55
166 1
283 1
152 1
324 1
51 272
7 1
98 1
289 18
256 306
219 184
29 1
84 387
58 351
184 348
113 112
299 218
3 1
73 1
14 1
11 1
196 1
306 1
291 1
208 1
303 1
64 1
374 1
342 299
4 221
183 1
146 1
231 114
301 1
26 1
45 1
83 217
359 1
292 1
285 1
189 257
284 1
234 222
314 81
15 231
79 386
80 1
36 163
233 1
357 1
323 1
200 1
93 1
173 1
124 1
276 1
288 1
44 1
207 394
24 122
203 1
322 1
238 1
118 1
326 1
182 1
296 229
134 1
363 84
379 1
176 1
49 61
214 1
101 1
175 203
386 1
151 1
328 302
280 1
126 1
110 325
120 386
139 1
78 1
195 140
123 103
119 1
339 1
116 1
258 30
355 1
13 1
190 1
287 1
163 1
17 176
74 1
61 196
172 1
347 1
304 1
340 126
334 308
102 1
282 1
224 1
389 1
366 1
213 1
243 1
159 1
241 1
391 351
225 1
312 257
215 36
68 1
197 1
164 1
316 1
156 126
250 1
106 1
179 1
85 313
31 1
181 231
132 119
294 1
107 1
237 1
114 312
72 211
59 1
286 1
88 305
318 1
23 1
248 1
346 1
369 1
273 173
202 1
332 45
95 251
42 1
242 323
187 184
16 1
149 1
274 1
302 1
206 171
167 1
265 1
91 1
27 198
212 1
361 1
344 1
35 383
290 390
129 207
153 331
128 1
62 1
333 1
315 1
142 1
338 1
311 152
136 112
192 1
295 1
392 1
319 1
263 1
137 1
331 1
362 1
255 1
97 1
21 1
18 156
127 345
261 1
147 349
168 1
108 1
117 1
150 1
8 365
10 8
112 110
367 1
161 1
279 237
335 1
75 1
30 1
232 1
201 1
380 186
22 1
337 13
309 349
60 1
277 1
122 1
330 1
1 207
249 1
317 1
105 1
185 293
199 303
236 1
218 1
193 1
41 370
96 1
141 149
325 1
