1850
1381 679
679 113
639 113
1143 679
492 1143
679 733
124 679
1077 639
465 679
511 1143
979 113
1319 511
1489 511
1339 124
963 1077
1143 401
1077 1835
1339 1562
1135 1562
402 1562
1221 733
178 733
679 576
505 124
511 1241
679 1336
505 1363
847 124
1607 847
559 113
1021 847
1713 1489
1607 1787
1135 781
1519 492
1336 198
1247 847
415 1336
763 1336
1021 942
401 24
349 963
1021 1249
851 733
349 795
1319 1109
1336 513
1336 147
1135 82
733 1400
847 380
733 254
666 639
349 635
458 82
1031 380
9 1021
1085 979
1754 1363
1461 1562
1370 1077
1407 198
1806 847
1063 492
631 1085
9 665
1787 403
1218 401
1370 833
1154 380
666 1401
635 1781
704 733
1109 451
704 1052
704 564
1218 975
513 1379
82 829
265 1489
997 513
691 1754
1599 942
1819 401
436 451
403 313
1489 164
1021 719
1427 1154
540 124
1001 1461
461 178
1370 903
1085 783
1447 1562
1211 691
797 631
461 232
113 1639
1143 1736
841 113
851 703
212 631
409 1381
1021 1680
1381 539
639 1042
1372 704
1694 1143
942 1558
1142 1336
1437 666
919 1558
639 498
122 540
492 1777
403 614
847 1169
24 252
1381 1714
1076 164
997 1239
1143 625
462 679
1426 9
639 1809
1109 31
783 54
124 817
679 1668
1143 1369
1154 162
200 1787
24 1412
382 113
1131 614
1174 1781
54 1797
113 432
402 1356
113 1290
833 1590
1307 564
797 1753
509 461
698 1363
113 1836
401 1706
1381 141
576 1201
1797 551
678 829
1143 943
511 693
456 719
1593 1319
659 576
1812 1142
974 1143
113 397
1606 1319
113 656
409 1294
763 959
833 1325
369 513
666 1504
1166 1381
458 1330
1003 539
1777 233
462 484
113 775
492 1439
1077 535
942 1648
1401 981
1149 113
679 536
629 1143
1668 309
579 1381
113 1575
546 113
1010 1381
998 1218
1747 1370
1143 991
1526 991
1050 1437
200 364
407 1363
171 1010
708 1736
22 178
343 178
781 972
1381 649
159 1575
1563 232
493 649
212 907
1257 54
781 1780
512 1330
883 1135
85 200
13 1381
1143 1608
550 679
1607 235
1143 1638
1493 1143
1483 975
1744 403
617 1680
1325 56
639 262
1290 104
212 1565
1819 663
1483 96
1565 1329
919 1470
113 926
904 262
639 149
1801 629
113 1083
1151 679
1754 1291
1517 663
462 1756
1151 320
1381 32
1021 1062
1143 1651
113 99
293 212
1381 1275
132 1401
537 1042
741 540
655 639
10 1590
1790 1381
1595 851
1489 339
407 622
576 46
212 1264
1418 1777
1273 1329
679 1848
185 1143
1381 73
679 729
635 109
1077 341
1826 1819
1389 1143
451 1069
1127 1381
426 458
295 1083
426 48
461 606
639 1251
147 866
1736 983
1143 996
639 992
262 276
9 1441
391 679
639 1463
85 1321
1143 1779
618 1381
192 164
1233 998
926 130
132 485
825 1747
929 1010
1590 832
509 62
1736 1850
1676 113
356 703
1522 1463
1179 1307
1622 1381
1554 1381
745 1381
639 174
629 475
1244 113
1374 639
639 1310
1046 1593
1811 1680
639 1361
1750 46
13 1725
58 1412
1143 1051
679 1698
561 564
751 1143
1127 1409
639 1303
136 997
1200 551
422 631
1618 679
155 1370
1473 509
1254 825
804 1307
1212 1374
356 1086
89 10
1402 1063
1241 1827
644 1426
1616 631
711 382
44 679
1753 1490
1143 376
1319 1094
1819 815
113 534
171 292
1043 617
1465 639
811 1381
113 1120
639 329
679 1832
949 1753
1508 48
198 1283
729 1128
396 1051
805 136
484 518
974 1027
1467 1780
1417 1290
1645 113
113 244
1143 1311
850 1077
639 1808
1547 1651
372 1381
1381 1292
520 113
842 1381
679 1567
639 1775
957 998
767 1714
550 1544
704 400
798 639
475 1260
143 1835
1189 1381
1506 1325
1698 1224
679 1168
913 113
1143 1749
462 1678
168 1381
130 1723
312 1211
1373 113
1258 1381
1431 639
573 1143
913 1059
177 198
95 536
1381 840
1388 1361
1143 1026
141 549
1373 156
1135 175
745 35
1155 679
156 1543
1548 1143
1462 44
907 1561
842 859
113 934
580 122
113 1484
45 1381
639 1665
789 113
1038 1330
868 1211
506 1381
679 57
1143 64
679 1849
1575 208
1463 221
877 639
114 113
1143 1315
679 658
639 1262
804 566
679 103
1143 4
687 113
1374 1697
227 693
1790 1434
424 679
1676 392
1638 1341
1641 1254
1357 1264
639 68
1507 1639
300 805
113 740
865 1381
1336 1669
1257 902
1143 1631
1723 900
1054 1507
1042 1442
954 659
1381 1636
1848 1102
1319 950
1388 53
874 1374
1571 292
1809 845
596 1264
1026 1457
992 615
89 607
665 116
825 457
290 639
1381 1014
1808 1740
963 1805
1188 679
1719 45
1727 113
679 76
1232 341
1059 1355
856 1780
1532 1233
639 1433
162 191
113 754
1126 1389
587 1463
1003 249
1174 812
1830 1262
733 1306
1157 456
113 387
113 1539
1734 639
260 997
936 1381
833 1004
1354 622
64 417
44 541
1420 1849
1261 1439
385 679
1381 650
376 224
790 260
322 32
1061 1441
68 1078
1793 1143
1143 92
1143 802
447 1379
295 345
304 865
1235 1201
1381 314
509 134
1285 339
323 537
491 1143
286 1442
1742 679
28 1562
113 1825
1642 56
627 733
45 476
678 1065
994 9
103 442
347 679
1042 1710
707 679
1259 1051
279 113
679 1297
30 815
705 811
1143 1818
408 1143
113 542
778 1381
968 113
844 1381
141 724
338 1812
1608 861
1143 1171
1381 1110
1661 606
263 679
113 1573
1595 1312
560 99
639 1429
1442 1408
134 378
726 442
518 1265
679 1340
1143 1729
1381 1610
1601 866
720 1381
145 1381
1755 113
1558 1203
1381 1234
718 649
781 326
929 515
1706 411
875 1595
919 1748
1363 641
417 901
537 1194
679 1214
12 458
520 586
378 41
1534 113
230 1483
1381 1338
679 1387
1282 679
1602 1558
1732 401
792 304
639 946
419 1179
981 721
939 113
1275 1037
31 1792
1126 144
31 153
922 866
1381 1222
865 170
1101 1595
1500 1697
1160 1110
1143 332
639 692
1220 639
912 866
943 105
1312 1238
1290 1637
302 1805
1143 1632
1779 449
65 1381
1008 1381
600 639
782 811
1243 1750
465 914
453 564
1365 1805
97 1038
639 938
1381 1820
1467 1425
1269 639
1758 726
1381 1227
444 1388
417 1293
1466 1054
1342 1143
1381 1333
249 1343
1381 1278
947 113
862 376
1737 919
475 1803
113 1653
175 880
416 817
127 113
1380 132
1475 1303
1105 1214
643 1076
1510 1408
1467 878
847 970
361 1534
1381 321
1833 1261
1109 478
505 294
1637 1430
1343 574
1143 1397
748 1381
261 1723
679 1345
1466 1536
1453 54
113 239
1771 679
1585 1315
229 639
639 355
191 1839
1162 312
1143 1629
582 959
1013 968
486 1381
1011 1341
863 679
1395 1143
1649 1143
1409 989
679 413
869 113
956 992
246 1381
277 1143
1071 113
1641 437
1830 760
152 159
415 1540
365 537
781 388
99 1047
295 1036
886 1031
81 409
497 1381
1567 1210
609 1381
379 1143
1598 113
371 1047
1331 1220
1350 1293
1578 113
350 934
1182 1578
1572 639
67 1381
1182 1627
634 618
636 1849
895 679
995 959
1381 1015
544 113
1203 180
1117 177
384 56
1048 1381
1712 679
845 1686
1 113
353 1339
1688 1381
191 1271
307 498
1330 107
639 1141
878 1620
179 679
394 1251
959 881
660 46
532 113
1143 1024
511 273
599 729
1844 1168
886 443
1060 1484
200 1626
1138 625
56 1367
113 1765
1734 897
216 1598
814 505
583 1381
1789 295
504 124
775 1186
138 345
941 12
870 1787
821 665
1092 913
1638 1139
1538 1507
647 1363
450 679
499 1085
1036 1337
372 884
113 892
437 1449
1659 56
1143 1436
1325 448
280 1234
1783 1063
639 735
1793 1667
1379 642
520 100
660 1509
382 1256
1381 1219
1510 519
1005 185
818 114
1143 1057
958 679
964 54
690 113
754 670
1469 113
1668 93
1659 1785
94 113
1222 1308
1261 1263
63 1102
62 1274
1816 113
480 280
1381 1266
302 1513
1234 739
1159 639
1203 406
985 775
989 1594
409 188
495 878
1137 447
1734 855
630 1363
824 1182
1127 438
470 902
190 1381
1278 267
245 1820
777 1354
338 1383
361 324
1410 1297
938 366
374 1381
639 776
88 1143
1143 920
1269 1113
1841 1243
1100 639
338 1300
1779 1448
1759 1381
985 1762
296 1342
220 679
1226 679
1143 601
56 1364
1700 639
458 1170
1311 1458
1359 964
1143 1423
1099 841
30 488
1143 1535
641 1358
20 329
1386 453
1815 436
639 123
1335 639
1264 1654
1519 594
849 1291
1504 1799
966 113
851 412
996 1715
1686 1496
243 639
1252 926
704 1298
936 1103
1474 442
773 566
639 1774
1261 3
1513 452
1634 679
336 842
1381 1055
905 113
113 743
450 1613
98 1408
1443 1143
748 547
876 28
365 207
667 1171
1136 290
948 312
1231 634
1680 731
1494 488
556 353
695 424
893 1339
100 283
1408 567
343 1456
880 605
1445 546
738 12
782 548
807 1251
1327 1271
1849 1091
1807 639
995 1559
551 864
557 1026
63 469
113 151
1143 765
694 113
679 1403
659 427
1604 1562
1285 632
1451 113
113 1116
637 1381
455 1143
835 532
1774 680
1520 452
1808 1316
1011 888
1143 808
1129 499
1461 39
679 1019
1170 1230
899 1015
1600 1445
1553 996
361 375
1351 1381
191 501
334 444
211 1078
1083 1537
583 1716
554 842
526 1143
1516 968
672 478
1381 531
668 741
1834 1143
1801 911
1381 803
679 1098
509 1301
368 1668
113 1163
1033 639
714 113
237 1381
113 1796
254 117
1191 992
1754 1435
1827 1328
1752 1094
1794 1381
423 692
1381 756
295 891
282 365
128 708
1143 852
1143 960
1423 555
639 1377
645 113
1492 922
1218 1768
682 1835
1838 1748
797 982
1415 1143
1381 305
1292 439
180 429
1001 700
113 125
243 514
1018 639
109 571
1202 1154
1381 1623
1576 1496
639 182
1320 571
1082 639
1046 464
757 738
1401 126
1149 1161
1371 339
1151 585
1225 639
692 1146
318 505
241 1143
559 301
1143 525
461 1125
584 566
772 745
639 575
1712 638
1784 295
1381 771
222 1224
90 639
1745 639
753 1648
1815 1751
1586 1163
1730 1143
679 1646
1122 679
1362 385
772 359
1640 113
940 113
578 726
490 1381
351 1254
1235 133
1007 1734
798 197
1367 510
1699 564
1145 1261
702 1381
1516 119
679 1288
113 1353
1096 658
1791 679
502 974
113 969
175 689
1476 639
154 672
658 1416
396 685
728 783
219 1563
454 1794
1096 1318
306 679
317 1011
113 1440
128 1352
988 451
236 113
425 32
1216 456
1635 212
599 72
79 113
692 908
1372 110
648 639
1101 793
1637 766
360 1211
1327 676
392 834
696 865
447 354
926 1666
1687 1143
464 1112
1143 194
60 353
23 1437
145 1025
1114 1310
978 1369
446 1285
200 1064
1847 1381
601 1087
925 1381
1610 1615
1802 639
1197 1618
1381 593
801 57
639 129
8 56
1143 1782
251 685
667 955
188 1209
156 616
897 1302
29 1071
469 838
1122 340
1658 113
654 903
395 113
1764 1339
1203 853
1521 679
1603 353
679 837
42 1793
1487 1791
1590 328
1001 101
453 1276
472 1595
1588 639
1447 150
1381 813
275 476
259 113
482 68
1683 1381
671 1154
894 403
1820 187
469 572
291 1658
442 1696
1677 1136
962 128
1174 581
1406 639
894 673
1217 1403
160 1047
1143 205
1451 1614
1836 146
853 710
18 1745
1143 1250
398 690
1104 515
695 1183
715 1469
1831 1238
1521 646
1733 1714
1486 1500
1669 218
113 1424
1309 1381
1054 440
1381 524
110 604
503 679
1336 158
1381 210
661 615
1169 664
1632 352
1381 106
644 381
257 113
1347 679
32 633
679 1067
49 1827
635 1531
679 1156
679 931
732 812
1053 1802
1380 727
1074 639
985 1012
1471 113
837 1393
1304 955
1143 1556
293 1421
1381 139
639 367
1559 1663
967 1064
113 1722
1453 1045
409 1503
36 639
1381 1545
679 522
1668 558
933 93
595 1303
1001 1709
521 1143
1685 388
1425 1769
1209 552
1270 679
1799 758
1411 1775
1612 679
1381 1823
258 1526
1168 310
1607 854
944 1230
502 1647
639 1498
679 405
613 639
679 266
788 1067
679 1773
1472 639
1529 862
854 468
1391 855
404 572
1143 183
679 980
843 368
679 1566
879 1496
524 1824
679 1121
731 40
1381 1195
1454 1522
1551 1328
1682 1038
1632 1670
26 679
240 639
482 712
1765 1158
861 657
735 774
932 416
113 1133
1844 652
1395 433
1381 1633
1295 147
1143 1455
1223 1026
1198 600
602 1697
543 62
1068 113
1143 568
108 1143
348 1320
318 1582
1381 325
1355 181
1024 335
1016 1785
1132 175
1481 1640
1512 1234
848 113
639 1394
1632 1530
7 1381
63 363
1591 679
639 1287
1573 1070
1381 1205
1143 923
639 1478
840 780
1066 573
1144 639
1113 1488
295 1515
1552 81
1175 726
644 477
1684 1381
679 393
1733 1107
264 1755
111 367
1381 830
651 1227
1790 1111
772 370
113 428
1382 679
226 1440
1815 1360
1446 1195
1798 1071
456 1185
1385 535
146 337
916 1774
1190 1112
1655 1841
527 1653
1524 465
864 1097
274 679
779 113
290 362
762 997
1767 1416
199 321
679 1829
677 733
807 1134
679 137
1286 485
113 1542
19 1457
1742 1323
1581 639
1169 742
639 1843
679 626
239 1279
1017 1658
1793 1570
701 1143
223 679
1741 639
1116 1023
1381 826
480 603
1381 140
334 1414
166 385
1845 696
1080 139
1143 399
916 1176
1381 734
1143 921
768 634
1248 679
1381 256
1480 1729
490 17
1238 1772
586 1349
999 679
1159 135
1348 385
659 1152
673 61
89 623
1498 986
1443 255
1459 1381
1143 1814
1657 1174
163 447
494 679
196 955
1211 725
870 1084
1322 498
679 620
315 1244
1502 1087
1301 1075
1381 5
230 69
1497 113
1568 639
1088 943
1234 770
1138 1609
846 432
679 1533
1032 1575
35 1628
1549 1025
292 1724
1577 542
1143 377
388 214
639 1376
585 1664
1718 1381
678 1039
103 619
1643 1353
330 511
1353 37
1381 1605
113 414
532 1743
365 217
570 1271
371 1246
71 817
238 1143
1267 649
976 113
392 973
1143 1828
38 1381
18 161
113 66
460 160
1717 1143
679 169
639 248
103 608
418 679
500 639
1187 1357
846 784
621 1360
679 1761
1196 375
113 1518
860 1168
1524 11
55 1430
1177 1036
268 679
1143 344
431 113
1375 1658
867 1387
1615 420
1842 1668
927 1107
1696 1739
575 1840
639 1583
495 1621
233 242
113 1240
1277 840
785 249
897 1705
796 273
592 1356
639 1148
342 1385
810 440
1822 1381
1655 1245
1346 972
1156 1280
1028 57
1053 1404
1477 391
656 358
25 757
81 917
1381 1167
1772 1596
669 639
1612 930
1143 120
640 679
1396 490
601 21
565 679
1343 1034
1381 173
1693 1333
338 195
639 1671
679 590
50 1274
684 455
458 331
1557 914
1648 836
1625 616
1140 604
113 1675
708 1268
1718 591
113 1541
819 639
1452 232
942 1527
113 935
679 1326
1164 1416
316 98
871 512
716 1381
84 1143
580 588
1630 679
356 483
1342 1810
1392 1143
1130 1360
723 1111
1702 1459
1213 1749
59 639
113 610
290 1652
1464 639
1153 825
639 1662
1030 949
1044 1385
468 269
460 1366
1707 317
225 1402
389 363
1597 1639
1381 686
889 53
1155 272
1728 1143
1381 1108
113 872
1249 1384
679 1428
1703 446
602 507
1790 206
475 14
1580 679
487 1412
37 697
1381 288
1095 639
842 896
1381 1072
1253 426
1172 1612
654 1505
698 1289
1195 165
1687 1514
17 167
1739 1079
1093 1371
679 746
209 679
1569 639
553 1558
1242 531
113 463
1619 773
993 1200
1284 113
639 827
916 1584
289 1661
1119 188
898 1381
1364 1450
890 1079
1058 843
1617 849
203 679
597 679
113 303
952 1143
1378 907
1766 1381
573 297
1089 1096
1680 77
839 1415
580 1523
204 1030
528 400
113 882
1276 887
287 1616
612 1143
748 1720
1077 1735
1639 1587
79 1413
1381 759
639 1405
1106 1350
679 1313
787 282
1381 909
271 1520
410 1381
737 113
1614 681
1143 489
1381 910
1276 383
1485 989
507 1368
743 1399
777 33
182 250
116 52
1574 679
1381 624
1689 643
27 679
529 679
965 531
1419 1534
361 213
683 437
1274 278
484 74
713 1059
1181 331
421 712
589 679
639 346
750 639
113 533
340 228
1813 141
1564 679
284 259
545 639
215 1517
186 639
231 453
1026 1701
1668 508
430 1143
362 653
434 679
121 1514
868 270
1175 1180
1511 256
1147 1756
679 1281
1482 1213
937 476
675 639
473 1739
828 927
202 972
201 21
1499 1363
1636 977
607 1660
1837 1464
639 1788
1670 1692
639 43
1317 1709
1263 1056
180 373
679 285
639 1204
6 1583
1381 822
679 102
113 1589
233 918
794 1748
291 1691
951 1010
791 1381
1381 799
1811 1237
1143 1115
435 679
16 1369
434 1525
885 1569
1695 1249
15 829
113 1193
80 999
1738 639
185 823
1338 1650
1381 699
971 434
639 1468
1746 799
744 1295
1000 198
1222 1438
786 1143
144 234
1850 1118
78 151
831 371
1392 479
639 530
1817 1143
1143 1236
1600 764
1504 915
1681 1039
1334 216
692 1704
253 1143
1713 1770
1332 1796
1555 639
639 1228
1374 83
773 142
517 679
679 481
260 357
787 327
762 496
459 679
1359 1199
1696 1611
113 1491
731 131
569 651
1673 899
1151 471
858 679
1757 113
1721 1850
761 113
10 1726
113 857
1381 467
1444 1143
1143 769
1143 1324
113 1208
744 722
319 232
1342 1804
1273 34
1041 113
674 704
752 421
945 1700
77 1390
873 1143
113 1090
662 679
445 1143
139 800
961 1483
1381 157
1049 1143
91 113
1605 311
523 639
577 121
717 207
1624 1435
1143 1528
1005 386
1460 1268
1690 771
563 679
1381 1560
598 1381
1052 538
843 193
1807 984
747 1329
1760 796
171 1206
1592 1052
953 1423
1144 1305
1143 474
1381 1731
1674 1004
1786 1755
889 1229
809 1828
1381 86
1427 247
1035 951
113 1795
189 78
1666 709
924 713
87 45
688 635
835 1579
1272 1510
1009 679
441 113
113 1711
517 1215
333 452
604 115
1124 1279
906 493
1552 516
356 1479
1776 1381
960 112
113 1846
1381 820
736 1764
1022 1028
755 1358
1314 639
47 679
1644 679
281 889
611 1169
49 1778
1381 308
1319 466
679 1501
549 172
486 806
1192 113
1763 202
1708 1381
679 1029
223 148
1422 524
1656 113
990 1704
639 1344
348 1296
1083 299
2 1352
1002 1217
563 1679
757 1255
1020 1143
865 1173
1143 118
353 184
1081 429
1154 706
1366 987
562 1012
630 390
1533 1550
1613 176
1805 1495
639 75
1624 1398
298 1217
1672 834
1086 1432
816 712
1597 51
628 1357
749 1143
928 220
1165 806
576 1006
1226 1800
1381 1178
70 1381
1677 1123
686 1546
1381 1821
348 1073
1040 1381
1184 679
1207 536
1063 730
1150 113
1299 588
