4 95
-1 -1 352923 414164 -1 -1 -1 -1 898049 -1 166893 53409 -1 -1 798171 -1 959218 -1 571529 369581 -1 817819 -1 567794 -1 354680 371511 515234 -1 -1 528386 -1 752807 651804 -1 -1 -1 613017 427467 -1 -1 -1 -1 -1 -1 -1 922629 -1 762446 -1 -1 -1 -1 -1 252511 -1 -1 -1 -1 437305 -1 -1 295528 -1 -1 -1 -1 -1 238953 -1 424419 -1 -1 -1 -1 238363 975145 -1 13069 81269 -1 -1 -1 -1 498354 -1 -1 328684 -1 -1 -1 851445 -1 -1
416580 -1 -1 441657 -1 948430 -1 415259 -1 -1 -1 -1 -1 999005 -1 -1 -1 -1 407070 490789 -1 -1 -1 -1 -1 -1 -1 889973 726581 -1 702936 -1 -1 -1 -1 -1 -1 223412 -1 389986 -1 -1 -1 -1 -1 -1 885044 -1 -1 307433 -1 -1 -1 -1 -1 -1 -1 -1 521920 531129 -1 -1 -1 -1 -1 762481 -1 263033 438833 -1 -1 -1 -1 303846 -1 -1 -1 -1 -1 -1 -1 -1 -1 658019 -1 246484 -1 -1 -1 968147 -1 -1 -1
-1 340047 -1 -1 -1 -1 -1 -1 -1 -1 -1 -1 -1 745039 -1 -1 -1 -1 -1 -1 -1 -1 -1 -1 -1 -1 -1 -1 -1 -1 -1 964218 -1 -1 -1 -1 501689 -1 802831 -1 -1 -1 -1 -1 -1 -1 -1 -1 -1 187928 -1 -1 -1 -1 368531 -1 -1 514942 -1 -1 -1 -1 -1 -1 -1 -1 -1 -1 -1 -1 -1 -1 -1 -1 -1 -1 -1 -1 -1 -1 -1 -1 -1 885577 282814 -1 -1 -1 726667 -1 -1 298924
479824 469715 -1 -1 171824 -1 -1 -1 -1 -1 -1 -1 -1 -1 113021 526075 -1 -1 4366 -1 -1 -1 -1 663589 -1 494960 -1 -1 -1 77286 949223 -1 433705 -1 -1 -1 -1 -1 658540 118262 -1 335331 -1 -1 -1 877582 -1 -1 -1 -1 -1 -1 -1 810614 -1 -1 -1 -1 -1 -1 -1 976812 -1 572996 879051 -1 -1 -1 308602 -1 -1 -1 -1 -1 976669 -1 978665 -1 -1 -1 -1 -1 -1 -1 -1 -1 -1 -1 233975 593194 -1
-1 780017 -1 -1 -1 -1 725019 15428 -1 -1 -1 -1 -1 998075 -1 -1 -1 -1 -1 -1 -1 571474 -1 298599 -1 -1 201156 -1 -1 183781 273757 -1 -1 -1 137818 -1 74520 -1 -1 -1 -1 -1 -1 -1 -1 -1 -1 -1 -1 -1 -1 -1 -1 -1 -1 -1 -1 -1 -1 -1 -1 -1 -1 618233 754413 -1 -1 -1 -1 -1 -1 -1 -1 -1 327669 84669 -1 -1 763001 -1 -1 -1 -1 -1 -1 -1 -1 -1 -1 -1
-1 -1 71739 318447 -1 -1 198543 -1 -1 486386 -1 -1 -1 -1 727297 -1 -1 -1 237868 -1 -1 -1 -1 314333 -1 -1 639941 -1 -1 -1 -1 681421 -1 -1 260546 -1 215305 -1 -1 -1 -1 -1 -1 -1 -1 -1 -1 -1 -1 750874 -1 -1 -1 -1 -1 -1 -1 -1 -1 -1 -1 -1 -1 70235 -1 -1 -1 -1 21635 414807 -1 -1 339257 928493 769219 -1 -1 -1 30154 -1 -1 -1 695648 255073 -1 -1 -1 -1 -1
-1 652057 -1 -1 -1 -1 -1 386669 -1 -1 -1 -1 -1 -1 -1 -1 -1 -1 -1 -1 -1 288016 815332 57364 -1 -1 -1 -1 -1 -1 71429 721394 -1 -1 804401 -1 -1 -1 -1 -1 587185 -1 539841 -1 189379 -1 -1 -1 -1 650424 225256 731374 -1 -1 -1 -1 -1 -1 -1 -1 -1 -1 -1 -1 171576 -1 -1 -1 728641 -1 -1 -1 293983 42815 -1 -1 -1 -1 440927 -1 -1 620948 -1 -1 -1 622062 142624 -1
-1 -1 685051 -1 -1 -1 541172 -1 -1 -1 -1 -1 112748 -1 605634 -1 269417 -1 -1 -1 -1 -1 981510 -1 -1 -1 -1 790367 -1 -1 -1 454361 -1 -1 -1 -1 -1 -1 -1 799038 -1 249045 -1 -1 496258 -1 -1 -1 -1 -1 -1 869634 -1 630543 -1 -1 -1 -1 -1 -1 247978 -1 -1 -1 -1 -1 -1 -1 -1 629197 -1 -1 484765 -1 -1 -1 177930 -1 -1 750731 -1 -1 846377 -1 -1 817698 -1
-1 -1 -1 -1 -1 -1 -1 -1 -1 -1 978116 -1 -1 -1 -1 -1 -1 295627 -1 -1 -1 -1 -1 -1 -1 -1 -1 -1 -1 884466 949453 767722 -1 -1 580666 990269 66040 -1 54391 -1 -1 -1 -1 672922 -1 -1 947070 -1 -1 128203 -1 -1 -1 -1 -1 828162 -1 -1 -1 -1 -1 -1 -1 -1 -1 213086 -1 862798 -1 -1 137982 -1 -1 826079 -1 -1 -1 -1 403520 -1 288066 -1 -1 -1 -1 -1
640955 205301 -1 -1 -1 -1 -1 -1 470610 555172 -1 584958 -1 -1 -1 -1 629439 959149 248482 -1 943077 -1 -1 -1 847167 -1 -1 -1 -1 -1 -1 -1 573004 205121 -1 -1 -1 -1 -1 -1 -1 -1 697474 -1 -1 -1 -1 -1 -1 -1 998350 -1 -1 -1 -1 186609 -1 -1 -1 -1 -1 -1 -1 -1 643502 -1 -1 -1 -1 621152 -1 -1 -1 -1 -1 -1 -1 -1 -1 -1 -1 -1 157410 -1 -1
625947 -1 -1 -1 -1 -1 -1 -1 -1 -1 -1 -1 -1 -1 -1 -1 -1 -1 -1 -1 743816 -1 -1 -1 398853 -1 -1 -1 -1 -1 -1 82401 -1 -1 -1 -1 -1 -1 -1 -1 -1 999651 -1 15130 -1 -1 -1 -1 -1 -1 -1 -1 -1 261019 955630 -1 -1 -1 -1 -1 28340 -1 -1 -1 -1 -1 -1 -1 -1 -1 486530 364372 -1 317937 -1 997310 -1 -1 -1 -1 -1 -1 -1 -1
-1 -1 -1 -1 -1 -1 -1 -1 -1 -1 -1 -1 -1 -1 -1 374081 696848 -1 336241 -1 -1 908034 -1 113514 -1 299913 727721 -1 -1 -1 -1 431200 475103 196198 -1 -1 -1 -1 -1 962633 -1 -1 -1 -1 -1 210739 -1 -1 -1 -1 -1 680859 -1 395954 -1 -1 848721 -1 -1 -1 -1 -1 -1 -1 874374 -1 -1 -1 -1 -1 -1 -1 806399 855176 -1 -1 -1 -1 618872 -1 -1 -1 -1
-1 -1 -1 -1 -1 -1 -1 -1 -1 -1 942665 -1 -1 -1 -1 -1 -1 -1 -1 -1 -1 741591 -1 -1 -1 -1 -1 -1 698985 -1 -1 253615 -1 356746 -1 -1 -1 -1 815079 -1 -1 921279 -1 -1 -1 -1 -1 -1 -1 542739 -1 -1 142954 -1 -1 -1 -1 -1 951394 -1 -1 -1 -1 -1 -1 -1 -1 -1 -1 -1 -1 -1 -1 -1 -1 -1 -1 -1 -1 12461 -1 -1
-1 -1 285809 -1 -1 -1 -1 450838 -1 -1 220081 -1 -1 -1 509722 141735 -1 -1 -1 -1 -1 -1 -1 683322 -1 719291 -1 302999 -1 -1 -1 -1 -1 -1 634505 -1 479796 -1 -1 767288 603761 636399 -1 -1 -1 -1 -1 -1 825642 461028 779166 -1 -1 -1 -1 297926 -1 -1 -1 -1 -1 -1 254551 -1 -1 -1 23777 -1 -1 -1 318197 -1 -1 359537 -1 927648 950277 -1 -1 -1 -1
-1 -1 -1 997648 -1 603573 648787 534179 -1 -1 628080 -1 -1 -1 -1 -1 -1 -1 -1 -1 172892 296337 -1 -1 -1 -1 -1 -1 -1 -1 -1 -1 -1 -1 -1 -1 -1 -1 867335 -1 -1 -1 -1 230827 -1 -1 -1 -1 -1 -1 630893 -1 -1 -1 491214 -1 -1 -1 -1 -1 725656 -1 -1 -1 -1 822857 -1 -1 337075 6905 -1 -1 231125 -1 -1 -1 500769 -1 -1 -1
-1 -1 -1 -1 821826 -1 -1 108658 -1 -1 -1 -1 -1 -1 -1 -1 -1 -1 -1 40086 730241 -1 -1 -1 -1 -1 201248 -1 -1 -1 -1 -1 -1 -1 262125 -1 -1 -1 -1 393180 -1 481827 -1 -1 -1 240645 -1 -1 -1 -1 -1 -1 -1 -1 418931 210291 -1 -1 -1 -1 -1 -1 -1 237413 -1 -1 -1 387706 -1 -1 -1 -1 -1 -1 -1 -1 -1 -1 -1
184824 780410 -1 -1 -1 -1 -1 -1 -1 695241 -1 632819 -1 -1 -1 -1 -1 -1 -1 -1 785683 496250 32618 -1 -1 -1 -1 -1 -1 -1 -1 -1 530865 -1 -1 -1 -1 798413 -1 -1 -1 850781 -1 -1 -1 -1 -1 770994 -1 -1 -1 -1 -1 70556 -1 865938 -1 -1 -1 -1 -1 -1 -1 -1 295189 -1 -1 453303 674508 479499 -1 150972 -1 -1 -1 -1 729684 -1
-1 -1 -1 764987 -1 792921 -1 -1 -1 -1 -1 -1 -1 -1 -1 840596 -1 -1 -1 -1 -1 -1 -1 -1 596057 -1 313306 -1 -1 263533 929452 -1 115434 -1 -1 -1 -1 -1 -1 -1 -1 -1 -1 -1 -1 -1 505754 -1 -1 919294 -1 -1 967520 626207 -1 -1 -1 -1 -1 222750 -1 -1 -1 865552 -1 -1 -1 -1 -1 726633 -1 -1 -1 -1 -1 -1 -1
-1 -1 97240 -1 -1 803625 728183 -1 609480 77366 261624 -1 -1 -1 -1 -1 -1 486444 -1 -1 -1 -1 -1 -1 -1 -1 244747 -1 260897 831157 -1 -1 -1 -1 634684 -1 -1 -1 510435 -1 -1 381514 -1 -1 198508 -1 -1 -1 -1 948726 -1 -1 -1 -1 -1 607950 -1 -1 -1 -1 178441 -1 -1 -1 -1 -1 -1 -1 -1 -1 -1 873853 -1 -1 -1 -1
-1 -1 -1 849510 -1 -1 -1 -1 -1 489809 -1 -1 -1 -1 -1 -1 -1 990021 -1 -1 -1 -1 351640 -1 -1 -1 -1 -1 -1 -1 -1 -1 -1 -1 -1 -1 -1 216589 -1 -1 -1 -1 -1 -1 420161 -1 -1 -1 116414 -1 -1 409842 -1 -1 -1 -1 -1 -1 927127 939542 -1 -1 -1 -1 -1 560742 726750 -1 -1 -1 -1 -1 705584 -1 -1
-1 741450 -1 -1 -1 -1 -1 -1 -1 -1 -1 -1 40221 -1 -1 -1 -1 534258 -1 -1 -1 834195 -1 -1 73381 -1 1505 -1 -1 -1 -1 -1 -1 -1 -1 -1 -1 -1 -1 -1 -1 -1 826209 -1 -1 -1 -1 -1 -1 -1 -1 -1 605269 -1 -1 -1 -1 -1 -1 -1 -1 -1 -1 -1 570746 -1 509531 -1 -1 274930 -1 -1 -1 -1
-1 -1 -1 -1 411090 -1 -1 769044 -1 -1 -1 777592 -1 -1 -1 -1 -1 215168 -1 314392 -1 -1 186902 -1 -1 -1 -1 14883 3239 -1 634023 -1 -1 -1 -1 -1 -1 168707 -1 621239 866259 -1 820572 -1 -1 -1 -1 -1 -1 -1 -1 -1 624194 118953 -1 928388 -1 -1 -1 -1 -1 992739 -1 658702 634501 -1 -1 -1 -1 -1 -1 -1 -1
-1 -1 -1 -1 -1 -1 -1 -1 920163 633611 -1 -1 -1 -1 -1 -1 -1 272829 -1 -1 -1 -1 -1 876156 43658 826868 543632 -1 -1 -1 808497 -1 -1 -1 -1 183642 588162 -1 -1 -1 -1 -1 -1 -1 -1 -1 45614 -1 -1 712709 -1 969894 -1 -1 -1 743380 -1 -1 515599 295699 257418 466740 17636 -1 -1 -1 444005 -1 -1 -1 -1 -1
-1 -1 251742 262566 -1 -1 -1 -1 -1 -1 -1 229598 -1 378247 -1 -1 407345 -1 -1 189868 -1 -1 875862 -1 -1 572027 -1 -1 -1 -1 -1 -1 -1 -1 183610 -1 -1 -1 -1 -1 -1 -1 -1 -1 -1 -1 -1 -1 -1 -1 -1 -1 143545 130735 -1 -1 681211 276388 -1 -1 -1 -1 499323 -1 -1 -1 -1 -1 -1 342941 -1
-1 -1 -1 85231 -1 -1 -1 484062 -1 -1 816383 -1 -1 -1 -1 198832 921977 -1 -1 -1 -1 -1 -1 -1 -1 -1 -1 -1 -1 170373 531166 553919 -1 7363 -1 -1 -1 -1 -1 -1 -1 -1 -1 223009 -1 582962 542168 -1 997497 -1 -1 -1 -1 -1 -1 109563 577349 -1 134548 -1 -1 -1 -1 -1 392257 -1 882755 -1 -1 582337
-1 -1 -1 -1 -1 -1 445355 -1 -1 -1 -1 566847 33921 -1 -1 851391 -1 -1 -1 -1 355305 -1 -1 -1 -1 849395 417855 -1 -1 -1 -1 -1 -1 -1 -1 962870 -1 -1 -1 112057 361968 -1 -1 -1 -1 -1 -1 -1 -1 -1 690487 -1 -1 -1 425644 465737 111767 75316 -1 -1 -1 173619 -1 -1 -1 -1 -1 -1 828921
-1 -1 -1 -1 608815 -1 -1 900297 885194 -1 -1 895727 734013 -1 711672 -1 -1 -1 -1 721071 -1 -1 -1 -1 -1 -1 -1 -1 -1 -1 -1 -1 -1 -1 876512 -1 -1 139888 481226 -1 -1 946766 -1 -1 -1 -1 -1 -1 114714 103458 -1 -1 -1 -1 -1 -1 -1 -1 -1 634480 545702 -1 -1 -1 -1 -1 -1 -1
-1 -1 -1 492797 131925 -1 102899 127412 -1 -1 -1 -1 -1 -1 -1 569676 -1 994374 -1 -1 794489 -1 -1 348968 -1 -1 348988 -1 -1 289547 613310 -1 -1 -1 -1 -1 -1 646719 -1 -1 -1 -1 -1 -1 -1 -1 -1 754820 -1 -1 -1 -1 -1 -1 -1 -1 -1 -1 -1 -1 -1 -1 919450 -1 -1 -1 -1
128184 -1 -1 -1 -1 438208 -1 -1 -1 -1 -1 -1 186527 306656 -1 -1 -1 -1 -1 -1 -1 -1 -1 -1 -1 -1 -1 -1 -1 -1 450397 975098 -1 157929 -1 -1 955422 506230 -1 79342 932594 -1 -1 -1 -1 -1 -1 778598 -1 -1 -1 203604 -1 -1 -1 -1 -1 -1 -1 -1 -1 -1 -1 -1 -1 -1
-1 -1 -1 -1 -1 -1 975145 -1 -1 -1 -1 162199 906837 -1 -1 424773 -1 -1 -1 -1 -1 -1 336697 -1 -1 -1 -1 694820 188090 197547 -1 -1 -1 -1 -1 -1 -1 403873 -1 -1 820706 -1 378970 -1 402175 -1 -1 -1 -1 -1 -1 -1 -1 -1 -1 -1 1222 -1 -1 -1 -1 -1 -1 -1 -1
-1 -1 -1 -1 -1 275449 -1 -1 312708 -1 -1 -1 980600 361889 590004 -1 -1 -1 221721 -1 321422 665053 -1 -1 -1 -1 -1 -1 -1 -1 -1 -1 -1 -1 -1 451095 -1 -1 -1 -1 562134 -1 -1 -1 -1 -1 -1 -1 -1 -1 -1 -1 447767 698923 -1 -1 -1 -1 -1 -1 -1 -1 -1 761375
-1 -1 -1 -1 688536 794364 -1 807497 957980 -1 -1 -1 -1 -1 -1 -1 -1 -1 -1 -1 -1 768353 -1 -1 -1 -1 -1 -1 -1 -1 -1 -1 -1 246562 -1 -1 -1 324699 -1 -1 -1 -1 367042 -1 -1 -1 28436 -1 -1 730884 -1 -1 -1 433485 -1 -1 -1 -1 -1 -1 -1 -1 -1
42989 -1 -1 498430 -1 762201 427798 -1 -1 -1 -1 -1 -1 -1 -1 -1 -1 -1 558236 -1 784717 -1 -1 -1 1116 -1 -1 -1 -1 -1 457506 -1 -1 -1 609768 700543 -1 -1 -1 -1 -1 -1 -1 -1 -1 525428 -1 847829 -1 540025 -1 679083 -1 -1 -1 -1 -1 -1 -1 187773 -1 568138
-1 -1 -1 -1 -1 -1 -1 -1 178276 -1 -1 -1 -1 -1 931274 968793 -1 -1 -1 -1 -1 -1 -1 -1 -1 -1 541034 364289 -1 -1 899234 -1 -1 -1 -1 -1 -1 94084 527674 -1 -1 -1 -1 -1 839075 -1 -1 -1 -1 -1 -1 -1 -1 -1 -1 728506 -1 -1 -1 -1 786207
-1 -1 -1 -1 -1 -1 -1 -1 -1 -1 -1 -1 -1 -1 -1 -1 807251 -1 -1 -1 -1 -1 -1 -1 -1 -1 -1 -1 20127 -1 -1 -1 -1 -1 -1 -1 -1 -1 -1 -1 712712 -1 -1 -1 -1 -1 465722 937189 -1 480900 -1 -1 -1 -1 -1 -1 -1 165583 -1 -1
-1 786897 -1 -1 -1 750763 -1 -1 -1 -1 -1 -1 -1 -1 -1 -1 49787 -1 -1 -1 -1 -1 -1 -1 343605 214227 -1 -1 264993 -1 -1 297899 388470 -1 -1 -1 -1 -1 -1 208476 41362 505334 -1 -1 -1 579260 -1 -1 -1 -1 -1 -1 206319 -1 -1 -1 -1 915389 703537
-1 -1 -1 -1 -1 761968 -1 -1 532917 -1 -1 -1 -1 -1 -1 972634 -1 -1 -1 -1 -1 -1 -1 -1 -1 -1 -1 -1 -1 -1 -1 -1 -1 -1 -1 418819 -1 -1 -1 461141 -1 -1 -1 -1 7191 -1 243053 139619 370496 206144 -1 -1 650443 -1 -1 836319 -1 268469
-1 -1 735636 -1 -1 -1 -1 -1 -1 -1 -1 -1 -1 -1 -1 -1 -1 44945 -1 -1 668394 -1 -1 -1 -1 -1 -1 -1 -1 -1 -1 575327 -1 -1 19143 -1 -1 -1 -1 -1 -1 -1 -1 5076 -1 565453 -1 601846 -1 -1 570291 206430 -1 -1 -1 -1 877579
889989 129477 -1 -1 -1 -1 -1 -1 -1 -1 -1 -1 -1 925214 593211 -1 761194 -1 -1 -1 -1 -1 -1 -1 -1 103454 590872 -1 -1 103542 -1 -1 -1 -1 -1 -1 -1 -1 778432 -1 -1 993405 -1 -1 807381 -1 -1 -1 330061 -1 -1 -1 -1 -1 969965 -1
257724 -1 -1 -1 -1 -1 -1 -1 -1 -1 514223 -1 -1 860492 -1 -1 -1 902371 -1 -1 669282 999684 -1 -1 -1 -1 -1 -1 395249 -1 -1 -1 -1 -1 511645 -1 -1 607916 -1 462147 -1 -1 -1 -1 205309 -1 -1 528437 918451 889068 315697 -1 141749 -1 -1
-1 -1 -1 -1 860095 755386 -1 -1 -1 -1 -1 -1 -1 -1 -1 -1 -1 871790 -1 -1 -1 -1 -1 306442 -1 -1 -1 -1 474407 -1 -1 -1 -1 372772 -1 -1 254376 284587 786668 -1 728616 -1 288775 409878 -1 -1 -1 -1 -1 -1 -1 -1 -1 -1
188015 904298 -1 -1 -1 -1 -1 -1 -1 -1 -1 -1 -1 -1 -1 -1 373557 -1 312650 -1 -1 -1 -1 172830 -1 985594 960307 -1 -1 -1 -1 -1 -1 429100 -1 -1 -1 -1 -1 353050 -1 -1 -1 -1 80135 214241 -1 325951 -1 -1 94558 227959 -1
-1 -1 -1 699751 -1 -1 802518 -1 239341 272426 -1 -1 -1 411770 942244 -1 -1 -1 155033 635243 893649 -1 -1 -1 -1 800970 -1 -1 274214 -1 -1 798774 43314 499976 -1 -1 -1 -1 -1 -1 -1 -1 -1 -1 -1 -1 -1 -1 -1 204950 124040 -1
-1 919518 -1 -1 -1 -1 -1 -1 -1 -1 287928 460810 -1 -1 659264 -1 697024 168891 -1 -1 -1 -1 -1 -1 656574 -1 362302 602539 -1 -1 -1 -1 932835 1379 591028 -1 112284 -1 -1 -1 -1 -1 -1 -1 -1 -1 247854 -1 775846 -1 -1
-1 956777 -1 -1 767816 -1 562577 119744 -1 318297 531722 410031 -1 -1 -1 -1 -1 -1 -1 -1 -1 -1 -1 -1 -1 292047 -1 -1 685608 438703 -1 -1 688910 8484 -1 -1 -1 -1 55171 -1 -1 -1 -1 -1 682980 -1 -1 774316 -1 -1
565539 -1 -1 -1 544770 -1 -1 -1 -1 -1 -1 840599 745636 -1 -1 -1 -1 -1 204620 -1 -1 -1 -1 -1 -1 556424 -1 -1 123813 638952 -1 -1 -1 -1 -1 -1 -1 -1 -1 -1 392795 -1 -1 461826 -1 -1 964385 -1 -1
-1 999976 -1 -1 -1 -1 -1 -1 -1 -1 -1 -1 -1 -1 -1 -1 387279 -1 -1 -1 328242 -1 -1 -1 -1 -1 -1 304808 677455 251739 -1 -1 -1 -1 493085 -1 -1 -1 769539 -1 -1 -1 -1 -1 -1 50993 -1 850423
639875 -1 -1 -1 -1 -1 -1 8045 644613 968998 953039 -1 -1 -1 887317 430494 -1 -1 -1 542083 -1 -1 -1 -1 -1 -1 -1 -1 -1 -1 474292 -1 -1 889972 -1 -1 -1 -1 -1 -1 891496 -1 805662 -1 -1 -1 -1
290766 -1 19835 -1 -1 176194 -1 -1 -1 -1 294697 -1 -1 -1 -1 971914 -1 288836 -1 -1 -1 793599 -1 -1 -1 -1 241902 -1 923317 -1 -1 -1 -1 -1 429604 87160 -1 861771 324222 -1 732439 -1 -1 -1 563271 -1
-1 -1 -1 -1 -1 591908 -1 -1 -1 957691 -1 19016 -1 901808 -1 -1 -1 -1 -1 -1 -1 718340 -1 -1 538649 -1 -1 -1 947859 -1 -1 640856 80569 -1 -1 901605 -1 -1 -1 -1 -1 -1 -1 -1 -1
-1 -1 498241 -1 -1 -1 -1 -1 -1 -1 149822 -1 713900 825144 -1 -1 -1 600528 -1 -1 -1 -1 -1 -1 -1 75953 -1 -1 811895 -1 -1 -1 -1 -1 725250 -1 642708 684633 371516 -1 -1 -1 -1 -1
-1 -1 -1 997602 -1 -1 276226 -1 -1 -1 -1 933028 -1 -1 -1 213975 -1 -1 -1 -1 -1 -1 -1 -1 -1 -1 269883 -1 -1 -1 -1 -1 -1 -1 -1 -1 -1 -1 -1 -1 486123 364923 -1
-1 -1 -1 -1 -1 -1 225047 -1 -1 -1 6427 343000 -1 -1 -1 -1 290553 -1 315514 -1 569201 -1 -1 -1 -1 -1 -1 -1 -1 307511 -1 -1 -1 -1 813791 -1 -1 139868 -1 -1 394947 -1
-1 -1 -1 612233 -1 -1 -1 -1 -1 24713 611174 -1 -1 -1 -1 -1 -1 -1 -1 -1 -1 -1 -1 508710 -1 891270 -1 -1 -1 -1 380455 -1 587620 -1 -1 -1 -1 -1 8191 -1 -1
-1 573060 -1 -1 -1 -1 -1 -1 -1 938934 -1 -1 -1 -1 -1 39064 -1 -1 -1 -1 -1 -1 -1 -1 -1 -1 -1 643683 -1 -1 -1 -1 -1 18186 -1 -1 -1 -1 -1 799984
-1 -1 -1 538729 -1 -1 -1 -1 -1 -1 716531 -1 -1 155221 -1 -1 245468 -1 -1 -1 485259 621726 -1 -1 -1 579416 -1 -1 -1 -1 -1 -1 -1 -1 -1 -1 -1 -1 527085
-1 -1 517787 -1 634410 -1 -1 -1 -1 -1 -1 -1 -1 -1 -1 -1 -1 553904 -1 -1 -1 942781 -1 735299 -1 -1 438189 -1 -1 -1 -1 -1 -1 -1 61541 -1 196923 -1
-1 341796 -1 -1 -1 -1 362082 -1 -1 -1 -1 -1 -1 -1 -1 -1 -1 595092 -1 -1 895845 -1 -1 -1 -1 229606 -1 926290 881320 -1 -1 -1 -1 -1 -1 -1 -1
-1 17761 806051 -1 -1 -1 -1 -1 449280 -1 -1 -1 -1 -1 -1 -1 -1 -1 -1 468765 -1 -1 -1 643458 -1 -1 -1 907832 200062 431526 -1 643455 -1 959857 -1 -1
184292 -1 -1 685163 -1 -1 -1 421606 -1 623312 110330 -1 -1 -1 -1 -1 -1 940841 -1 684180 -1 -1 -1 53252 817237 -1 -1 831616 -1 -1 188206 -1 -1 -1 -1
-1 -1 -1 732062 -1 823084 -1 -1 -1 73218 -1 -1 -1 -1 -1 -1 -1 -1 -1 -1 860694 -1 -1 -1 -1 -1 -1 -1 -1 -1 433560 -1 -1 383042
-1 -1 -1 573977 -1 -1 -1 -1 -1 -1 -1 -1 -1 -1 -1 -1 -1 -1 -1 -1 422349 388245 689893 -1 717350 -1 -1 -1 -1 -1 417734 -1 952399
403843 -1 -1 -1 871530 431690 254145 -1 304441 -1 -1 -1 -1 -1 -1 621841 -1 724094 -1 445411 -1 -1 624939 -1 679171 361084 465038 -1 -1 -1 368772 -1
-1 -1 533705 316831 245815 -1 -1 -1 862386 -1 -1 -1 -1 -1 -1 161179 -1 208926 -1 -1 -1 -1 -1 -1 808619 -1 -1 -1 -1 43555 -1
-1 953514 221226 -1 -1 524427 -1 -1 658906 -1 953471 -1 -1 -1 -1 -1 926715 -1 -1 -1 -1 -1 -1 818841 -1 -1 -1 -1 -1 -1
558883 378042 -1 -1 -1 905589 -1 -1 -1 -1 -1 -1 -1 -1 -1 -1 -1 -1 -1 -1 -1 479231 105709 -1 -1 -1 376062 825884 -1
-1 413459 -1 -1 81608 520352 297863 505352 -1 278526 -1 -1 -1 -1 -1 639576 -1 -1 -1 -1 -1 -1 -1 -1 -1 -1 -1 -1
-1 969358 -1 -1 -1 -1 -1 -1 -1 -1 -1 323926 349471 -1 -1 -1 -1 -1 -1 -1 -1 -1 -1 -1 617257 -1 -1
-1 -1 -1 -1 -1 -1 -1 -1 138213 -1 -1 -1 -1 -1 -1 682664 -1 -1 362685 458269 -1 -1 -1 -1 -1 -1
-1 998565 -1 130188 -1 489421 -1 817846 -1 -1 -1 351814 -1 353684 419602 -1 -1 -1 -1 -1 -1 32483 683147 -1 -1
-1 -1 -1 -1 -1 -1 636025 -1 497218 506899 -1 -1 -1 -1 200086 -1 -1 -1 933096 -1 867525 -1 -1 -1
267916 -1 -1 -1 456436 -1 -1 -1 -1 -1 -1 860831 -1 698924 -1 -1 -1 -1 721226 252325 -1 -1 -1
-1 -1 -1 116929 -1 -1 -1 -1 -1 -1 167835 664899 26328 -1 -1 -1 -1 -1 161422 -1 -1 -1
339528 -1 -1 -1 -1 -1 392727 281300 -1 -1 -1 -1 223926 -1 -1 -1 -1 349197 -1 97697 738246
-1 -1 -1 -1 -1 566002 -1 -1 -1 -1 753507 -1 -1 -1 441698 -1 -1 498857 344841 707767
294038 -1 -1 -1 -1 237523 -1 -1 -1 347892 -1 -1 -1 -1 105957 -1 -1 -1 654841
-1 -1 -1 821582 -1 -1 -1 -1 -1 448989 -1 941135 -1 225846 16929 -1 -1 648082
-1 608554 -1 -1 -1 -1 -1 619286 -1 -1 -1 -1 -1 -1 -1 -1 -1
69915 -1 -1 -1 -1 -1 -1 -1 -1 -1 -1 -1 969519 -1 -1 -1
-1 -1 308728 -1 -1 -1 -1 -1 -1 732207 311553 -1 -1 -1 -1
-1 -1 -1 -1 -1 -1 -1 192039 -1 -1 633547 916169 -1 -1
-1 855360 817500 -1 -1 -1 -1 -1 247187 -1 -1 -1 -1
12330 371776 -1 -1 -1 -1 -1 -1 -1 -1 -1 -1
-1 -1 -1 -1 -1 900981 729503 -1 -1 -1 -1
-1 -1 295363 -1 -1 -1 -1 424203 -1 -1
-1 -1 -1 -1 -1 -1 -1 -1 748667
-1 978788 -1 -1 -1 -1 -1 -1
-1 600122 -1 -1 -1 -1 883343
-1 -1 -1 -1 -1 -1
-1 -1 -1 -1 -1
-1 -1 -1 -1
-1 -1 307164
684704 -1
773121
