9936 993 999
3 9241
2 883 5880 7186
2 949 8779 5737
2 6960 9340 8574
2 2100 7456 1791
2 3718 7012 1148
3 1064
2 1838 5440 6450
2 6303 8505 4163
3 8167
3 7571
2 6996 9664 6692
2 2806 6968 685
2 6353 7618 2152
2 300 8745 6695
3 6722
1 1617 1354
3 1673
3 9015
3 4190
1 9742 9911
2 1586 3991 5872
3 8119
3 4485
3 8765
2 1753 5782 955
2 1957 4565 9149
3 4239
1 6173 8429
3 724
2 863 4747 7300
2 667 4142 2930
3 8205
2 1941 7999 2325
1 2682 9294
2 1509 3087 6576
3 4577
1 7795 9555
3 365
2 7849 9824 1768
3 8270
2 1431 4458 5545
2 7178 7762 346
2 5314 9893 4081
1 9471 4697
2 515 3382 2879
2 1939 5987 5705
3 6976
3 724
2 7604 7874 8854
2 4123 8227 8306
1 8123 6982
3 2833
2 1850 8124 7431
2 564 5842 6409
3 4289
2 2186 3429 6879
2 2012 9757 8320
3 3893
3 6074
2 7688 9184 7035
3 9100
3 8293
3 1059
3 4818
1 2670 3527
1 8014 808
1 3353 8270
2 1547 2029 7257
2 7537 8218 1581
3 9568
2 2903 5570 5116
3 5845
3 7712
1 9294 5240
2 6797 8143 5124
1 6851 9555
2 1679 8526 4916
1 9832 8327
1 4296 913
3 774
2 8507 9803 2042
2 2878 9914 7122
1 5816 4577
3 314
2 155 9701 4665
3 8875
2 4168 9489 3090
2 1927 3208 5206
2 8672 9867 9167
3 1059
3 808
2 2730 6885 2189
1 3323 1980
2 8934 9539 6742
1 3265 5254
3 7062
1 8205 4123
2 5937 6698 1038
3 8801
1 6464 6343
1 3824 4757
2 2117 6783 1826
2 1152 2848 6002
2 2915 6448 4958
3 7067
2 2975 8814 5587
2 2836 7551 3298
2 8468 8869 2748
2 4020 9701 6604
1 5375 8861
1 2813 314
1 8743 913
2 649 3750 329
2 297 2899 4853
3 3968
2 8342 9091 2233
2 7502 7595 8171
1 6982 2078
3 3265
2 1707 4011 5668
2 2731 6381 1062
2 2992 3677 3611
1 9624 9832
3 9868
3 3506
3 7706
1 7556 8243
1 5126 9397
1 6911 45
3 3845
3 2078
1 7495 1059
1 5254 3030
2 3129 8886 7922
1 7146 7093
2 1725 6611 4785
1 1064 9434
2 9218 9267 7111
1 6497 130
2 7768 9190 8746
3 2179
3 5376
1 1510 734
3 5973
2 5918 6414 9559
1 859 1513
1 5126 6502
2 93 3537 1148
1 5909 291
1 988 6481
2 1249 6543 7214
2 885 7585 7979
1 2002 4931
2 4098 9187 5096
3 6982
2 325 4466 774
3 1068
2 6677 9808 4954
3 2171
2 644 3987 5631
3 8167
2 5703 6921 3616
3 3766
3 8986
2 565 8071 4501
3 3594
3 9320
2 61 9537 2542
3 1890
1 655 8450
2 1606 8870 5110
2 4505 8010 2016
3 3132
2 2798 6168 4160
1 1703 9752
2 473 4605 9868
1 285 9752
2 2410 8308 8816
3 1064
2 8276 9253 6495
1 2023 1102
3 9101
1 7711 5240
2 3586 7298 9858
1 4123 314
1 270 9752
3 324
2 331 8988 2421
1 1370 2989
1 1504 3893
3 6497
2 6925 8724 2416
1 5796 9455
1 4540 2579
1 9294 9894
2 3093 3119 5500
1 8417 750
2 7318 9614 3852
2 1235 4640 2112
3 8795
3 835
3 5150
2 3754 7073 966
2 2938 7269 1553
3 2587
3 5065
1 7227 8765
1 6497 9448
1 7254 9294
2 2607 7898 620
3 3408
2 3617 7969 1735
2 508 1566 6632
2 2970 5302 5703
3 7570
3 6581
1 1510 3808
3 779
2 2588 8549 8404
1 6722 967
1 6301 5742
2 2595 5754 147
2 7017 7529 7307
3 1686
3 9012
2 2301 5707 5835
2 2032 2969 502
3 3414
1 835 7470
3 3386
2 1210 2612 4795
3 3026
2 1229 4760 4052
2 306 6660 2458
3 1473
1 2843 8857
2 4827 9454 2851
1 9130 6581
3 7075
1 297 833
3 4429
1 9832 9262
2 7988 8383 8498
3 808
2 362 3697 6695
3 8347
3 8450
2 1092 9816 4753
3 5172
2 2788 4506 6246
1 6050 9645
2 6710 7711 8844
3 2479
3 8754
1 6497 3270
2 2119 3356 5307
3 2108
2 2903 9708 5305
3 6199
1 8106 9082
2 408 6905 1645
2 1542 8226 2226
2 242 8345 9702
2 2631 3000 5645
1 9202 8725
3 3026
3 9898
3 5704
1 4485 3847
1 3026 6091
1 3223 7295
3 1598
1 5370 7556
3 4931
3 9294
2 2195 6909 3786
2 5596 7410 4297
2 5175 7820 6775
1 3627 4195
3 6134
1 3845 460
1 7529 9898
1 4165 7952
2 27 8639 3444
3 3026
2 517 7725 7787
3 365
1 5240 5989
2 5146 9683 1792
2 863 6967 3819
1 2007 913
1 7706 913
2 910 4769 782
2 2456 5221 3529
3 5240
3 5649
1 1064 8619
1 45 6101
2 7708 9647 8985
1 7234 710
3 8619
2 69 382 7982
2 6144 6746 7396
2 2686 5689 9347
1 835 9357
1 4273 9935
3 2272
1 2087 8615
3 6626
2 3091 3242 8466
1 8167 9898
1 1064 9446
3 1703
1 6635 1059
2 2913 3276 8857
1 8626 7475
2 2201 6291 7432
2 801 2125 4002
1 1507 6546
2 1389 7002 8110
3 3738
2 4318 8013 2465
2 1570 6123 9676
2 329 5791 728
2 173 6023 5731
3 2078
1 2757 508
3 7824
1 6593 2171
1 6438 9015
2 1831 3164 1706
1 3508 774
2 4477 5949 8800
3 3633
2 812 8134 6278
2 5047 8600 3300
2 3738 8429 1371
1 853 6722
2 2161 5845 529
3 1673
2 1079 8644 3029
2 7592 7715 4363
2 8385 8960 7054
1 2682 1064
1 8741 18
2 557 6049 5045
2 15 7192 9471
2 7603 8400 6967
3 8982
1 6032 387
2 238 5388 2260
3 5239
1 6704 8774
2 8504 8506 1105
2 1983 4365 1898
3 1650
2 334 6108 7574
3 8566
2 320 7528 6659
2 4684 8076 4486
1 7146 1612
2 1802 3496 2304
1 6409 5259
1 6173 1513
1 5263 8450
1 6566 3633
3 5455
3 6682
1 6456 774
3 9251
3 6148
1 6635 9832
1 9082 365
1 2989 7146
3 3594
1 913 4379
1 5887 6546
1 32 6704
2 2909 7746 8633
2 6147 6614 7044
1 734 7824
2 4744 8617 151
3 2424
2 584 3984 8779
1 6699 9262
2 7957 8430 9248
1 2119 833
1 9832 2587
1 9906 9294
3 6438
3 7790
3 5250
3 3147
2 591 9253 737
1 4296 9752
1 8450 774
1 8978 3976
2 20 2538 2217
2 1178 5583 6027
3 1849
3 6546
2 4448 4610 8955
1 6723 4697
1 1059 8205
3 7706
1 5148 1334
3 666
3 2100
2 491 8592 5146
1 5814 3265
3 6617
2 8737 9177 4701
3 566
1 1545 8059
1 9898 2100
3 934
2 3599 5109 1999
3 9555
1 3804 2587
1 9746 3114
1 6137 2110
2 1344 3449 1228
1 9015 5915
3 808
3 8157
1 9206 2952
1 2078 9555
1 4188 7482
3 4323
2 3506 4358 6519
2 1138 7236 3736
1 6497 2078
3 7461
2 7963 8166 8551
3 314
2 4064 6661 3550
3 8619
2 864 9396 5708
3 2266
1 8205 45
2 47 7168 7930
1 4931 4702
2 5913 6822 2689
2 8174 9525 6937
2 3117 7738 6870
2 4490 6389 8932
3 913
3 8566
2 2284 8161 4317
3 8619
3 5976
2 255 4293 604
1 2078 4060
2 2395 5446 7638
2 2417 9192 3348
3 9733
1 2752 857
2 1176 8782 3134
2 3334 9072 6049
2 1967 8356 3070
3 7126
2 4326 5702 3644
3 2424
2 4046 6209 5624
2 6857 7160 2051
1 5986 4544
3 4296
3 6497
2 6797 7382 3132
1 6699 9857
2 1309 8385 6566
3 6242
3 7039
1 712 5942
2 5677 8408 2270
2 2321 3252 8089
2 2524 6771 4830
2 2019 9147 897
1 4865 5716
3 3718
2 2072 4321 9700
2 2791 7841 1778
2 249 1735 1435
3 734
2 791 7314 681
1 8086 7241
3 8540
2 6242 8372 5794
3 383
2 580 671 3497
3 4938
3 3484
1 196 6699
3 3268
1 7556 5239
1 6117 1911
1 1780 8450
1 3808 6546
1 8304 2007
3 2087
3 3026
2 4569 8092 5181
2 740 7157 5909
1 2708 1893
2 734 3307 3834
1 6003 7346
3 602
3 5598
1 7147 6888
2 5079 9822 9000
3 853
2 2970 7603 7919
2 329 9844 9836
1 2147 2171
2 2809 2895 4529
3 6699
3 6172
2 1259 1981 8791
2 1496 6221 397
3 9102
2 2212 3673 6205
3 5162
3 9191
3 1683
1 1620 8765
1 2171 7759
1 7289 9082
3 3700
2 64 2936 3399
1 4838 314
2 4729 4902 602
1 2007 4740
1 6627 6699
3 5070
3 5673
1 234 6438
1 6090 8795
2 3273 3414 6687
1 3489 2087
1 651 9353
3 2682
3 3408
1 3904 2936
2 1031 9841 7492
3 5240
1 6901 5845
1 1922 8290
1 6748 7950
2 833 6755 1581
1 774 5986
1 3845 734
1 8202 8765
1 6581 9555
1 3612 4731
1 5159 1673
1 6751 7433
2 581 4879 7750
1 7706 2171
1 4214 9935
2 3647 8121 3722
2 3426 8883 8751
2 282 6488 3339
3 7644
1 6214 6551
1 724 2725
3 1947
2 1543 4064 8582
1 4740 3123
1 3147 8451
2 2115 7044 5005
3 5857
2 6588 9355 4250
3 7355
1 6522 6497
2 1387 8785 8909
1 6134 7556
1 2171 835
3 45
1 5126 9245
3 5879
3 1059
1 5986 7711
1 8385 7813
3 1708
1 3594 3527
1 7460 5598
2 6718 7942 801
3 8619
3 3893
3 5239
2 2953 7453 6447
1 913 4410
1 1197 1980
1 5885 3240
2 2239 3849 3672
2 1110 9903 4250
1 1059 2424
1 7679 1823
2 7378 8838 1140
2 6576 9171 3755
1 1706 913
2 402 6323 6980
1 8795 2631
1 9505 4697
1 8875 5942
1 8566 6225
2 6340 8789 5241
3 6862
3 3893
2 499 8067 5525
3 774
3 4697
3 6699
1 6635 2007
1 6581 1510
1 8795 4636
1 4143 798
2 4268 9071 6131
3 7484
2 598 9236 9598
3 9056
2 4013 5796 7321
1 870 8733
1 2424 7238
3 3429
1 2857 7578
1 1708 9772
3 6704
2 95 1803 1087
1 7347 5986
3 1545
1 2999 7146
3 365
1 2961 76
1 6409 9292
2 99 671 3325
1 9898 7565
2 1394 7761 9242
1 7999 9484
1 7358 1483
2 1036 7955 5488
2 592 7255 7811
1 5794 5279
2 2169 7562 3234
1 686 6982
1 8205 2160
2 2942 5381 790
2 668 4383 4813
1 5571 1957
2 78 6133 7874
2 2231 9769 6487
1 2752 4296
1 6504 2007
2 4826 5948 2640
2 7456 7923 7231
3 314
3 4622
1 8270 2354
3 4697
2 7471 8341 1122
2 6588 9024 3089
3 1678
1 5845 3026
3 6815
3 1771
3 2989
3 9832
2 2981 7083 307
3 794
3 8591
1 4506 6722
2 1116 7247 4251
2 7901 8824 9504
1 6546 4270
1 8618 7496
2 5051 7638 3283
3 734
3 7124
3 6013
3 1553
3 9865
1 5598 7854
1 5126 3147
3 7383
1 5248 913
3 3147
1 9191 4575
2 7704 9761 5159
3 4931
2 2263 6750 6625
3 324
3 1483
3 8450
1 1980 5126
2 1659 4937 2695
2 45 1001 2049
3 2265
2 202 3836 2954
2 2168 3240 744
1 6134 3492
2 5516 8205 7683
1 8774 6704
3 7379
3 6409
2 4593 8642 7756
3 8094
2 2891 3695 7183
2 1200 7771 724
3 3633
3 1430
1 9191 2989
1 9513 3026
3 1059
2 1977 3521 5708
1 7556 2443
3 877
2 1080 7038 3080
1 6982 3539
2 8578 8955 5639
3 5227
1 4931 5175
1 8094 808
1 8205 2396
1 1610 2411
2 2661 7988 6682
2 495 1010 6954
1 5713 4740
3 7440
2 2422 6909 9539
3 529
2 2613 9887 8693
3 853
1 6497 6599
2 2416 4304 7873
1 3574 6125
3 2424
2 768 6682 6186
1 2100 2587
2 3579 5901 4927
3 3026
1 724 7848
3 8450
3 3845
3 9898
1 3646 1059
1 3106 5478
2 751 5908 7902
3 7824
3 4424
2 3078 5302 7445
2 5380 5514 7974
2 1930 5563 6254
1 9583 7319
2 2043 8083 1463
2 3783 6869 1605
3 5254
3 1064
2 4320 7908 3479
2 5027 5499 8101
1 3893 3845
2 2073 8485 6477
1 9866 8795
1 9191 3633
2 7795 9040 6492
1 3506 6699
1 6864 8714
2 4418 6716 6176
1 853 1059
1 9876 3335
2 69 1383 4835
3 6635
1 9752 7347
2 2769 7746 376
3 8795
1 6034 3288
3 5376
1 6481 774
1 7606 1673
1 6481 8751
2 4978 5027 5729
3 7593
3 6256
3 5669
3 1980
3 5239
3 2349
3 3408
1 8765 3690
1 9299 4740
3 5942
3 5933
3 853
2 3238 7935 2336
2 8123 8351 9822
1 4648 8090
3 913
2 2977 3304 4976
1 9586 314
3 734
3 201
3 9472
2 501 8083 7850
3 3687
1 6635 9082
1 7556 3633
3 3070
1 7241 7711
3 6939
3 3408
2 23 5829 3080
3 429
3 9749
1 3476 6911
3 6911
1 7711 6705
1 9379 6635
1 5942 1059
2 1894 6896 2238
2 6288 7109 5864
2 3790 5853 3790
3 5043
1 6546 9299
1 4568 6704
3 4227
1 6497 5228
2 4045 4146 5005
2 442 738 1786
1 1128 6507
3 8628
3 8094
3 6497
3 1439
3 835
1 2100 9484
3 9752
3 3594
1 7706 7950
2 2344 7418 4109
3 3594
1 3145 5766
3 5845
3 6722
1 2007 1483
3 6248
2 1218 3691 1674
2 198 3992 6825
3 8566
3 9935
1 4931 913
3 4697
3 5873
1 6704 8094
1 3867 9262
1 1299 9787
2 5404 8665 1862
3 4143
3 324
3 913
2 2459 4489 5003
2 3291 6206 8554
1 204 3893
3 3474
2 3355 6830 7733
1 6699 5942
2 4704 6072 9407
2 752 4567 2012
3 9146
3 8094
1 8205 750
3 3594
1 6481 2078
2 877 7787 532
1 8619 145
1 1527 5254
1 339 4954
1 4604 8774
3 90
2 513 6568 3343
3 3065
3 1483
1 604 828
1 2686 9540
3 6722
3 8891
3 3265
2 4187 6278 7780
3 9898
1 734 5226
3 3821
2 2931 3680 3740
1 969 1708
2 277 8692 8764
3 4485
3 808
3 1673
3 8197
1 5815 6409
2 5430 9050 5680
1 913 6930
2 690 9741 18
2 3085 7833 8575
1 6982 5353
2 1747 6366 7486
3 9459
3 3600
2 3056 7743 903
2 2675 5258 475
3 8167
3 7146
2 2930 4976 8662
1 523 734
2 3372 5949 3821
2 1395 8208 6114
2 200 6247 2712
1 6581 5033
3 1059
1 8094 3633
3 7123
2 7223 8093 6946
3 1188
1 314 9191
2 5170 7585 603
1 9548 3830
1 8619 3633
1 280 6355
3 2587
2 1388 3146 2773
2 1628 7524 1467
3 5376
2 5355 9065 6856
2 3499 5529 7220
3 7226
1 7943 1657
1 8244 4296
1 2171 5376
2 7436 9242 3955
2 342 4877 6795
3 5692
1 4891 2682
2 904 6139 391
1 4693 5248
3 1980
1 2463 7166
1 5942 913
2 810 9354 7935
3 2087
1 5316 6497
2 3500 7681 7685
1 9015 5643
3 5942
3 2078
3 9191
1 913 442
1 45 2280
2 6224 7357 8345
3 1780
3 3623
2 4240 8324 7208
2 5202 6221 8974
2 3121 8355 7905
1 8566 4780
2 7825 9481 2493
3 1607
3 1708
3 9894
2 4421 5555 8701
3 4032
1 6481 3458
1 3185 8094
2 5976 9412 9577
1 5845 8774
3 1483
1 913 9035
3 1059
3 6783
2 8388 9028 1872
2 1704 3759 7479
1 1452 6233
2 4345 9175 2688
1 3893 808
1 2078 7347
3 8205
3 7146
1 5888 922
2 1765 8997 5197
1 2424 4697
3 3506
3 4167
2 7383 8862 5434
3 6911
2 1456 5865 8092
1 9451 3308
58 954
667 713
251 715
519 869
87 426
694 751
238 584
294 867
858 906
315 609
376 685
153 338
777 894
76 596
142 641
201 598
157 591
375 847
17 32
128 384
95 694
918 935
11 231
477 533
243 411
723 870
513 578
135 388
180 518
413 923
3 662
602 623
715 821
620 977
623 800
148 646
75 454
704 921
203 695
477 740
684 789
105 585
807 845
13 644
60 614
336 348
165 523
141 540
537 590
653 855
568 966
254 356
14 200
533 756
79 706
702 946
445 625
4 902
426 949
190 214
316 522
262 385
89 939
356 597
281 839
288 311
548 772
536 643
231 592
724 862
232 539
436 911
776 938
107 340
441 552
57 272
273 661
175 594
412 888
362 421
122 679
96 929
112 727
698 726
454 481
173 177
708 873
67 357
312 983
539 547
39 283
227 656
176 261
5 903
612 990
308 683
21 43
72 965
428 892
60 817
451 743
299 453
107 731
53 79
710 915
503 550
227 680
437 546
410 686
78 963
832 985
442 683
144 789
779 956
840 867
118 165
198 908
226 460
62 238
239 645
186 682
472 604
368 453
99 528
96 611
267 428
597 915
616 691
14 706
622 892
299 453
269 342
641 742
177 318
372 524
253 277
383 623
496 725
322 792
174 951
395 841
633 816
81 455
830 887
249 979
92 295
209 436
259 403
860 950
73 469
385 716
367 852
285 564
588 793
426 647
568 800
615 697
307 794
166 804
361 765
239 407
130 881
483 749
459 934
231 681
133 795
574 945
553 762
73 469
509 512
974 979
236 760
217 333
33 830
75 961
111 654
427 869
253 795
542 577
683 761
423 533
584 723
274 896
351 410
128 150
324 544
81 746
564 845
557 610
114 981
63 972
411 714
119 353
237 675
277 862
825 937
560 704
328 940
219 307
537 635
462 583
777 952
551 957
237 364
33 846
415 769
265 719
730 895
379 942
728 832
169 763
352 471
858 957
462 742
569 851
20 290
211 234
231 457
314 713
8 960
633 783
406 596
529 711
384 715
844 909
196 813
573 641
202 526
10 44
826 863
196 922
316 954
18 627
169 650
61 643
717 971
314 817
239 555
445 718
105 736
772 981
344 561
337 930
241 858
299 484
31 164
137 604
970 992
84 640
206 389
266 862
599 915
540 774
450 960
410 634
95 570
253 405
362 931
193 627
68 202
117 477
269 747
217 965
415 915
401 743
396 774
251 422
221 699
664 741
430 519
259 369
192 714
521 687
65 181
191 753
316 706
263 993
349 942
508 880
103 251
691 814
173 692
85 541
350 369
461 486
774 983
293 828
380 396
467 913
608 883
368 868
157 545
30 441
980 987
278 736
424 693
642 804
130 186
46 720
149 829
543 805
565 820
87 405
250 579
491 717
202 852
130 403
57 208
584 617
475 574
224 621
312 707
116 145
732 972
41 460
56 526
497 636
110 827
152 648
745 920
124 232
147 148
493 983
386 405
119 290
445 613
733 793
546 793
163 462
263 562
865 900
220 940
574 752
470 518
412 710
608 736
448 628
26 937
238 882
614 657
205 891
176 710
318 321
169 802
330 984
485 600
98 328
17 723
274 826
645 773
399 677
331 693
853 879
139 657
189 906
254 721
53 227
557 662
134 840
3 651
586 667
135 301
135 255
385 965
312 767
259 945
596 702
545 593
132 879
862 991
428 480
1 199
85 753
58 452
302 878
642 974
301 644
535 870
284 468
505 847
43 50
755 864
400 760
640 784
425 797
282 911
681 977
362 717
362 928
19 689
711 892
252 905
329 821
857 910
202 375
771 891
61 98
209 445
528 663
596 991
557 627
8 535
208 597
301 463
59 169
410 915
705 831
398 796
28 637
400 555
859 877
33 661
470 841
715 871
91 594
153 788
97 314
435 993
367 786
777 862
46 557
373 517
479 894
88 511
57 576
373 873
96 740
586 592
40 87
25 607
611 989
455 500
522 983
860 961
96 144
198 387
105 529
846 951
171 400
702 829
282 499
280 709
94 367
325 861
151 907
231 477
469 519
269 434
237 868
413 451
320 783
709 968
15 131
31 116
625 828
266 904
679 911
758 802
75 856
115 502
939 946
159 431
526 823
653 873
495 771
17 237
42 323
33 749
644 759
327 975
147 524
179 650
226 253
410 985
328 700
323 851
136 985
537 894
499 726
89 214
148 386
54 923
136 929
441 961
433 967
422 428
155 870
299 966
211 256
448 845
634 921
237 616
283 703
30 251
212 571
83 321
902 908
261 417
45 193
136 362
171 404
475 729
335 396
519 896
743 804
254 500
366 748
206 604
548 918
482 940
350 959
370 480
177 288
275 757
141 420
389 667
373 986
116 925
897 912
34 336
40 977
134 793
250 858
401 784
655 802
225 987
15 250
206 331
226 639
392 663
558 586
94 306
168 700
880 964
569 901
46 404
118 661
180 248
573 765
377 445
219 496
582 963
103 903
44 164
552 952
393 515
524 547
66 625
126 385
119 548
630 741
223 819
872 908
681 978
808 826
65 367
724 733
201 482
408 886
121 896
420 583
148 702
811 963
274 632
132 364
275 301
144 268
869 915
384 928
142 164
420 446
319 741
398 740
230 791
490 943
18 796
212 811
931 979
295 729
391 461
451 469
676 687
459 925
410 788
368 466
108 766
631 634
515 716
160 588
237 363
44 213
419 914
286 724
46 624
53 451
601 762
70 268
393 566
357 696
545 948
193 782
127 780
93 590
61 854
440 690
54 873
244 381
427 913
145 582
533 719
447 926
180 211
713 877
397 777
143 497
255 287
679 705
14 325
629 966
503 965
63 284
178 416
27 31
25 93
170 530
524 536
67 870
441 894
470 472
413 959
505 613
75 960
25 709
129 806
834 982
298 339
366 831
62 915
247 723
375 654
129 248
272 801
525 840
628 653
640 721
157 852
556 641
510 990
741 827
228 698
253 706
76 306
644 957
33 179
529 859
51 299
451 611
111 736
740 770
375 405
344 501
261 478
88 397
612 816
227 786
572 810
302 391
162 475
100 825
337 663
470 908
387 715
154 700
394 700
70 224
301 446
456 794
255 307
210 317
668 771
354 453
594 679
287 391
6 881
159 633
165 842
804 825
15 548
408 544
524 566
454 509
390 907
268 781
676 678
388 609
207 342
3 848
261 604
273 436
322 651
217 527
229 972
469 964
69 882
374 600
497 725
618 619
205 796
316 370
125 249
188 755
895 964
57 172
742 869
13 229
375 587
153 376
246 924
12 59
291 892
127 175
745 837
133 138
564 881
553 869
983 987
566 847
402 652
212 800
486 665
554 678
358 763
531 993
150 404
216 414
532 749
934 947
138 869
62 331
510 563
72 991
235 704
322 393
486 503
478 938
406 571
228 722
407 723
360 430
768 772
494 772
568 580
148 732
446 871
176 944
596 859
26 462
154 347
149 868
46 299
590 984
435 707
184 285
269 490
787 952
50 392
889 902
393 648
523 655
434 708
276 693
182 423
122 525
136 445
486 517
623 823
179 924
354 916
641 899
493 559
384 504
717 936
103 288
238 317
542 934
527 906
171 392
76 591
149 494
802 935
132 174
88 326
155 460
358 936
107 249
646 717
243 926
513 846
368 920
34 888
97 471
221 654
17 779
399 452
12 369
436 798
215 969
303 934
3 642
15 340
44 390
271 461
250 889
298 412
112 880
648 865
67 806
447 605
519 610
194 206
238 828
359 441
208 492
470 642
584 987
219 890
76 276
335 819
517 740
270 627
233 772
420 606
362 889
174 750
53 778
531 556
85 570
37 546
585 586
469 690
282 382
46 484
208 960
167 766
272 991
174 700
599 932
55 226
603 777
497 634
170 722
192 800
529 962
125 853
743 847
688 896
431 824
423 534
573 700
339 743
80 368
221 388
154 390
305 361
43 928
157 582
277 431
63 866
722 922
56 204
183 304
194 233
440 692
65 980
272 518
276 463
557 927
311 752
254 792
68 387
145 259
32 696
152 917
46 840
713 967
213 828
511 603
438 546
434 809
532 974
36 689
177 664
503 812
24 628
45 410
257 613
232 416
234 591
273 592
743 870
290 736
154 607
633 663
431 838
707 918
515 654
703 781
536 688
66 926
26 374
32 383
269 626
160 646
117 142
54 541
795 914
385 410
181 323
289 961
956 968
271 474
321 805
651 884
89 835
221 981
699 761
593 729
483 891
592 629
145 986
220 269
774 949
79 869
719 965
524 803
141 882
16 532
259 721
570 613
593 952
117 713
236 361
38 512
536 889
246 513
952 992
186 326
416 842
202 981
42 986
37 138
599 758
169 775
221 590
100 975
884 979
667 928
121 527
299 346
196 888
373 814
111 934
462 928
393 868
481 888
572 665
5 93
372 457
213 361
678 850
510 810
304 708
472 634
166 474
177 211
169 753
330 585
258 277
538 890
267 978
674 889
83 772
512 515
191 239
672 680
223 914
196 819
56 121
133 809
365 882
235 927
176 246
18 801
622 979
881 963
93 782
294 654
48 202
620 901
