1000 1000
0 726 890
0 785 825
0 557 684
0 402 766
1 356 718
1 117 725
0 359 680
1 797 923
0 69 977
1 23 220
0 448 918
0 792 856
0 711 902
1 54 393
0 707 846
0 936 982
1 654 847
0 717 748
0 563 708
0 146 680
0 95 115
0 937 958
1 836 939
0 247 672
1 871 906
0 581 792
0 236 314
0 390 496
1 745 896
0 234 364
0 616 951
1 878 929
1 489 610
1 112 626
1 277 951
0 158 601
0 254 900
0 224 705
0 604 858
1 231 360
1 790 856
0 980 990
0 315 893
0 492 1000
0 810 977
0 969 991
1 31 266
1 728 856
0 859 978
0 859 896
1 535 984
1 759 940
0 494 700
0 679 988
0 249 541
1 913 976
0 800 857
0 826 936
0 113 603
1 408 866
1 417 868
0 227 273
1 925 945
1 496 586
0 895 962
1 323 462
1 229 552
1 413 920
1 344 503
1 435 974
1 957 972
0 266 311
1 321 453
0 981 996
1 951 961
0 882 913
1 915 945
0 993 993
0 808 829
1 497 880
1 587 770
0 288 570
0 820 907
0 423 611
0 846 921
0 940 963
1 106 438
1 819 842
1 492 722
0 293 839
0 1 208
1 483 554
1 803 854
1 705 907
0 715 898
1 724 844
0 484 921
1 511 884
0 915 993
0 356 358
0 595 684
1 581 986
0 753 873
1 924 984
0 246 353
1 819 932
1 596 998
0 251 781
1 87 985
0 232 980
0 936 964
1 148 542
1 616 799
1 25 725
1 462 646
0 554 779
1 89 169
0 543 998
1 5 456
0 430 665
0 197 804
0 797 900
1 38 244
0 431 851
0 881 945
0 769 844
0 620 816
1 560 623
1 572 609
0 547 617
1 744 859
1 666 667
1 183 595
0 83 505
0 158 884
1 401 929
0 286 646
0 484 957
1 444 686
1 792 957
1 244 720
0 111 789
0 557 659
0 86 916
0 484 898
1 339 344
1 582 817
1 278 341
1 986 997
1 303 738
0 512 756
0 524 974
1 254 262
1 905 926
0 639 746
1 21 635
1 669 675
0 119 480
1 726 884
1 754 757
0 633 949
0 365 701
1 48 804
0 754 789
1 427 532
0 686 724
0 728 887
1 214 520
0 686 967
1 798 837
1 976 998
1 543 768
0 474 912
0 24 192
1 527 829
0 94 208
1 684 919
0 87 932
1 762 943
0 95 234
0 776 965
1 446 969
0 657 980
0 616 782
1 238 268
0 282 581
0 848 979
0 158 794
1 965 976
1 651 851
1 723 977
0 965 970
0 169 460
1 194 919
0 788 946
1 80 521
0 346 478
0 134 637
0 344 929
0 652 662
1 21 825
0 829 907
0 223 432
0 36 767
1 452 780
1 581 598
1 859 970
1 33 294
0 337 484
0 75 302
1 471 897
1 469 927
1 332 692
0 348 529
1 671 994
1 199 711
0 490 820
0 259 573
1 756 994
0 647 866
1 341 769
1 922 966
0 743 929
1 1 84
0 722 905
0 221 879
1 214 899
0 795 811
1 380 675
0 584 641
1 719 879
1 969 981
1 516 788
1 796 911
1 983 993
1 833 988
0 569 838
1 178 435
0 407 635
0 679 720
0 911 931
0 76 157
0 876 929
0 585 789
1 337 652
0 778 863
0 937 961
0 748 996
0 76 242
0 433 993
1 826 926
1 273 726
1 295 928
1 395 901
1 636 952
1 337 401
0 557 877
1 430 632
1 95 850
0 554 912
0 1000 1000
1 994 1000
1 227 344
1 886 921
1 36 453
1 752 997
1 501 624
1 887 949
0 785 807
0 576 731
1 604 763
0 648 977
0 346 389
0 361 510
1 209 735
0 760 891
1 979 991
0 150 894
0 117 944
1 685 805
0 109 431
1 312 661
1 257 319
1 219 382
1 321 938
0 130 411
1 611 888
1 962 982
0 987 987
0 650 835
0 124 127
0 616 809
1 78 372
1 998 1000
1 813 883
0 829 986
0 18 188
0 361 368
0 531 562
1 407 834
0 114 142
1 460 939
1 344 923
0 30 182
1 882 958
0 341 372
1 702 790
0 584 994
1 143 708
0 273 693
1 334 724
1 625 753
0 348 484
0 488 639
0 451 923
1 432 819
0 948 956
1 393 395
1 576 923
1 158 753
0 857 928
0 239 746
1 544 621
1 878 963
0 127 405
0 128 659
1 926 961
0 632 709
0 634 977
1 713 969
0 997 1000
1 4 241
0 612 875
0 301 672
0 538 734
0 718 743
0 423 951
1 469 756
1 241 910
1 777 899
0 93 781
0 317 340
1 851 977
1 563 838
0 779 787
0 243 937
0 914 919
1 754 831
1 970 981
0 759 861
1 121 563
0 947 969
0 115 447
0 821 844
0 308 763
1 112 643
0 162 420
1 561 993
1 648 981
1 850 948
1 608 759
1 328 755
1 420 796
0 554 948
1 658 961
1 445 539
1 745 791
1 904 975
0 525 922
0 693 927
0 892 924
1 88 792
1 405 568
1 927 980
1 217 517
1 466 627
0 533 591
1 620 648
1 54 286
0 118 472
1 42 986
1 698 762
0 429 602
1 842 963
1 329 654
1 927 938
0 432 990
1 553 997
0 747 916
0 323 764
0 505 889
1 599 773
1 269 621
0 157 669
1 660 879
1 734 974
0 894 909
0 23 27
0 856 988
0 506 894
0 514 805
1 597 982
0 704 906
0 632 980
0 468 806
1 843 914
1 760 853
1 843 985
0 947 974
0 839 968
0 993 994
0 458 807
0 613 614
1 765 997
0 634 848
1 656 668
1 682 984
1 640 973
1 784 912
1 761 961
1 352 900
1 574 702
0 262 355
0 335 565
1 184 493
1 200 285
0 43 328
0 1 877
1 809 991
1 284 774
0 839 901
0 111 194
1 944 980
1 174 988
0 623 973
0 916 980
1 801 834
1 241 894
1 222 750
1 814 851
1 521 757
0 809 834
0 978 996
0 171 610
0 848 935
1 479 785
0 921 933
1 719 737
0 502 796
0 723 938
1 250 758
1 899 902
1 222 838
0 576 622
1 58 535
0 920 987
1 237 611
1 328 925
0 233 737
0 34 537
1 843 944
1 45 244
0 617 799
0 140 935
1 656 854
1 665 763
1 284 682
1 654 941
0 633 891
0 725 764
1 7 982
0 663 682
1 509 880
1 659 800
1 132 437
1 363 471
0 686 886
0 988 998
0 185 777
0 191 893
1 199 709
1 383 674
1 315 845
0 61 464
1 723 863
1 351 578
1 316 915
1 14 36
0 378 845
0 617 878
0 69 82
0 996 1000
1 439 950
1 926 987
1 384 823
0 743 944
1 563 973
0 675 844
0 307 753
1 520 790
0 389 863
0 157 551
1 619 822
1 325 871
1 675 682
0 212 582
0 578 892
1 903 932
1 722 887
1 172 726
1 339 350
0 845 925
0 781 974
1 200 433
0 680 814
0 319 668
0 399 834
1 253 274
1 83 155
1 712 799
0 698 963
1 836 989
0 310 928
0 780 925
0 667 745
1 915 926
0 814 884
1 855 966
1 97 579
0 362 627
1 878 974
0 520 981
0 489 746
0 194 286
1 937 991
1 392 478
0 435 894
0 414 831
1 939 950
0 75 154
0 582 915
0 57 333
1 233 358
1 29 394
1 567 587
0 320 535
1 586 971
1 446 956
0 911 924
0 469 969
0 467 690
0 239 840
1 681 778
1 719 934
0 999 1000
0 18 574
0 742 865
0 67 436
1 997 999
1 488 606
1 63 292
0 900 955
1 591 691
1 98 327
0 285 973
1 340 703
0 635 806
0 501 539
0 525 725
0 974 998
0 367 666
0 193 587
1 515 944
1 647 969
1 631 734
1 805 857
1 289 299
1 510 998
0 962 971
1 581 974
0 379 964
1 892 991
1 858 934
1 86 492
0 775 865
0 599 859
0 433 564
1 7 34
0 878 978
1 532 847
1 52 685
1 281 498
0 516 656
1 116 953
0 405 872
1 579 994
0 696 905
0 681 744
0 683 819
1 353 836
0 278 455
1 391 824
1 132 173
1 791 829
1 384 653
1 7 455
1 667 850
0 32 746
1 743 982
0 217 605
1 26 291
0 854 946
1 253 632
0 246 715
0 267 484
0 454 937
1 921 972
0 766 920
0 209 597
1 645 862
0 785 974
0 186 344
0 67 242
1 315 798
1 148 390
1 18 747
1 750 996
0 131 956
0 854 913
0 891 951
0 965 985
0 441 682
1 655 877
1 194 650
0 57 968
0 953 988
0 38 583
0 834 857
0 782 984
1 607 758
0 58 481
1 292 779
1 155 226
1 883 887
1 105 293
0 384 839
1 398 919
0 727 925
0 312 669
0 669 792
1 525 600
1 206 675
1 840 894
1 416 976
0 803 944
0 507 761
1 853 893
0 905 987
0 548 717
0 966 989
0 144 211
0 508 827
0 729 741
0 820 929
1 846 969
0 504 506
0 988 997
0 155 660
1 919 967
1 669 748
1 349 428
1 17 630
0 148 563
1 97 802
0 170 528
1 425 715
1 276 450
1 504 564
1 879 971
1 148 173
0 749 847
1 272 553
0 423 808
1 947 947
1 718 728
1 873 946
1 11 298
0 298 985
1 230 434
0 311 687
1 692 865
1 781 836
1 494 825
0 325 654
0 666 722
1 424 897
0 459 602
0 882 989
1 100 462
1 718 998
0 999 1000
0 723 784
0 282 311
1 431 819
1 763 920
0 265 776
0 810 844
1 448 820
1 321 503
1 353 435
1 74 592
1 135 429
1 687 853
1 377 882
0 71 599
0 122 824
1 11 787
0 737 749
1 499 503
1 829 850
1 513 942
1 866 933
0 953 976
1 94 237
0 453 501
1 757 998
1 121 895
0 777 919
0 980 983
1 712 864
1 592 993
0 267 689
0 512 876
1 924 925
1 319 501
0 640 747
1 263 815
0 566 821
0 148 332
0 858 896
0 653 964
0 610 810
0 986 995
1 46 964
0 209 700
0 478 709
0 570 756
1 686 949
0 128 559
1 697 844
1 359 761
0 53 641
0 700 915
0 475 866
0 269 465
0 620 968
0 493 942
1 330 485
1 769 799
1 796 957
0 897 989
0 971 999
0 664 678
0 319 340
0 356 563
1 80 291
1 115 793
1 44 479
1 571 790
0 124 899
1 920 950
0 668 737
0 623 891
1 595 715
1 894 948
1 99 744
0 746 941
0 928 934
0 197 528
1 110 240
0 189 621
1 59 910
1 810 843
0 699 874
1 568 689
0 754 968
0 438 974
0 851 927
1 114 461
1 871 972
1 166 233
1 411 704
0 48 361
0 743 926
1 648 936
1 75 584
1 761 873
0 945 994
0 451 860
0 530 916
1 466 880
0 503 509
0 177 182
1 212 927
1 308 738
1 649 870
0 761 938
0 416 468
0 397 640
0 650 761
0 799 991
0 484 713
1 573 644
1 631 640
0 216 297
0 936 997
0 619 961
0 667 969
1 128 428
0 914 981
0 87 562
0 406 438
0 839 900
1 925 964
1 639 799
1 918 978
1 895 944
0 87 534
0 914 950
0 821 991
1 185 528
1 154 835
0 523 586
1 653 828
0 424 776
1 103 588
1 82 215
1 93 857
0 113 597
1 128 543
1 557 861
0 274 967
0 87 556
1 224 800
1 906 999
0 747 835
0 783 995
1 201 651
1 433 595
1 690 835
1 473 953
0 57 628
1 653 827
0 515 620
0 249 532
1 157 499
1 121 287
0 80 536
1 170 468
0 105 230
1 790 887
1 973 985
1 179 725
1 796 830
0 11 766
0 100 981
0 517 988
0 56 484
0 852 877
0 853 966
0 752 865
1 800 973
1 134 474
1 658 746
0 965 969
1 313 366
1 163 313
0 486 898
1 982 993
1 859 930
1 800 894
0 207 638
0 642 942
1 166 777
1 94 354
1 6 249
0 437 485
0 933 967
1 857 937
1 968 975
0 149 317
1 766 921
0 416 919
1 991 996
1 577 927
1 982 989
0 803 895
0 531 954
0 147 257
1 437 783
0 392 725
1 14 47
1 170 584
1 152 460
0 476 535
1 538 665
0 861 896
0 604 613
1 641 976
1 552 868
0 886 966
0 604 664
0 53 106
1 844 999
1 807 928
0 826 829
1 825 835
1 559 889
0 144 781
0 307 344
0 625 629
0 371 953
0 943 963
1 950 972
1 640 683
0 612 653
0 620 901
0 459 518
1 946 987
0 885 911
0 888 916
0 99 299
0 760 813
1 654 950
0 14 848
0 73 858
0 813 942
1 109 595
0 417 860
0 293 966
0 143 619
1 715 778
0 309 695
1 211 365
0 692 769
0 613 776
1 434 953
1 736 829
1 250 961
0 265 407
0 82 967
0 167 815
1 257 618
0 851 884
1 565 822
1 601 824
0 956 992
1 34 111
0 664 779
1 471 872
0 650 783
1 553 929
1 932 956
1 991 998
0 186 541
1 586 969
1 374 660
1 830 956
0 680 763
1 749 829
0 481 661
1 266 670
1 801 867
1 71 725
0 820 865
0 296 824
0 257 968
1 405 457
1 220 573
0 813 953
0 604 780
1 263 679
0 180 506
1 788 932
0 720 990
0 862 933
1 911 935
0 477 543
1 646 988
0 369 431
1 299 943
0 780 838
0 914 920
0 118 375
0 830 995
0 207 600
0 305 385
1 42 356
1 907 918
0 997 998
