100 1005 1
1 1 1 0 1 1 1 1 1 1 1 1 1 1 1 1 1 1 1 1 1 1 1 1 1 1 1 1 1 1 1 1 0 1 1 1 1 1 0 1 1 0 0 1 1 0 1 1 1 1 1 1 0 1 1 1 1 0 1 1 1 1 1 1 1 1 1 1 1 1 1 1 1 1 1 1 1 1 0 0 1 0 1 1 1 1 1 0 0 0 1 1 0 0 1 1 0 1 0 1
1 1 1 0 1 1 1 1 1 0 0 1 1 1 1 0 0 1 1 0 1 1 1 1 1 1 1 1 1 1 1 0 1 1 1 1 1 1 1 1 1 1 1 1 1 1 1 1 0 1 1 0 0 1 0 1 1 1 1 0 0 0 1 1 1 1 1 1 1 1 1 1 1 1 0 1 1 1 1 1 1 1 1 1 1 1 1 1 1 1 0 1 1 1 1 1 1 1 1 1
1 5
1 26
1 29
1 43
1 77
1 78
2 12
2 62
2 72
2 96
3 2
3 8
3 32
3 34
3 37
3 38
3 42
3 46
3 47
3 67
3 69
3 71
3 73
3 92
4 2
4 5
4 12
4 13
4 17
4 21
4 28
4 32
4 40
4 41
4 46
4 52
5 8
5 13
5 28
5 43
5 48
5 55
5 58
5 61
5 66
5 88
6 1
6 8
6 17
6 20
6 29
6 54
6 58
6 65
6 71
6 88
6 94
6 97
6 98
7 59
7 65
7 66
7 87
7 88
7 91
8 6
8 28
8 40
8 47
8 54
8 57
8 63
8 74
8 80
8 93
8 98
9 15
9 40
9 45
9 86
9 88
9 94
10 6
10 11
10 12
10 13
10 36
10 45
10 47
10 50
10 68
10 82
10 94
11 2
11 13
11 17
11 27
11 38
11 62
11 81
11 85
12 16
12 19
12 32
12 37
12 41
12 50
12 55
12 60
12 64
12 76
12 92
12 93
12 98
13 1
13 24
13 32
13 34
13 37
13 41
13 51
13 53
13 57
13 61
13 69
13 73
13 83
13 89
13 98
14 9
14 14
14 19
14 22
14 38
14 79
14 89
14 98
15 2
15 5
15 17
15 38
15 72
15 75
15 87
15 92
16 2
16 8
16 21
16 38
16 43
16 44
16 50
16 57
16 74
17 6
17 7
17 16
17 27
17 29
17 40
17 45
17 50
17 51
17 55
17 60
17 63
17 89
17 90
17 96
18 11
18 20
18 28
18 30
18 32
18 36
18 52
18 75
18 89
19 8
19 17
19 21
19 27
19 34
19 39
19 69
19 74
19 80
19 85
19 91
20 32
20 34
20 38
20 41
20 49
20 69
20 87
20 96
21 3
21 5
21 10
21 20
21 39
21 42
21 56
21 65
21 81
21 83
21 87
21 92
22 3
22 4
22 22
22 27
22 34
22 35
22 41
22 45
22 51
22 57
22 59
22 70
22 74
22 86
22 87
22 91
22 96
23 7
23 13
23 31
23 69
23 72
23 86
23 95
23 96
24 6
24 7
24 27
24 32
24 42
24 44
24 47
24 79
25 3
25 37
25 51
25 59
25 70
25 76
25 94
25 97
26 8
26 30
26 32
26 48
26 58
26 62
26 83
26 89
26 95
27 8
27 13
27 30
27 38
27 47
27 50
27 58
27 67
27 69
27 88
28 4
28 8
28 29
28 33
28 50
28 51
28 52
28 54
28 55
28 64
28 73
28 77
28 83
28 98
29 1
29 13
29 29
29 41
29 44
29 50
29 53
29 81
29 86
29 88
29 89
29 94
30 5
30 12
30 15
30 19
30 21
30 37
30 38
30 48
30 56
30 90
31 3
31 6
31 15
31 21
31 37
31 61
31 63
31 70
31 97
32 1
32 2
32 9
32 23
32 28
32 29
32 45
32 88
33 8
33 38
33 40
33 60
33 80
33 85
33 88
34 13
34 15
34 19
34 28
34 60
34 81
34 84
34 93
34 98
35 4
35 5
35 23
35 28
35 41
35 44
35 45
35 72
35 77
35 87
36 29
36 30
36 46
36 47
36 58
36 60
36 66
36 70
36 71
36 76
36 89
36 94
37 6
37 17
37 22
37 23
37 30
37 69
37 99
38 30
38 43
38 66
38 70
38 78
38 81
38 82
38 85
38 89
38 93
38 98
39 6
39 7
39 15
39 18
39 24
39 34
39 60
39 63
39 66
39 72
39 74
40 3
40 4
40 54
40 59
40 67
40 69
40 73
40 79
40 84
41 3
41 10
41 24
41 26
41 29
41 32
41 65
41 66
41 71
41 91
42 14
42 15
42 18
42 21
42 22
42 30
42 50
42 51
42 59
42 76
42 94
42 98
43 22
43 48
43 88
43 89
43 90
43 98
44 6
44 16
44 24
44 28
44 38
44 45
44 54
45 24
45 33
45 47
45 96
45 99
46 22
46 40
46 46
46 49
46 55
46 58
46 96
47 1
47 7
47 10
47 19
47 28
47 31
47 34
47 35
47 51
47 53
47 58
47 67
47 75
47 82
47 92
48 8
48 11
48 25
48 28
48 40
48 69
48 71
48 77
48 82
48 90
48 97
49 11
49 17
49 25
49 28
49 47
49 53
49 74
49 81
49 84
49 86
49 90
49 99
50 1
50 2
50 3
50 5
50 28
50 31
50 32
50 54
50 58
50 72
50 83
50 98
51 3
51 7
51 22
51 27
51 35
51 51
51 61
51 73
51 84
51 86
51 92
51 96
51 100
52 8
52 21
52 25
52 40
52 51
52 53
52 74
52 83
52 87
52 91
52 92
52 94
52 100
53 6
53 13
53 26
53 34
53 41
53 46
53 48
53 54
53 57
53 63
53 67
53 85
53 92
53 99
54 25
54 34
54 53
54 56
54 64
54 67
54 77
54 78
54 80
55 4
55 18
55 25
55 29
55 32
55 36
55 47
55 96
56 90
56 96
57 1
57 17
57 19
57 26
57 36
57 39
57 49
57 62
57 64
57 69
57 85
57 89
57 100
58 13
58 32
58 55
58 72
58 73
58 81
58 87
58 96
59 7
59 29
59 39
59 43
59 46
59 50
59 70
59 91
59 94
60 4
60 16
60 21
60 34
60 38
60 64
61 3
61 9
61 20
61 29
61 42
61 43
61 51
61 59
61 62
61 84
61 93
62 6
62 11
62 19
62 23
62 33
62 39
62 57
62 94
62 97
63 8
63 31
63 47
63 55
63 56
63 62
63 71
63 85
63 87
63 90
64 3
64 4
64 22
64 28
64 31
64 49
64 53
64 61
64 64
64 67
64 81
64 87
64 92
65 6
65 16
65 39
65 44
65 50
65 68
65 69
65 82
65 98
66 3
66 14
66 17
66 37
66 43
66 46
66 49
66 74
66 77
66 79
66 89
66 95
66 99
66 100
67 18
67 36
67 40
67 51
67 56
67 78
67 86
68 3
68 4
68 17
68 38
68 42
68 57
68 58
68 60
68 61
68 69
68 71
68 72
68 85
68 91
68 94
69 10
69 37
69 48
69 49
69 70
69 76
69 92
69 100
70 11
70 12
70 26
70 28
70 46
70 49
70 56
70 63
70 69
70 77
70 79
70 84
70 90
70 96
71 1
71 3
71 12
71 16
71 28
71 37
71 41
71 51
71 57
71 77
71 79
71 89
71 91
72 17
72 22
72 23
72 26
72 27
72 37
72 42
72 48
72 50
72 53
72 56
72 58
72 62
72 63
72 72
72 90
73 2
73 6
73 30
73 50
73 58
73 60
73 75
73 90
74 5
74 15
74 57
74 61
74 63
74 65
74 67
74 70
74 84
75 2
75 6
75 16
75 21
75 23
75 27
75 38
75 51
75 72
75 90
75 93
76 20
76 22
76 51
76 79
76 85
77 6
77 19
77 28
77 34
77 64
77 65
77 66
77 93
78 1
78 17
78 22
78 33
78 37
78 45
78 52
78 58
78 73
78 93
79 25
79 49
79 53
79 54
79 56
79 62
79 68
79 69
79 76
79 85
80 3
80 6
80 15
80 24
80 54
80 57
80 59
80 84
81 5
81 9
81 18
81 19
81 29
81 32
81 37
81 41
81 46
81 60
81 76
81 85
82 1
82 19
82 43
82 54
82 66
82 67
82 81
82 98
82 100
83 9
83 18
83 20
83 31
83 44
83 45
83 46
83 61
83 68
83 77
83 79
83 97
84 9
84 11
84 30
84 34
84 39
84 40
84 67
84 76
84 86
84 88
84 93
84 94
85 2
85 12
85 15
85 19
85 23
85 38
85 53
85 66
85 69
85 77
85 86
85 95
86 4
86 15
86 28
86 40
86 62
86 73
86 97
87 6
87 15
87 17
87 28
87 34
87 41
87 56
87 57
87 69
87 71
87 78
87 82
87 86
87 92
87 98
88 1
88 7
88 10
88 30
88 34
88 46
88 55
88 61
88 69
88 73
88 93
89 1
89 8
89 24
89 26
89 37
89 43
89 44
89 46
89 49
89 51
89 79
89 83
89 92
89 99
90 1
90 11
90 24
90 42
90 54
90 56
90 62
90 64
90 65
90 71
90 75
90 82
90 86
90 92
90 99
91 2
91 5
91 13
91 31
91 64
91 70
91 75
92 27
92 52
92 59
92 67
92 70
92 71
92 82
93 42
93 56
93 58
93 74
93 83
94 11
94 23
94 30
94 40
94 66
94 71
94 82
95 8
95 9
95 14
95 43
95 44
95 56
95 62
95 70
95 88
96 3
96 8
96 12
96 17
96 18
96 23
96 47
96 64
96 74
96 81
96 88
97 19
97 40
97 53
97 81
97 82
97 93
98 3
98 7
98 11
98 24
98 37
98 54
98 67
98 76
98 87
98 89
98 99
99 14
99 22
99 36
99 69
99 72
99 84
99 95
100 6
100 8
100 10
100 21
100 23
100 24
100 26
100 28
100 30
100 33
100 49
100 54
100 58
100 59
100 63
100 73
100 84
100 92
