942
1 2
1 3
2 4
3 5
4 6
5 7
7 8
6 9
1 10
4 11
9 12
9 13
7 14
14 15
3 16
6 17
17 18
2 19
5 20
8 21
11 22
3 23
21 24
11 25
1 26
5 27
9 28
26 29
24 30
7 31
15 32
13 33
13 34
9 35
9 36
17 37
32 38
27 39
12 40
23 41
31 42
41 43
32 44
29 45
29 46
23 47
27 48
27 49
42 50
36 51
44 52
31 53
34 54
50 55
32 56
34 57
42 58
57 59
49 60
57 61
36 62
45 63
34 64
59 65
47 66
49 67
47 68
61 69
49 70
58 71
67 72
62 73
44 74
62 75
66 76
70 77
48 78
54 79
60 80
53 81
66 82
79 83
74 84
74 85
84 86
69 87
82 88
66 89
84 90
77 91
80 92
86 93
65 94
66 95
67 96
74 97
95 98
69 99
81 100
94 101
88 102
84 103
93 104
102 105
90 106
90 107
79 108
93 109
108 110
108 111
86 112
109 113
100 114
106 115
106 116
110 117
110 118
117 119
102 120
105 121
97 122
112 123
107 124
124 125
110 126
107 127
116 128
109 129
107 130
113 131
109 132
118 133
109 134
118 135
131 136
120 137
114 138
111 139
113 140
122 141
122 142
126 143
120 144
132 145
142 146
137 147
127 148
138 149
141 150
144 151
139 152
145 153
130 154
130 155
129 156
143 157
130 158
134 159
136 160
150 161
157 162
149 163
154 164
139 165
140 166
146 167
153 168
151 169
143 170
152 171
162 172
160 173
146 174
145 175
167 176
171 177
156 178
158 179
155 180
167 181
176 182
172 183
162 184
174 185
173 186
165 187
163 188
174 189
178 190
172 191
172 192
168 193
181 194
165 195
181 196
167 197
196 198
185 199
172 200
189 201
193 202
180 203
178 204
178 205
177 206
198 207
195 208
179 209
183 210
201 211
200 212
196 213
201 214
190 215
204 216
198 217
198 218
190 219
219 220
194 221
219 222
196 223
200 224
222 225
203 226
197 227
208 228
223 229
206 230
229 231
207 232
211 233
207 234
211 235
207 236
207 237
222 238
215 239
230 240
219 241
239 242
219 243
241 244
220 245
224 246
240 247
239 248
220 249
247 250
230 251
246 252
238 253
224 254
239 255
242 256
243 257
255 258
231 259
232 260
253 261
253 262
256 263
259 264
245 265
259 266
260 267
247 268
253 269
261 270
242 271
245 272
260 273
260 274
251 275
261 276
258 277
256 278
278 279
262 280
275 281
259 282
266 283
280 284
258 285
271 286
275 287
277 288
281 289
287 290
290 291
291 292
288 293
283 294
289 295
284 296
281 297
288 298
271 299
279 300
286 301
290 302
282 303
294 304
276 305
290 306
282 307
282 308
289 309
298 310
292 311
308 312
308 313
306 314
293 315
300 316
312 317
293 318
302 319
298 320
293 321
295 322
315 323
308 324
317 325
305 326
304 327
311 328
311 329
318 330
311 331
328 332
328 333
311 334
327 335
315 336
308 337
334 338
330 339
338 340
318 341
339 342
330 343
324 344
327 345
336 346
324 347
346 348
337 349
337 350
348 351
326 352
323 353
334 354
329 355
352 356
340 357
340 358
333 359
337 360
342 361
352 362
340 363
338 364
356 365
342 366
357 367
352 368
350 369
366 370
368 371
361 372
350 373
360 374
358 375
371 376
370 377
351 378
376 379
368 380
368 381
366 382
382 383
373 384
361 385
366 386
357 387
362 388
382 389
368 390
370 391
376 392
379 393
375 394
388 395
374 396
396 397
382 398
387 399
394 400
371 401
372 402
386 403
393 404
400 405
385 406
400 407
385 408
402 409
394 410
381 411
395 412
396 413
408 414
402 415
398 416
407 417
408 418
414 419
397 420
414 421
418 422
393 423
413 424
413 425
401 426
426 427
427 428
415 429
408 430
412 431
422 432
418 433
432 434
422 435
411 436
426 437
414 438
424 439
438 440
433 441
416 442
431 443
415 444
428 445
437 446
427 447
432 448
446 449
435 450
442 451
443 452
425 453
453 454
426 455
444 456
452 457
453 458
444 459
453 460
447 461
443 462
457 463
441 464
462 465
444 466
449 467
465 468
452 469
452 470
459 471
454 472
447 473
465 474
459 475
452 476
465 477
476 478
475 479
475 480
473 481
460 482
479 483
457 484
477 485
459 486
463 487
485 488
488 489
474 490
473 491
463 492
478 493
468 494
466 495
467 496
469 497
484 498
478 499
476 500
476 501
500 502
495 503
500 504
484 505
489 506
484 507
503 508
485 509
496 510
510 511
486 512
492 513
487 514
494 515
501 516
500 517
501 518
517 519
516 520
498 521
518 522
493 523
522 524
510 525
516 526
518 527
522 528
527 529
522 530
522 531
524 532
508 533
520 534
522 535
510 536
520 537
528 538
537 539
537 540
531 541
537 542
542 543
540 544
524 545
539 546
533 547
544 548
532 549
546 550
533 551
538 552
538 553
551 554
539 555
531 556
546 557
555 558
550 559
558 560
546 561
557 562
544 563
543 564
550 565
550 566
563 567
538 568
545 569
556 570
560 571
555 572
572 573
572 574
573 575
564 576
555 577
548 578
568 579
551 580
552 581
553 582
559 583
564 584
566 585
560 586
584 587
562 588
561 589
582 590
581 591
569 592
573 593
591 594
568 595
594 596
568 597
572 598
579 599
593 600
571 601
597 602
599 603
585 604
593 605
578 606
588 607
585 608
588 609
595 610
602 611
595 612
601 613
611 614
587 615
602 616
597 617
612 618
605 619
618 620
615 621
607 622
605 623
605 624
619 625
625 626
613 627
619 628
605 629
625 630
613 631
616 632
608 633
609 634
612 635
629 636
619 637
632 638
613 639
636 640
622 641
616 642
627 643
618 644
627 645
640 646
621 647
639 648
648 649
639 650
621 651
649 652
649 653
645 654
637 655
638 656
643 657
628 658
636 659
658 660
651 661
651 662
650 663
642 664
635 665
648 666
638 667
647 668
664 669
664 670
654 671
645 672
656 673
651 674
654 675
672 676
649 677
667 678
665 679
677 680
667 681
662 682
658 683
659 684
684 685
660 686
660 687
659 688
664 689
678 690
674 691
684 692
678 693
676 694
678 695
683 696
680 697
692 698
674 699
692 700
694 701
689 702
673 703
700 704
685 705
681 706
690 707
692 708
701 709
704 710
694 711
705 712
706 713
700 714
693 715
710 716
710 717
697 718
697 719
696 720
700 721
701 722
720 723
712 724
695 725
717 726
713 727
704 728
705 729
726 730
706 731
718 732
716 733
730 734
721 735
733 736
728 737
716 738
716 739
722 740
719 741
718 742
717 743
730 744
738 745
727 746
736 747
741 748
723 749
730 750
748 751
742 752
734 753
731 754
747 755
735 756
728 757
734 758
733 759
755 760
733 761
737 762
740 763
750 764
753 765
742 766
762 767
754 768
765 769
760 770
752 771
756 772
746 773
757 774
772 775
750 776
765 777
761 778
758 779
756 780
755 781
771 782
753 783
775 784
780 785
771 786
762 787
780 788
776 789
785 790
783 791
768 792
790 793
771 794
783 795
790 796
780 797
797 798
785 799
780 800
788 801
791 802
773 803
778 804
789 805
776 806
797 807
802 808
781 809
808 810
789 811
810 812
799 813
787 814
793 815
815 816
796 817
811 818
789 819
799 820
791 821
795 822
809 823
815 824
807 825
810 826
810 827
801 828
825 829
820 830
808 831
803 832
832 833
832 834
815 835
819 836
832 837
824 838
832 839
811 840
831 841
838 842
820 843
840 844
837 845
822 846
840 847
821 848
833 849
836 850
823 851
851 852
836 853
837 854
847 855
849 856
830 857
831 858
842 859
847 860
843 861
839 862
848 863
858 864
841 865
846 866
844 867
845 868
851 869
852 870
858 871
870 872
869 873
854 874
854 875
857 876
855 877
868 878
871 879
870 880
872 881
859 882
855 883
861 884
855 885
874 886
872 887
863 888
884 889
881 890
886 891
886 892
890 893
890 894
890 895
887 896
870 897
893 898
895 899
899 900
885 901
878 902
900 903
892 904
889 905
898 906
886 907
904 908
906 909
899 910
881 911
905 912
886 913
888 914
908 915
894 916
908 917
907 918
892 919
901 920
913 921
921 922
903 923
912 924
897 925
920 926
907 927
901 928
918 929
910 930
917 931
909 932
922 933
931 934
917 935
922 936
914 937
915 938
921 939
914 940
929 941
917 942
2064772952 624769682 1372842825 3938421964 1740683112 488233323 711092571 2692743944 2369404658 2770962406 3549004300 2748518855 125813502 1204018147 3028382238 1068649492 1203892174 401992445 3830994087 578563950 4183540372 2978806229 3551816401 3097677269 1126169386 3682441147 414970662 3844444368 2444263556 303113956 1793035614 1282658409 2842693340 191605728 1536760403 1426512542 2265282257 3507134503 1976987337 3956037789 1112579825 1972514787 4167388715 3915411218 4019616827 235463840 2427911734 3648589325 1058010731 1414210895 3912686122 606057407 4079560297 836822806 2745567722 3010537513 708025880 2481161252 3972274653 901101211 215742702 3564191149 4278451000 639962597 815167493 2952358937 2064176092 1667922058 2461372387 1856721257 2747987535 1755651177 1514000592 2235339674 2584061384 4288517911 1244455106 3676019475 3877476556 786667949 3822362819 1308764758 2253837745 1709873896 747273578 1036236242 4088967232 1605716348 2183755917 1395714580 2522001038 228468164 3586063870 4252250116 1989969058 2537113822 2374430755 821328345 2209474510 367108356 2376229217 300958289 1451994662 2983897308 2868745306 810222352 817931523 2119823341 2890837204 3206476239 1515494525 643977712 4202993339 1259052750 907068516 3839233784 611715058 2167604929 3445686008 2915565583 1239504916 3005856320 1821846430 4027816024 3574943791 3501247937 2297560468 4282423669 309825757 4113288156 3360239680 2433398925 2720666710 3510632084 589496651 3684781485 2951813307 454658621 1463724260 698216235 1624587676 1385576115 873857468 2592504863 496025007 1673458287 3974849554 1357946227 2951778191 2353153932 270583625 2324272659 1492773210 4083822640 1885535553 3516810981 3356010729 3243528129 2798043051 2745113645 172867213 1257938465 792029904 2728757743 1595191654 1810936688 27748039 1259012945 3345382930 1145458847 92163587 3228573612 2133896647 1786769780 1672049945 4068547155 325713484 2970760273 2978247709 3396499702 778740544 1051978113 3588570371 3702916454 761048196 1988540890 898547346 1653062410 573130527 1344563849 2023081904 2894153471 678348370 1436941470 854134849 2451756314 1797446941 2166375701 1189425707 428257889 1653981200 3209161656 2583378106 3435019481 3756681422 240944312 1708348810 795306917 2277803971 1861718381 552121452 424223962 316735670 2276759099 2294991890 645115271 257491439 197160900 1472214746 3624632306 1679993726 3018112098 3810446473 4206061299 310120649 3028095814 2264610856 56485040 330041130 3318402293 3975988818 1666766744 643909780 3050148669 756921882 3374416132 426727469 1901762944 3291377195 101825153 1238271626 1219241044 4079418648 2696034997 4254853004 2916908656 737624813 2618533758 4155524778 3682023589 1031068335 4053955448 3497940167 938179178 2942122462 770163316 855115876 510874721 289793271 3132902394 1460717728 138985637 372569544 3181341022 3564670489 1480502825 3553691408 200847309 4076811510 1460667239 4035803021 2096958422 1730272642 3232804846 3773174612 943694740 1500214369 1375181092 2255504816 3029755875 346261545 420409954 975810098 2830610258 2006039960 1710019789 2102312189 766073743 350347423 857811054 2249992008 2524537932 874699068 114098301 217125530 192977581 1024886893 52898445 3508035598 3025541941 833982079 1383412228 4170954563 1302158929 597676011 3757788989 4138959397 3730328600 1697837626 167514976 1327769971 2469331445 2447267897 2957771745 2867562959 1256203266 1749358208 610102133 824670456 4164359821 2145675312 2042366004 4064835652 1492018212 3860772194 485809231 1862428168 4127520605 188436461 1299685478 2898326945 4211270027 968873584 4272950698 4043365305 3508861617 2751803882 1993598671 3294226480 4128211427 2425647635 2774418981 1474655778 2678917142 3045613270 3890456239 3817718386 2609703544 3683201126 2377677590 733554056 2917848167 2721074040 3654618066 1773438581 621021258 3770565752 355032795 2222472027 3515750695 2286129153 77282960 1304293533 3466015107 2855848363 3883266953 2366514293 1609443091 680640952 697955268 3845452390 3330490537 3364193498 1458853055 4135804259 3060347951 326958991 3870303421 3189212009 1656400684 951243368 445367040 3659496661 3659906718 576570453 823447446 912232492 2026904008 2793349500 3405500558 2450678513 1579798187 2437817891 2299040706 2219791609 266064051 4166659771 4060988697 2984980299 999161274 2871876584 1038306350 4120305178 301520938 1460593232 789341006 657182111 181370246 3324035528 3130989918 1653706832 860326974 1918627173 799294550 3126687425 2150017119 765288669 3650843464 2049321311 791602823 2706073733 2149989359 669113907 1840492093 2430646161 1925572426 394434505 1738294355 1319081680 4097716901 4023138790 3678253554 3322610271 3662112554 1620746748 2442409839 2277841823 1739683931 835158637 1143973706 3069257194 2741315022 4264355928 3917651632 4146195760 2328753177 1493692365 246343139 1221683923 2916976425 3886143142 136266154 2193104188 1628599660 1334502704 771253826 3410483766 1102923461 449109295 594234971 4126737108 62848044 2086922478 3914097356 1200242680 2065651403 448873598 2486807375 1214484526 2060699971 995305275 920221213 4276389147 1660640483 3217792876 3697373437 4105868384 4079570257 3764391457 3666688235 4179423852 3175417080 144480816 1517399431 2607284547 913650388 643731292 820382153 7870786 3580849517 1931748327 3094304514 1818181283 81201 2326712511 1344963967 4140817723 1196371965 95434507 1967084574 489931544 3724245292 3204876167 3924551330 2079011304 999686864 4178623636 2869409833 43016530 244031947 3749295264 3144952330 3509911973 2254837212 3329855342 3338072314 152467135 59094327 3615151836 2468617618 3391432055 3576449147 746921887 841510608 3090567645 3586008301 3019822096 156549765 2570822379 2435135465 493004944 3689743377 2989626117 3560969079 372039543 3512689010 802200404 1304964482 3991802855 128646072 1436824948 2085383814 3226646923 1940814241 2253351400 4178149415 861247615 1890687088 1347265005 2388108577 638099799 2139083859 892131947 440198733 40590483 4293618610 3562395373 3876482375 598313005 966115024 2915687182 4046812844 962613354 3466410973 1045919659 3434987977 3745006989 1299128141 2793590878 679220529 3649249736 2570637119 1200665894 1400458212 3347682364 2417932251 4201861713 1062583052 174329511 1509356151 2004637622 2313209445 1002331091 1663628614 2896738770 1866904808 2929789072 619184400 4219401954 1167030125 1214208101 2055684011 1033742342 3735520901 2333972789 3731971114 1234579266 3839814493 2171807848 1297842377 2537665005 1639206507 677692360 946820015 3116351285 3509253852 3662485922 2761153083 1746737437 2351668976 2351005566 1569005317 2132879108 519635389 155556548 1285161132 4263927818 2040729614 109035483 1538601967 3611541645 3877175721 4246031593 1447054778 1454776473 2368890858 1941297420 1816448055 1699519571 784882853 3508887744 3844386052 1703645113 1730275875 3731320252 2688504223 604974714 4027679654 4221908659 3687593375 1215097380 2001682205 144904335 4200943243 512200861 2121588508 383960138 2680168152 1647206294 1376025038 3736127288 3049193979 3183828410 921885032 1762188044 3525280688 2339222892 2880468650 3774240870 3030249842 2196035385 1692202035 1589442907 3343491207 1200711888 3158229187 626528379 1363189536 3625517056 663853050 687330125 3341579751 3010811673 3236582668 3308725849 481832721 392070590 1631408649 1729957913 1034619131 3950949017 3218207056 2239097882 3309012236 1789641752 374789438 4269335081 4095881394 1453639184 1259279219 653434946 3509340991 4247197613 1605580604 761468473 1200066673 2940776463 620643453 2668213265 4115471324 2154705573 3635078072 1605221444 3611286810 568266887 342726009 145500458 3133786557 2431201035 2702958470 2332747672 2336196757 1542152927 463044896 1807811729 346466612 3998532870 676927738 1954169798 2506373580 693793941 3104732998 4117280344 3674276421 1287530327 2472980092 1812609158 2320376053 2987697622 545738103 396565965 2090006364 1262265527 2713125504 4104428533 170649272 3543303402 1802732882 3575754352 1222981990 459186324 2841399102 2560252630 3824545841 3050743343 1071478888 1753277525 318765428 3824203059 643846075 958325574 2486850999 3681627356 889304399 596460253 2660862061 3472557306 3280375393 3308703557 2543055374 1024796374 2454308923 3013663339 1325763772 2941125032 1557455100 3372665036 3081868573 1125200913 3569179428 423265066 3250788082 1619898632 3186786175 1844529464 520230028 2240236649 4254438236 1690770997 4059917219 4230893642 2071189521 2218986228 169622256 3266586534 3030494568 162411517 3640892845 306294526 231019229 3657232908 3760076572 3732898878 1947213289 1056877880 3975507535 1821485375 901129653 4028390095 2952037053 1248290025 3133370137 4227174548 1393544618 3308948104 2044234485 1273104990 2046920329 3435162777 3572852153 1822650289 3793526204 2373882662 3361959395 2856850654 1518099855 898963225 1565380508 3787837563 580491629 396699234 119230333 3642361840 3227269475 903677289 3131723189 3589528728 2569785581 2531482089 956139864 366354614 1571687649 307290659 2572567247 2735696536 179525496 3225122518 2180383515 3511208699 2878455668 4061020442 1668942871 2335304126 2329557390 1519026432 654957601 3190526823 3215396950 2427347553 2801821294 2526000762 2689092742 369917478 2625056835 4086554085 2918357683 1632469475 3834955330 1654457420 3857390874 3076122966 1953887713 2282547025 3069413808 781010871 3987343256 439421164 4234875856 1156085943 533640540 2039001805 2895840624 2319546669 4145867340 773358703 3669849566 3009257040 420372371 1014526725 2915921749 954858265 3135976999 3302167712 3812707740 3344356417 39517414 1111594704 2939434311 4239872755 392498143 1130131090 2615885539 3353271722 4169001829 1535236845 4143053087 3164311129 3515372717 1550455922 1343025690 1765284061 4085892521 235945816 2092775814 2357587582 1602893609 2140828225 2442354972 33489097 2534133970 433455877 2753403375 723563769 655869653 1131596047 3657466403 572061777 3304814995 3739170213 3238269745 540834228 3640070520 3132844391 3036050281 4252446810 3472301468 1598754575 2735773948 3802481050 1625946456 988245858 2619785867 2730939804 2956998348 3650817654 1574253539 3788796293 1825206930 3778258379 3991915862 4134586018 954639936 
2953262172