500 1000 1000
1 432
432 7
7 363
363 206
206 271
271 386
386 318
318 366
366 77
77 244
244 260
260 233
233 145
145 172
172 87
87 70
70 156
156 94
94 323
323 355
355 348
348 195
195 440
440 416
416 494
494 316
316 361
361 5
5 24
24 495
495 454
454 11
11 322
322 17
17 435
435 45
45 173
173 346
346 243
243 373
373 313
313 65
65 364
364 272
272 412
412 114
114 424
424 196
196 86
86 74
74 319
319 496
496 438
438 489
489 40
40 108
108 474
474 93
93 415
415 109
109 268
268 216
216 46
46 165
165 403
403 306
306 469
469 30
30 276
276 327
327 273
273 57
57 303
303 418
418 37
37 15
15 385
385 160
160 63
63 391
391 425
425 359
359 358
358 241
241 193
193 134
134 478
478 56
56 75
75 58
58 461
461 360
360 246
246 2
2 68
68 285
285 61
61 387
387 128
128 497
497 215
215 76
76 214
214 36
36 331
331 312
312 444
444 116
116 51
51 255
255 95
95 429
429 410
410 344
344 66
66 189
189 275
275 121
121 441
441 142
142 333
333 396
396 472
472 482
482 404
404 300
300 397
397 278
278 153
153 257
257 259
259 118
118 100
100 213
213 83
83 82
82 135
135 242
242 481
481 430
430 211
211 119
119 238
238 3
3 370
370 267
267 464
464 321
321 457
457 198
198 175
175 468
468 378
378 436
436 252
252 475
475 384
384 161
161 179
179 183
183 388
388 350
350 123
123 217
217 138
138 41
41 395
395 71
71 89
89 239
239 222
222 125
125 199
199 122
122 296
296 39
39 22
22 78
78 157
157 256
256 43
43 54
54 320
320 338
338 443
443 218
218 480
480 470
470 169
169 372
372 107
107 245
245 389
389 282
282 42
42 23
23 264
264 80
80 180
180 200
200 97
97 335
335 311
311 336
336 270
270 351
351 219
219 326
326 171
171 367
367 266
266 240
240 52
52 164
164 48
48 452
452 287
287 281
281 168
168 447
447 103
103 284
284 197
197 328
328 27
27 434
434 104
104 88
88 437
437 139
139 105
105 315
315 150
150 354
354 466
466 262
262 343
343 181
181 381
381 98
98 345
345 34
34 102
102 308
308 229
229 192
192 112
112 69
69 73
73 147
147 136
136 90
90 53
53 143
143 498
498 401
401 64
64 491
491 210
210 235
235 220
220 62
62 376
376 479
479 409
409 115
115 294
294 152
152 365
365 301
301 12
12 237
237 393
393 448
448 79
79 371
371 230
230 330
330 126
126 280
280 405
405 309
309 25
25 339
339 248
248 13
13 375
375 473
473 463
463 379
379 110
110 449
449 204
204 166
166 297
297 324
324 446
446 374
374 334
334 467
467 26
26 28
28 369
369 368
368 439
439 347
347 117
117 398
398 60
60 101
101 208
208 209
209 413
413 362
362 59
59 177
177 310
310 426
426 377
377 67
67 8
8 124
124 35
35 269
269 352
352 202
202 140
140 81
81 225
225 29
29 120
120 50
50 279
279 419
419 329
329 253
253 422
422 390
390 477
477 224
224 72
72 130
130 341
341 325
325 232
232 427
427 493
493 442
442 383
383 227
227 155
155 414
414 129
129 485
485 288
288 490
490 16
16 462
462 499
499 445
445 250
250 261
261 141
141 127
127 131
131 420
420 258
258 392
392 144
144 14
14 32
32 186
186 228
228 399
399 38
38 408
408 394
394 194
194 113
113 357
357 298
298 407
407 99
99 20
20 4
4 154
154 6
6 263
263 44
44 356
356 236
236 84
84 162
162 290
290 471
471 174
174 247
247 305
305 9
9 453
453 428
428 106
106 182
182 411
411 205
205 455
455 221
221 148
148 96
96 203
203 191
191 423
423 178
178 299
299 146
146 332
332 433
433 265
265 163
163 340
340 19
19 223
223 185
185 149
149 132
132 10
10 484
484 187
187 402
402 159
159 291
291 91
91 314
314 231
231 234
234 450
450 349
349 293
293 382
382 286
286 158
158 460
460 167
167 465
465 421
421 190
190 254
254 289
289 251
251 487
487 212
212 274
274 33
33 307
307 55
55 111
111 417
417 133
133 49
49 201
201 137
137 31
31 342
342 176
176 226
226 317
317 47
47 337
337 151
151 92
92 483
483 18
18 492
492 353
353 304
304 476
476 85
85 302
302 170
170 380
380 406
406 458
458 456
456 21
21 486
486 188
188 295
295 451
451 488
488 283
283 184
184 207
207 277
277 292
292 400
400 431
431 459
459 249
249 500
231 187
360 61
437 423
39 93
125 427
90 41
337 229
429 70
104 281
145 320
236 349
354 215
286 244
485 477
418 155
486 313
484 366
284 412
40 456
429 154
340 339
463 19
98 496
498 365
446 354
237 82
426 374
12 196
191 438
260 132
386 472
436 50
345 473
345 184
14 142
16 321
211 88
469 210
394 180
212 12
53 229
236 106
153 278
458 170
119 43
285 227
197 445
18 275
356 330
305 498
4 27
413 305
365 136
427 318
53 249
100 448
347 76
80 198
82 406
10 272
55 24
50 447
198 231
167 277
203 201
124 424
318 123
93 339
339 159
495 441
393 242
378 285
27 301
219 390
66 13
41 455
64 499
420 221
396 65
454 159
334 255
171 254
322 56
54 293
474 423
63 61
198 470
190 111
434 135
272 243
65 465
368 498
416 72
335 248
21 200
419 140
499 484
459 138
425 292
393 184
398 81
423 369
241 91
148 465
324 321
20 168
122 367
222 133
85 297
141 308
86 167
403 284
295 90
331 130
454 31
83 140
144 64
142 166
206 321
3 48
295 158
28 273
187 60
409 197
65 304
385 228
226 44
237 99
83 317
269 82
359 483
32 457
464 285
364 255
26 435
171 436
321 103
162 403
437 236
336 3
26 290
267 377
443 36
58 112
128 15
382 119
366 318
406 123
497 65
84 225
450 155
154 62
255 312
453 19
146 109
79 110
58 375
448 29
235 355
111 122
160 350
53 122
209 468
142 272
43 150
257 53
47 74
470 84
199 38
454 337
113 193
100 208
144 46
51 93
316 111
22 435
463 85
86 235
246 178
137 319
340 12
425 193
21 377
37 137
8 489
49 304
383 358
437 31
114 49
341 57
271 176
274 56
172 119
293 260
126 329
187 189
205 50
139 306
389 333
478 34
188 282
45 239
23 146
24 61
499 401
345 226
421 163
436 374
407 372
264 181
131 249
446 439
318 156
97 127
449 92
188 472
43 410
241 154
214 147
149 403
212 124
337 15
121 18
369 91
103 340
366 158
431 160
348 426
262 301
417 65
431 14
339 377
443 434
369 98
493 36
373 447
282 126
95 292
217 312
234 109
258 115
170 145
229 392
380 256
227 199
429 366
180 231
9 12
173 209
486 436
442 405
48 350
40 56
259 217
404 311
7 47
261 381
333 467
342 60
413 321
282 495
276 295
311 53
308 162
372 44
379 119
145 402
152 425
201 113
420 286
10 470
387 464
49 419
394 89
278 216
299 13
22 422
343 213
251 400
159 183
368 300
53 400
440 36
175 317
154 152
147 57
35 246
26 1
1 150
165 21
394 295
341 146
63 471
227 342
398 383
290 123
187 398
452 285
493 19
423 471
170 430
368 409
180 336
90 393
99 307
438 211
310 261
312 492
103 52
91 322
377 242
327 62
294 131
326 262
190 214
33 174
379 230
487 416
165 38
86 479
109 333
56 126
235 123
241 492
314 330
291 316
417 402
448 99
401 138
439 22
193 446
475 101
238 466
390 337
202 195
283 20
233 460
165 10
261 452
66 290
242 260
379 343
137 78
299 366
290 68
98 321
215 168
103 82
155 305
11 395
488 235
141 240
133 144
56 418
69 378
267 353
41 190
63 188
63 86
52 151
316 249
175 52
250 426
196 218
415 54
395 65
406 51
238 236
47 159
394 163
117 121
151 428
177 269
42 62
380 458
290 466
22 326
272 89
55 389
483 469
279 88
357 268
347 396
195 485
182 32
215 135
279 93
462 467
420 334
6 289
449 38
170 338
263 178
279 23
241 417
345 173
5 450
152 353
393 362
11 426
376 183
451 248
362 377
255 341
395 339
387 23
381 199
417 324
135 134
456 76
230 83
124 480
447 340
120 336
59 29
233 480
188 205
242 491
14 205
249 85
493 378
330 84
94 280
31 269
484 337
63 309
375 257
284 138
34 387
467 95
216 3
345 2
258 433
127 361
370 27
335 499
64 45
195 111
313 5
309 451
13 257
181 387
81 106
239 479
170 196
45 373
140 183
145 474
134 317
184 97
253 324
135 364
270 463
81 389
418 318
345 120
487 380
497 30
312 221
380 162
14 123
416 79
466 402
258 363
304 443
260 294
260 232
374 311
329 398
467 473
112 484
98 235
131 266
323 149
200 259
252 235
45 138
27 150
162 222
317 428
79 281
63 413
99 231
103 344
466 279
435 251
269 87
490 428
248 337
251 338
85 55
31 417
316 407
191 260
6 84
417 228
6 250
50 484
492 208
9 2
373 399
30
273
183
563
963
809
50
859
883
121
543
146
926
6
837
717
927
140
81
173
963
374
420
19
626
603
291
448
67
831
968
569
184
329
756
893
984
913
582
639
79
86
381
546
753
481
999
853
410
66
261
896
807
341
417
85
166
557
455
380
163
695
541
810
212
351
267
298
819
965
499
250
671
318
793
713
200
682
150
953
656
1
603
316
116
645
68
485
987
902
928
95
130
353
428
670
938
348
983
427
830
535
692
347
789
457
652
589
614
679
590
555
283
693
122
602
480
651
577
853
778
382
914
330
275
645
732
64
382
535
966
208
47
549
924
862
138
743
863
88
633
104
489
86
272
725
99
449
992
812
224
174
402
670
674
594
480
199
95
758
76
73
430
798
146
931
62
401
805
468
774
764
335
165
721
315
710
274
461
845
876
862
233
403
876
161
203
115
903
807
372
527
66
584
941
422
258
11
238
435
10
893
955
55
626
154
278
310
518
825
441
310
414
737
849
556
416
573
995
876
795
766
1000
751
43
360
217
342
380
754
42
441
867
859
608
223
271
619
828
135
789
883
578
995
694
137
845
716
668
779
527
376
46
565
155
173
580
709
840
79
880
90
31
834
715
352
907
520
82
377
183
950
949
366
324
758
784
736
672
502
848
33
600
24
650
829
632
980
74
21
441
822
918
839
660
154
50
786
734
69
916
65
507
369
154
356
538
33
736
69
847
571
587
226
990
86
897
37
564
618
411
285
275
149
286
471
978
429
977
104
534
880
992
332
722
795
567
482
127
651
542
842
60
434
781
265
279
793
456
19
706
860
989
737
833
653
209
310
436
732
97
12
197
663
282
554
276
450
819
79
811
740
390
72
109
957
451
265
546
169
465
583
855
48
685
115
952
545
18
634
421
239
410
531
623
714
170
979
852
932
618
420
995
474
438
156
476
559
479
572
213
734
687
527
687
27
680
560
759
826
172
647
623
804
597
489
997
556
569
8
956
703
91
127
470
731
484
515
878
819
40
921
210
567
832
554
351
639
967
712
908
382
534
63
981
359
501
68
447
2
402
185
156
904
174
621
679
551
68
823
495
769
643
176
226
117
925
767
936
615
40
201
533
152
324
651
363
124
128
507
804
900
772
853
236
156
675
879
164
148
56
301
803
790
897
99
685
992
785
115
467
25
147
792
332
70
279
527
858
525
774
574
776
896
174
547
969
763
124
284
130
665
788
542
843
275
21
781
775
559
669
331
424
841
471
450
940
380
914
593
889
861
143
43
390
235
963
853
263
541
767
733
323
710
292
360
590
881
177
309
71
93
117
412
21
350
973
51
470
498
543
596
968
81
643
986
693
675
941
365
12
540
92
899
356
294
363
829
877
529
279
316
897
720
447
264
53
216
792
881
156
207
602
366
974
823
996
651
655
541
755
604
989
471
424
681
914
381
46
773
7
404
372
202
955
288
64
784
191
992
353
472
127
742
599
92
597
319
503
214
957
753
588
213
552
333
533
449
615
47
95
279
534
2
341
828
33
314
730
6
802
274
917
206
761
541
222
757
754
859
988
703
941
800
719
281
276
155
281
773
479
674
612
290
639
884
622
47
217
961
238
486
381
664
847
352
351
881
967
89
456
484
920
651
311
349
816
36
762
373
751
867
47
875
331
659
385
567
161
666
963
84
662
30
880
634
773
592
209
838
231
778
69
415
28
247
677
771
764
864
345
828
23
119
218
638
969
945
967
469
830
612
434
762
467
12
570
242
381
68
851
246
736
632
50
326
532
456
599
537
523
192
198
874
755
436
926
731
904
368
903
533
409
547
544
204
988
267
984
441
334
593
205
840
567
684
86
760
209
767
237
960
219
990
221
328
410
94
177
607
750
304
914
544
64
883
118
574
23
903
72
319
952
986
735
497
598
111
499
804
506
65
325
310
101
528
415
724
968
49
586
843
916
807
590
32
673
509
987
530
137
415
512
397
562
311
143
918
266
819
322
402
772
598
380
882
510
831
884
332
170
705
356
674
655
966
417
97
100
644
420
794
833
568
447
105
829
166
765
942
98
708
299
703
545
448
507
815
335
656
22
272
289
613
459
933
83
999
682
333
616
299
656
331
850
817
517
727
326
38
905
134
161
190
607
960
795
11
894
747
112
973
300
159
682
191
827
878
120
953
754
870
653
468
19
378
481
178
321
604
575
295
953
577
384
610
632
979
763
61
850
433
546
783
758
183
144
473
150
292
826
735
814
41
581
563
248
425
126
116
37
927
645
978
429
319
301
257
744
96