875 1748 1
1746 2619 -162923
1746 2618 -947135
1746 2619 -8809993
1746 2618 -2199401
1748 2622 0
1746 2619 4022870
1748 2622 0
1746 2619 3083766
1746 2618 -196865
1746 2620 0
1748 2622 0
1748 2622 0
1746 2620 0
1746 2618 -1576665
1746 2618 -1701759
1746 2621 7811808
1746 2618 -1485400
1746 2620 0
1746 2618 -3564625
1746 2620 0
1748 2622 0
1748 2622 0
1746 2621 398401
1746 2620 0
1746 2620 0
1746 2619 -5729112
1746 2619 1590187
1748 2622 0
1746 2619 -381133
1746 2619 -97724
1746 2620 0
1746 2621 8733667
1746 2619 7462673
1746 2619 3799653
1748 2622 0
1746 2619 4710362
1746 2618 -9477256
1746 2621 554169
1746 2620 0
1746 2619 -1156151
1746 2618 -4521182
1746 2619 -7847748
1746 2619 -4650301
1746 2621 6358217
1748 2622 0
1746 2618 -8209668
1746 2618 -6205942
1746 2618 -6408139
1746 2618 -1524549
1746 2621 2825611
1746 2621 3506788
1746 2619 4938755
1746 2620 0
1746 2618 -3061854
1746 2621 5244451
1748 2622 0
1746 2620 0
1746 2618 -6006299
1746 2621 8495922
1746 2620 0
1746 2619 -3891356
1746 2618 -3916395
1746 2620 0
1746 2620 0
1746 2619 2297458
1748 2622 0
1746 2619 -2558150
1746 2620 0
1746 2621 5638869
1748 2622 0
1747 2621 0
1746 2621 351188
1746 2618 -3279039
1746 2619 3735776
1746 2619 2365870
1746 2619 -2288417
1748 2622 0
1746 2620 0
1748 2622 0
1746 2618 -2287854
1746 2619 3853078
1746 2621 5197668
1746 2620 0
1748 2622 0
1748 2622 0
1746 2619 -887718
1746 2621 8506417
1746 2620 0
1748 2622 0
1746 2619 -5536374
1746 2618 -854550
1748 2622 0
1746 2620 0
1746 2621 6569281
1746 2621 1245597
1746 2621 5291943
1746 2618 -5450894
1746 2620 0
1746 2621 7309182
1746 2621 2865704
1746 2621 3125229
1747 2621 0
1746 2620 0
1748 2622 0
1748 2622 0
1748 2622 0
1747 2621 0
1748 2622 0
1746 2620 0
1746 2619 2078564
1746 2618 -7245806
1746 2620 0
1746 2618 -6068757
1746 2620 0
1748 2622 0
1746 2620 0
1748 2622 0
1746 2620 0
1748 2622 0
1746 2619 -1032643
1746 2621 6041242
1748 2622 0
1746 2620 0
1746 2620 0
1746 2618 -5244451
1746 2619 -7325991
1746 2618 -5124296
1746 2620 0
1748 2622 0
1746 2620 0
1748 2622 0
1748 2622 0
1746 2620 0
1746 2620 0
1746 2619 920085
1746 2619 -1639854
1746 2620 0
1746 2619 1161116
1746 2618 -9418082
1746 2619 -481389
1746 2618 -5929026
1746 2621 5439894
1746 2618 -4709162
1746 2620 0
1746 2618 -2205125
1748 2622 0
1746 2619 -9233991
1746 2619 -5351427
1746 2619 6881276
1748 2622 0
1746 2619 -380049
1748 2622 0
1746 2619 1054194
1748 2622 0
1746 2618 -5980996
1746 2620 0
1746 2621 783179
1746 2621 8875801
1746 2618 -2288114
1746 2621 7429875
1746 2619 -1645838
1746 2621 196865
1746 2619 -5632604
1746 2619 12385
1748 2622 0
1748 2622 0
1746 2621 1822251
1746 2618 -7881748
1746 2620 0
1746 2621 6496563
1746 2621 2346622
1746 2621 4014119
1746 2619 -4298155
1748 2622 0
1748 2622 0
1746 2619 470484
1746 2619 3705087
1748 2622 0
1746 2619 3144304
1746 2619 2045381
1746 2620 0
1746 2621 2214249
1746 2621 4935526
1746 2620 0
1748 2622 0
1746 2620 0
1746 2619 -75841
1748 2622 0
1746 2621 6673201
1746 2620 0
1746 2620 0
1746 2619 -5695132
1746 2618 -2214249
1746 2618 -5439894
1746 2619 2024351
1746 2621 8310655
1746 2620 0
1746 2620 0
1746 2621 8009934
1746 2621 984238
1746 2621 9323647
1746 2618 -1884249
1748 2622 0
1746 2621 6543787
1746 2620 0
1746 2621 9746095
1748 2622 0
1747 2621 0
1746 2618 -247218
1746 2619 1525594
1746 2620 0
1746 2620 0
1746 2621 6193841
1748 2622 0
1746 2621 3624571
1748 2622 0
1746 2621 259239
1746 2620 0
1746 2621 9766701
1746 2618 -4935526
1746 2621 1701759
1746 2621 221612
1746 2621 5602218
1746 2618 -3312722
1746 2620 0
1746 2621 820392
1746 2620 0
1746 2619 -7610077
1746 2619 8056266
1746 2619 3245493
1746 2621 5590571
1746 2619 6018530
1746 2620 0
1748 2622 0
1746 2621 4073122
1746 2621 6157699
1746 2621 9266034
1746 2619 -1767141
1746 2619 969260
1746 2618 -8733667
1746 2620 0
1746 2621 1399021
1746 2618 -4359773
1746 2621 4476032
1746 2619 2531141
1746 2619 283468
1746 2621 3312722
1746 2619 708201
1746 2618 -827543
1746 2620 0
1746 2621 3143398
1746 2620 0
1748 2622 0
1748 2622 0
1746 2618 -2176937
1746 2620 0
1746 2621 4521182
1746 2619 -6471874
1748 2622 0
1748 2622 0
1746 2620 0
1746 2619 1017875
1746 2619 -2625344
1748 2622 0
1746 2619 1383983
1746 2618 -270325
1748 2622 0
1747 2622 3696580
1746 2619 -225869
1746 2618 -3444351
1746 2621 8186208
1746 2618 -7860251
1746 2621 470623
1748 2622 0
1746 2621 2199401
1746 2621 6113883
1746 2621 6909383
1746 2619 -7791759
1748 2622 0
1746 2620 0
1746 2618 -549511
1746 2620 0
1746 2620 0
1746 2620 0
1747 2621 0
1746 2620 0
1746 2618 -5699399
1746 2621 3845019
1748 2622 0
1746 2620 0
1746 2618 -4187217
1746 2620 0
1748 2622 0
1746 2619 -5773934
1746 2619 3537996
1746 2620 0
1746 2620 0
1746 2619 5110155
1746 2618 -3696580
1746 2621 8990800
1746 2619 1028621
1746 2621 3774774
1748 2622 0
1748 2622 0
1748 2622 0
1746 2618 -238637
1746 2621 4547599
1746 2621 4187217
1746 2620 0
1746 2618 -8875801
1746 2620 0
1746 2618 -6157699
1748 2622 0
1746 2618 -5341611
1748 2622 0
1746 2618 -8506417
1746 2620 0
1748 2622 0
1746 2619 3579033
1746 2620 0
1746 2620 0
1748 2622 0
1746 2619 -2765131
1746 2619 -3069430
1746 2621 8662161
1746 2621 300130
1746 2619 1112532
1746 2618 -5458009
1746 2621 5958006
1746 2621 3085180
1746 2619 -610151
1746 2618 -620744
1746 2618 -4844679
1746 2621 247218
1746 2620 0
1748 2622 0
1748 2622 0
1746 2620 0
1746 2618 -247719
1746 2621 6068757
1746 2621 7505896
1746 2619 2070852
1746 2620 0
1746 2618 -8495922
1746 2619 2641538
1747 2622 854550
1746 2619 3707863
1748 2622 0
1746 2618 -9253540
1746 2619 -1061555
1746 2618 -5590571
1746 2618 -1411802
1746 2618 -7067508
1746 2619 1551565
1746 2618 -7309182
1746 2621 7041365
1746 2619 -2640206
1746 2619 1674428
1746 2618 -6723262
1746 2621 3564625
1746 2619 6118287
1746 2619 -4523363
1748 2622 0
1746 2619 -1775187
1746 2621 8507338
1746 2618 -3779126
1746 2620 0
1746 2619 4041053
1746 2618 -8662161
1746 2621 5699399
1748 2622 0
1746 2620 0
1746 2620 0
1746 2621 3702458
1746 2620 0
1748 2622 0
1746 2621 7288597
1746 2619 -6940919
1746 2621 290259
1746 2620 0
1746 2620 0
1746 2618 -8479114
1746 2618 -6565962
1746 2619 5189924
1746 2621 6496301
1746 2619 -1143186
1748 2622 0
1746 2621 4512782
1746 2621 3459857
1746 2619 -5313941
1746 2618 -4365512
1746 2618 -1523015
1748 2622 0
1746 2620 0
1746 2620 0
1746 2618 -6014546
1746 2618 -1326970
1746 2620 0
1746 2619 -2786043
1746 2619 -6257664
1746 2619 4211365
1746 2621 2773583
1746 2620 0
1746 2618 -7429875
1746 2619 2877740
1746 2620 0
1746 2620 0
1746 2619 2838831
1746 2618 -8009934
1746 2619 3979639
1746 2620 0
1746 2621 3779126
1746 2621 2209128
1746 2621 372741
1748 2622 0
1746 2619 4175367
1746 2620 0
1748 2622 0
1746 2621 3546551
1746 2618 -2416432
1746 2618 -4489386
1746 2620 0
1746 2620 0
1746 2620 0
1746 2621 3444908
1746 2619 6314945
1748 2622 0
1746 2618 -2945698
1746 2621 509747
1746 2620 0
1746 2619 -1548274
1746 2620 0
1748 2622 0
1746 2619 1151643
1746 2620 0
1746 2619 3400848
1746 2619 -5368190
1746 2618 -5681563
1746 2619 4069242
1746 2621 6518533
1748 2622 0
1746 2620 0
1746 2620 0
1746 2620 0
1746 2618 -6633125
1746 2621 8647157
1746 2620 0
1746 2620 0
1746 2621 6798872
1748 2622 0
1746 2618 -5958006
1746 2621 3194564
1748 2622 0
1746 2620 0
1746 2621 2416432
1746 2618 -4512782
1747 2621 0
1746 2620 0
1746 2620 0
1748 2622 0
1746 2618 -144460
1746 2619 6054701
1746 2621 3775722
1748 2622 0
1746 2621 4137127
1748 2622 0
1748 2622 0
1746 2620 0
1746 2619 3273346
1748 2622 0
1746 2620 0
1746 2621 1884249
1746 2619 2475444
1746 2618 -8233731
1747 2619 -1475595
1746 2618 -5763710
1746 2620 0
1746 2618 -5638869
1748 2622 0
1746 2619 7169323
1746 2620 0
1746 2619 -1251132
1746 2618 -287818
1746 2618 -689815
1746 2618 -351188
1748 2622 0
1746 2618 -1581301
1748 2622 0
1746 2620 0
1746 2618 -3035005
1748 2622 0
1746 2620 0
1746 2621 9022861
1746 2618 -4332359
1746 2621 3641544
1746 2618 -4974708
1746 2618 -868783
1748 2622 0
1746 2619 -1649086
1746 2620 0
1746 2618 -1606878
1746 2618 -5625907
1746 2619 3391759
1748 2622 0
1746 2618 -656144
1746 2618 -7192644
1746 2619 2013329
1746 2621 7335122
1746 2619 5715624
1748 2622 0
1746 2620 0
1746 2621 5258271
1746 2621 1604611
1748 2622 0
1746 2621 4661157
1746 2619 -1240123
1748 2622 0
1748 2622 0
1746 2619 476166
1746 2619 -2389745
1748 2622 0
1746 2619 -45226
1746 2621 6940813
1746 2620 0
1746 2619 1488803
1746 2620 0
1746 2618 -6305263
1746 2618 -8898582
1746 2618 -1114729
1746 2620 0
1746 2618 -1934195
1746 2621 1049002
1746 2619 -1728883
1746 2618 -7683793
1746 2618 -259239
1746 2618 -9596319
1746 2621 4359773
1746 2619 -2214824
1746 2621 9470611
1746 2621 7299008
1746 2620 0
1746 2618 -6940813
1746 2620 0
1746 2621 1058299
1746 2621 6236744
1746 2620 0
1748 2622 0
1746 2619 -3027951
1746 2621 7550378
1746 2620 0
1746 2618 -8352997
1746 2618 -8820427
1746 2619 1332795
1746 2618 -7085065
1746 2620 0
1746 2621 3081716
1746 2620 0
1748 2622 0
1746 2621 5139609
1748 2622 0
1746 2621 3061854
1746 2618 -9048859
1748 2622 0
1748 2622 0
1746 2618 -7867791
1746 2619 3847635
1746 2619 -217723
1746 2620 0
1746 2619 6206144
1748 2622 0
1748 2622 0
1746 2620 0
1746 2619 743879
1746 2619 297080
1746 2621 549511
1748 2622 0
1746 2621 9047167
1746 2618 -2303329
1746 2618 -1753710
1746 2619 366788
1746 2621 1618344
1746 2620 0
1746 2619 -3174003
1746 2619 2500099
1746 2619 953162
1746 2620 0
1746 2620 0
1748 2622 0
1746 2621 9704329
1746 2619 5312435
1746 2619 -721353
1748 2622 0
1748 2622 0
1746 2618 -6181637
1748 2622 0
1746 2618 -221612
1746 2620 0
1746 2619 -6300615
1748 2622 0
1746 2621 5920214
1746 2621 3140063
1746 2619 1118460
1746 2619 -7121939
1746 2618 -5142515
1748 2622 0
1746 2618 -4849569
1746 2621 858871
1746 2619 -654218
1746 2618 -7383773
1746 2621 3304392
1746 2619 -2365114
1746 2619 -2095851
1746 2618 -1608269
1746 2618 -8186208
1746 2620 0
1746 2618 -7288597
1746 2618 -7881765
1746 2619 4333628
1746 2618 -5756261
1746 2621 3533847
1746 2618 -6178791
1746 2620 0
1748 2622 0
1748 2622 0
1746 2618 -2466861
1746 2621 1387222
1748 2622 0
1746 2620 0
1746 2619 -1984048
1746 2620 0
1748 2622 0
1746 2621 2710642
1748 2622 0
1746 2620 0
1746 2620 0
1746 2618 -3294002
1748 2622 0
1746 2620 0
1746 2620 0
1748 2622 0
1746 2618 -3506788
1746 2618 -9494170
1746 2620 0
1746 2618 -5291943
1746 2621 1758448
1746 2618 -7244744
1746 2621 6956082
1746 2618 -637047
1746 2618 -678683
1748 2622 0
1746 2621 7829075
1746 2621 754202
1746 2621 4023702
1746 2618 -8132455
1746 2619 -2179641
1746 2620 0
1746 2618 -3624571
1746 2618 -9673388
1746 2621 5754557
1748 2622 0
1748 2622 0
1748 2622 0
1746 2619 6269378
1746 2619 -3425119
1746 2619 8609447
1748 2622 0
1748 2622 0
1746 2620 0
1746 2618 -7299008
1746 2620 0
1746 2619 -5672165
1746 2619 3438561
1746 2621 6178791
1746 2621 8255713
1746 2620 0
1746 2620 0
1746 2619 533705
1746 2618 -7041365
1746 2618 -470623
1748 2622 0
1746 2621 9732323
1746 2619 1098096
1746 2618 -5906669
1746 2619 -8880878
1746 2620 0
1748 2622 0
1746 2619 -3622766
1746 2619 22453
1746 2619 -839363
1746 2621 5980996
1746 2618 -8647157
1746 2618 -8990800
1746 2618 -7811808
1746 2620 0
1746 2618 -7999867
1746 2621 1523015
1748 2622 0
1746 2619 -8818880
1746 2619 -1066456
1746 2621 9839875
1747 2619 -554169
1748 2622 0
1746 2619 -6270814
1748 2622 0
1748 2622 0
1748 2622 0
1746 2621 3035005
1746 2619 -4537218
1746 2621 1581301
1746 2618 -5125466
1746 2620 0
1748 2622 0
1746 2619 717511
1746 2618 -3775722
1746 2619 943958
1746 2620 0
1748 2622 0
1746 2620 0
1746 2619 -1205868
1748 2622 0
1746 2619 -2060209
1746 2621 6969047
1746 2619 -2762122
1746 2621 2267288
1746 2618 -1160507
1746 2621 7989959
1746 2618 -2865704
1746 2618 -8741133
1746 2620 0
1746 2619 -2226612
1748 2622 0
1748 2622 0
1747 2619 -290259
1746 2619 4557959
1746 2619 1282015
1746 2618 -9766701
1746 2621 7383863
1746 2618 -1988470
1746 2619 2594985
1746 2621 5125466
1746 2618 -7730889
1748 2622 0
1748 2622 0
1746 2618 -3444233
1746 2621 8009044
1746 2619 -260977
1746 2619 -638938
1746 2620 0
1746 2621 2205125
1746 2621 9679938
1748 2622 0
1746 2621 4732956
1748 2622 0
1746 2621 2081391
1746 2619 5262335
1748 2622 0
1746 2619 -7440289
1746 2621 7326830
1748 2622 0
1746 2621 7860251
1746 2620 0
1746 2621 3990195
1746 2620 0
1746 2619 316088
1746 2621 8479114
1746 2618 -7047838
1746 2619 1942261
1746 2618 -9732323
1746 2620 0
1746 2619 -8012728
1746 2618 -5920214
1746 2620 0
1746 2619 841673
1746 2621 7383773
1746 2619 8835056
1746 2619 -3299051
1748 2622 0
1746 2618 -1058299
1746 2619 -3325023
1748 2622 0
1746 2620 0
1746 2619 1698937
1746 2619 -4425152
1746 2620 0
1748 2622 0
1746 2618 -5051594
1746 2618 -6485700
1746 2621 4709162
1746 2621 4974708
1748 2622 0
1748 2622 0
1746 2618 -9704329
1746 2620 0
1746 2621 9361223
1746 2621 8148538
1746 2618 -4137127
1746 2621 6181637
1746 2620 0
1746 2619 8368742
1748 2622 0
1746 2620 0
1748 2622 0
1746 2619 1851133
1748 2622 0
1746 2618 -8675362
1746 2618 -9361223
1746 2620 0
1746 2620 0
1748 2622 0
1746 2618 -1333551
1746 2621 659114
1746 2619 -1228033
1746 2619 504925
1748 2622 0
1746 2620 0
1746 2621 827543
1746 2619 -1513467
1746 2621 1524549
1747 2621 0
1746 2620 0
1746 2620 0
1746 2618 -144051
1746 2621 2303329
1746 2619 343264
1746 2618 -4268490
1746 2618 -9200658
1748 2622 0
1746 2618 -6496563
1746 2618 -9349011
1746 2618 -4846721
1746 2619 -1548905
1746 2621 5142515
1746 2620 0
1746 2619 -3861523
1746 2620 0
1746 2621 3444351
1748 2622 0
1746 2618 -3143398
1748 2622 0
1746 2620 0
1748 2622 0
1746 2621 2945698
1746 2620 0
1746 2620 0
1748 2622 0
1746 2619 -2443991
1748 2622 0
1746 2621 8675362
1748 2622 0
1746 2618 -7123199
1746 2619 4019091
1746 2621 5690211
1748 2622 0
1748 2622 0
1748 2622 0
1746 2621 8484867
1746 2620 0
1748 2622 0
1746 2619 303559
1746 2618 -6778645
1746 2619 202420
1746 2619 -2202332
1746 2618 -1632318
1746 2621 5341611
1746 2619 -2355886
1746 2621 7067508
1746 2620 0
1746 2621 620744
1746 2619 8624386
1746 2619 5665308
1746 2621 8898582
1746 2619 457205
1746 2619 -647891
1746 2619 3195647
1748 2622 0
733 379
379 447
447 381
381 557
557 487
487 709
709 541
541 741
741 179
179 699
699 135
135 752
752 133
133 109
109 806
806 794
794 536
536 573
573 755
755 813
813 330
330 20
20 272
272 760
760 328
328 153
153 715
715 389
389 17
17 779
779 347
347 846
846 419
419 73
73 358
358 513
513 736
736 219
219 810
810 362
362 677
677 161
161 722
722 863
863 872
872 42
42 493
493 37
37 298
298 776
776 1
1 651
651 451
451 329
329 68
68 128
128 830
830 584
584 171
171 209
209 334
334 127
127 831
831 189
189 649
649 698
698 525
525 120
120 74
74 739
739 632
632 471
471 784
784 403
403 4
4 275
275 526
526 692
692 300
300 261
261 380
380 123
123 787
787 870
870 226
226 417
417 534
534 136
136 201
201 62
62 30
30 172
172 281
281 575
575 47
47 269
269 75
75 294
294 700
700 511
511 494
494 629
629 734
734 645
645 422
422 252
252 48
48 357
357 180
180 238
238 230
230 399
399 196
196 819
475 735
735 783
783 323
323 737
737 352
352 689
689 43
43 361
361 157
157 654
654 553
553 177
177 723
723 151
151 545
545 778
778 544
544 710
710 740
740 768
768 681
681 444
444 181
181 46
46 246
246 81
81 235
235 761
761 224
224 247
247 729
729 769
769 430
430 349
349 65
65 647
647 766
766 591
591 462
462 664
664 559
559 625
625 61
61 44
44 338
338 596
596 222
222 477
477 421
421 410
410 429
429 609
609 774
774 828
828 170
170 772
772 398
398 456
456 388
388 718
718 594
594 797
797 343
343 614
614 271
271 78
78 551
551 262
262 508
508 579
579 519
519 865
865 163
163 237
237 168
168 34
34 263
263 431
431 674
674 312
312 236
236 333
333 574
574 307
307 317
317 423
423 484
484 148
148 121
121 156
156 332
332 868
868 728
728 767
767 449
449 241
241 604
604 832
832 394
394 792
792 589
589 54
54 561
561 91
91 346
701 38
38 98
98 212
212 694
694 169
169 530
530 716
716 500
500 550
550 88
88 369
369 325
325 572
572 321
321 634
634 335
335 826
826 416
416 368
368 200
200 485
485 72
72 80
80 612
612 730
730 27
27 862
862 301
301 213
213 642
642 775
775 811
811 409
409 199
199 13
13 406
406 825
825 434
434 824
824 402
402 58
58 764
764 852
852 143
143 788
788 124
124 31
31 843
843 528
528 871
871 438
438 86
86 94
94 683
683 687
687 327
327 138
138 538
538 539
539 310
310 158
158 711
711 621
621 673
673 118
118 355
355 99
99 562
562 265
265 384
384 126
126 859
859 229
229 29
29 167
167 97
97 67
67 745
745 103
103 468
468 391
391 585
585 507
507 242
242 786
786 861
861 721
721 277
277 496
496 789
789 193
193 182
182 53
53 793
793 490
490 707
707 396
396 195
195 762
762 542
542 523
523 552
552 665
665 873
873 607
607 454
454 582
582 14
14 708
708 276
276 617
617 439
439 436
436 684
684 295
295 659
659 568
568 613
613 258
258 473
473 342
342 620
620 644
644 96
96 638
638 112
112 506
506 682
682 6
6 782
782 414
414 524
524 693
693 16
16 641
641 51
51 382
382 765
765 39
39 443
443 249
249 816
816 270
270 836
836 597
597 678
678 356
356 9
9 162
162 763
763 807
807 738
738 671
671 851
851 495
495 297
297 529
529 598
598 618
618 556
556 578
578 823
823 714
714 463
463 432
432 243
243 537
537 19
19 360
360 282
282 860
860 611
611 232
232 101
101 850
850 590
590 192
192 341
341 424
424 535
535 217
217 225
225 125
125 55
55 502
502 803
803 302
302 283
283 60
60 428
428 842
842 197
197 646
646 516
516 856
856 292
292 844
844 367
367 134
134 695
695 33
33 76
76 50
50 375
375 202
202 472
472 205
205 781
781 435
435 420
420 455
455 383
383 36
36 187
187 817
817 425
425 796
796 465
465 309
309 636
636 602
602 386
386 324
324 8
8 610
610 478
478 69
69 353
353 866
866 111
111 149
149 834
834 408
408 626
626 481
481 643
643 404
404 160
160 744
744 245
245 603
603 248
248 758
758 635
635 668
668 691
691 446
446 286
286 284
284 141
141 566
566 754
754 285
457 359
359 210
210 82
82 184
184 615
615 458
458 442
442 622
622 867
867 685
685 233
233 822
822 331
331 652
652 489
489 116
116 616
616 377
377 801
801 63
63 829
829 773
773 365
365 320
320 459
459 190
190 815
815 483
483 26
26 319
319 40
40 874
874 23
23 527
527 746
746 688
688 204
204 474
474 608
608 469
469 164
164 223
223 15
15 221
221 771
771 600
600 191
191 727
727 100
100 492
492 113
113 340
340 639
639 240
240 32
32 24
24 186
186 748
748 290
290 255
255 173
173 548
548 663
663 437
437 580
580 401
401 653
653 656
656 543
543 445
445 672
672 452
452 339
339 703
703 440
440 840
840 351
351 231
231 411
411 833
833 211
211 159
159 90
90 569
569 581
581 137
137 316
316 87
87 287
287 370
370 407
407 311
311 93
93 675
675 820
820 57
57 835
835 392
392 696
696 139
139 509
509 374
374 395
395 619
619 52
52 3
3 426
426 583
583 345
345 288
288 798
798 808
808 628
628 670
670 83
83 314
314 864
864 501
501 757
757 577
577 10
10 49
49 818
818 266
266 567
567 176
176 812
812 95
95 554
554 655
655 140
140 206
206 676
676 144
144 679
679 273
273 461
461 147
147 480
480 413
413 821
821 64
64 505
505 770
770 799
799 326
326 587
587 218
218 606
606 499
499 110
110 354
354 520
520 512
512 586
586 220
220 183
183 657
657 215
215 280
280 658
658 869
869 532
532 725
725 522
522 350
350 724
724 130
130 198
198 531
531 719
719 601
601 565
565 503
503 244
244 114
114 291
291 308
308 497
497 747
747 239
239 228
228 795
795 669
669 540
540 18
18 546
546 145
145 749
749 838
838 251
251 102
107 194
194 142
142 397
397 713
713 378
378 549
549 296
296 476
476 364
364 405
405 515
515 857
857 155
155 690
690 366
366 412
412 227
227 306
306 400
400 385
385 373
373 2
2 390
390 533
533 726
726 256
256 344
344 59
59 805
805 848
848 448
448 25
25 250
250 630
630 372
372 648
648 482
482 278
278 750
750 555
555 41
41 257
257 299
299 268
71 208
