500 500
392434510 599704118
92575618 327158180
59499658 551611113
877450751 938844447
131888583 166678956
510322211 770361591
36699325 853072389
383683340 741795272
70441105 155166352
618217167 620944610
742977914 971256214
959460449 962601944
584779466 847701192
95218422 953063536
487530815 746398137
121837860 422428795
325675333 642781347
209225877 390496337
482568421 748779023
714557752 990768388
426561386 771679234
476147287 515337040
70146837 512369460
145723435 788472348
148187877 960975603
379832315 663327558
248154688 370743605
823644043 954885871
362221549 767803049
107864732 967072755
30958780 997015599
110536394 322355697
668381089 972966167
484472342 539532407
912763989 986720626
755082300 851952083
461099792 970016436
618715093 649987572
924867576 953812642
584913779 958153388
599745810 742507881
939203922 992199226
261839373 802188681
93477334 904572262
84865414 941592271
130432464 139911192
755443524 929193195
764199657 932132868
404173466 856841067
599050980 749737341
77342464 202894204
538511781 890461444
208165860 320926436
854659045 871988207
850083085 987789189
588360756 895678322
174252737 995801018
296418267 634514116
747817713 897650438
94747772 387855209
80208382 287021410
799176168 995894290
22782824 30863073
898580853 996003376
28430282 267496082
36997063 262613630
794506717 889588338
775000672 875661781
743387421 821798764
501677961 992840694
58176484 238071184
516748035 595607493
185510591 403193828
910389592 919422699
601809857 737410248
16520201 964593299
656876916 673053920
318046739 582566006
388412180 399621685
96777107 984493677
285254928 534015580
918859749 955309997
298638059 740169550
736350685 948283783
864588385 924315757
756622691 974580638
805069305 837888004
619157577 725937393
409443827 805438701
799837178 975883843
577226311 994165703
444484855 845799576
483170104 640124585
824043651 881044396
399344386 695143045
519327695 528522834
691036303 732201746
769676352 893100389
150324544 366852540
350489401 482867888
390465926 565407339
539691046 927999963
14322499 530642380
957357525 968531519
645782648 932395646
298837165 639488256
503009519 745811785
324011435 764688497
60453653 707613399
875005341 875278846
362059160 396818941
179041573 706169537
71405720 117313960
163706707 655779449
307050197 496507435
638792859 712308579
775609015 987951491
637802317 648693811
109020351 610508717
790895181 913200133
791327852 858477541
747673943 974533703
536135182 894707407
274519597 483198480
425191030 786632023
342893628 810160383
4654206 918483156
71120247 913935104
420689704 858824258
340941625 403160075
512039196 901627681
610841363 887587671
709817547 911279556
557072764 668142719
758446814 852100467
31714752 938462527
167653960 898793929
458835954 722291162
249926721 290313036
167963753 510967665
199721884 910133048
14957862 473040812
482432181 606204510
342830526 586197958
515004202 984215666
477123664 790606614
930554559 957485753
939308255 974691656
531109585 546463441
155767605 359339147
485456723 753437600
252989433 783683390
101093604 521731255
140834433 618170870
743833761 753820968
590158957 679925822
841417599 942263699
40829852 373554883
62179229 495363465
539249075 858466981
255348712 381510450
833970977 934620570
483898961 610298627
336157507 743985059
172486309 521369684
381179069 914072751
339064031 866803417
608398392 620991483
705870689 727560544
618415289 664008344
882178119 981901246
275351482 280450171
943562437 984058338
171315332 992699136
972710912 994280760
864060808 868142164
240901860 314445791
771230828 801565609
869219684 910194948
537995195 796585372
112241890 637897957
345598461 717859214
312721510 645133027
569831972 830476881
755823860 882472430
809368911 955734218
740416227 848723936
730243506 755970662
411914366 944209471
307503093 819018322
659414862 735234516
893806754 933622467
963324885 987062967
367923284 601823619
269614982 341033049
127810710 341188403
660847105 732718556
59425990 613495208
911901420 912333020
854857592 920487334
782179883 852627095
744236627 914427853
656847137 690624542
334605697 613090016
608773982 882054404
153303917 209463309
334714407 956551416
626182966 994046700
992967971 994826932
448843986 558947320
300223099 314718679
841699397 869412245
71150575 203328588
19532140 52668422
214671679 429053672
789838979 961417410
920703558 943004129
346872296 656189094
255849693 874758835
689320240 714257318
487638034 575164380
28999027 145850940
869820221 912927033
202635084 485987967
764990203 970737435
545056554 933241777
131541742 345612633
854356312 938011960
218593402 293899354
447603451 683588967
955513697 982450137
828281898 925827590
920422783 974103758
69573048 224015510
823465451 876249388
383699742 402951878
109007271 843515444
144619302 256284067
536243528 568520020
399152060 559118017
225890327 616303913
100570606 773970826
598677850 817283597
428006930 877270789
896154869 910460176
953070789 987913966
291164257 506923596
756189999 991225891
901085725 945501341
720911615 893194358
914048713 943557486
225372046 419493059
100505551 477415863
880055627 935032679
483589610 552080400
437171908 596559137
909049994 954107714
123429178 553775153
447253046 883628251
38215359 226143619
711063377 958190660
959607309 975179117
959997154 975334028
864821323 900159948
232542450 687729663
277142334 316319529
322879030 884364454
108818676 626296933
42999369 676499142
221480908 285177967
621519863 938669839
446425302 956963853
865192463 877884812
936981140 988743612
631626515 633561321
538662044 881166997
925777022 926620613
693218458 987071220
584111285 766461705
984326183 984788555
984370278 994378043
480634610 973214373
238617556 572285501
136420516 743667439
158502964 390782492
945999144 953426531
276827582 621104714
944812506 952741666
535243085 556775397
118073735 728446940
175066360 939774003
814619790 819433311
760747315 770743617
324168142 452118297
827124438 961427209
201175069 414230089
302723247 692703126
14762459 636164939
897084305 935755569
553298150 786167486
794275739 892723332
55100304 917483232
549745783 805157130
29699617 459267062
305377400 366305655
601442698 953106094
712100399 926591393
57955811 370890654
405838726 929243736
774984958 789076821
471468413 793584098
484018773 719481748
763101698 860028359
193007356 562095680
512729571 921408681
626197945 977003624
344142228 506969982
181339620 677037867
113129263 483564234
367446927 554352324
385264462 936091314
694638364 913202880
218542689 221166202
145468698 354171558
828172469 890839550
662461250 910366708
348362038 578830666
46988919 213596600
474549433 725384571
833385340 993012930
632521052 638342762
287910208 914119373
31083149 92736333
894352573 984903929
889893375 971011236
800101864 878989655
185641450 490030348
549429042 577379407
146282422 294380736
807291747 930550481
844549890 938183457
90864329 779558297
997365674 997369917
564865195 662405362
56554427 890202482
967672056 973951067
922017264 952258447
307166196 372984153
30473390 127860170
682522016 856996949
737992892 904958539
460025811 858215966
589200497 825813402
318330643 439769156
458637078 605883801
874512117 926653520
235655097 706016301
785683874 922415416
230926204 670219910
515990633 602747501
373820792 541357337
304097888 331265893
218368898 815178912
963881512 973702169
258923714 448595450
370508389 474859554
256338894 508293057
587647780 974973472
709230608 788476782
142624294 637383500
361294058 420356203
555315255 774876178
783527315 942670077
75525226 718018598
838326088 944679137
769300239 944253367
840153161 992426254
227828830 383632039
801967970 888889268
12413300 789688008
512992655 925431085
370205502 525913405
916262881 929737150
711003422 797541340
58540126 755392761
640645665 848821464
628709121 876048388
651962171 871289034
146406836 238172015
114796325 625722932
914709835 988767605
204788716 233024758
589434193 941591357
311366738 647776456
342936009 867191886
516092344 647381196
30158618 99910652
945606470 948229096
266994306 815706617
983675714 995677346
439949464 509679128
142396341 697924124
39639551 994498005
160742347 222940450
688223326 750784005
413159767 727418845
91794620 143400274
902075684 903525649
757875007 790293159
540276620 561255304
401423880 692798865
607840497 612960940
116781282 478440933
295203798 395171658
376968611 447997316
928058511 968690630
882705855 894207871
607480317 738259620
817136305 939288941
672160122 729948984
714215270 824009657
878389365 958978335
735297538 886906094
820977322 872595105
110767151 278481300
89034897 940721007
899655262 973285169
547266277 779123715
294383455 791097560
307745016 747107614
540910225 791617040
401974604 405590570
643998446 654053580
331735297 939324364
464707584 953921070
575251334 884233525
520947401 661365837
17803377 78221236
942145198 945377221
976300637 976940237
759659991 859094224
58653935 613200874
191375793 247572063
108495348 786613382
518751237 728367949
973520254 993073946
140773270 890312673
369672919 792231781
218373005 363915317
145763851 162489022
186675808 661973558
55786582 510686024
453138374 827671950
942210233 957080923
31519267 528137487
429993952 651291362
81595175 893340802
120211473 123744242
575207680 997680271
43974999 850263991
677275974 707368372
252600372 686407982
770603581 993080033
400730916 976519136
711300158 917411286
52317686 187540525
652556547 971456747
785720782 905415812
792551464 865885098
213343681 883069265
117855008 466442745
463286174 903519897
455119817 835243558
146678695 508631133
231984278 742665243
745750263 756048381
524037078 588111080
616214327 934918215
434589257 984348209
325815517 851650556
119322366 210241101
213995334 377450754
950209429 959915375
365292536 429826508
452362980 678976086
777837892 878202383
975568860 983621625
55298150 795423492
728875338 881851568
703902906 835436440
997734508 997858860
28791580 228458658
72983455 945604570
977254442 982092048
620454816 968547927
603946417 882049137
978891685 990873771
164576756 247177512
996470130 997438358
829124045 842770012
109 319
25 467
77 396
174 287
298 462
436 487
151 253
7 488
490 496
500 500
333 428
102 254
330 439
197 259
268 476
121 384
444 453
486 497
147 425
244 354
39 255
134 303
462 473
201 281
240 311
483 491
404 497
109 476
70 447
463 475
109 192
274 466
48 459
41 140
159 486
296 453
344 498
310 428
343 449
477 497
110 215
334 405
485 493
398 419
53 88
97 97
396 498
59 336
299 417
4 381
331 486
420 485
145 363
318 367
106 138
180 385
407 444
108 359
171 367
22 76
474 483
254 468
251 288
100 281
10 12
211 452
332 493
251 271
242 401
52 124
329 414
101 499
104 264
349 462
188 306
417 473
45 376
1 165
337 352
461 484
212 352
145 161
469 499
20 431
112 117
177 208
138 201
168 397
235 426
335 386
201 448
56 418
228 410
137 138
189 301
192 493
263 397
473 500
397 441
201 353
7 80
213 381
425 470
259 500
26 266
346 488
61 445
246 309
281 437
445 468
72 229
380 492
153 285
472 472
38 126
195 397
405 465
364 398
399 496
115 203
372 478
427 443
116 250
15 191
82 310
87 299
236 289
395 427
199 352
411 455
259 348
228 394
272 370
277 347
301 410
425 441
401 499
301 318
84 488
254 318
470 499
182 287
86 331
430 439
148 332
490 498
94 106
418 426
315 412
364 482
374 479
398 405
206 306
235 309
328 456
345 421
431 485
47 491
451 491
383 474
500 500
94 479
472 475
56 429
16 142
260 307
73 373
298 464
315 491
277 366
391 480
145 241
379 457
111 497
262 423
323 379
195 213
282 443
261 397
396 415
253 292
466 491
53 204
376 497
500 500
242 454
348 404
117 274
23 88
126 367
25 146
202 280
55 63
492 497
39 385
193 394
54 233
470 488
183 322
204 463
498 500
38 391
330 497
437 471
460 490
257 418
410 491
300 419
101 290
231 323
113 495
210 432
416 461
304 484
481 481
161 264
66 461
65 257
239 380
338 380
112 431
28 129
422 471
239 404
451 481
438 446
348 397
426 455
233 435
79 280
290 292
320 388
153 193
285 296
69 227
437 475
427 447
403 420
305 457
222 369
356 412
416 479
149 351
253 434
423 457
145 213
196 231
151 396
28 424
141 239
472 472
280 344
73 153
481 490
229 244
379 467
25 339
57 214
179 365
163 218
85 128
415 417
165 215
360 368
291 381
463 493
334 460
440 480
408 421
398 416
10 215
69 367
489 498
142 168
161 216
441 450
435 490
486 497
287 486
337 370
199 356
243 316
151 167
289 386
422 438
470 478
469 472
371 432
220 285
279 282
72 198
304 433
388 452
304 360
402 450
401 464
11 416
195 487
414 432
141 295
499 499
300 405
404 431
161 204
412 486
246 317
394 459
296 344
366 449
131 352
406 423
271 499
74 213
51 75
3 245
362 424
422 429
393 484
358 479
243 307
189 332
152 175
488 497
77 296
115 329
56 273
69 238
224 477
469 497
352 379
352 479
45 215
316 397
86 206
334 376
489 491
224 228
354 429
210 473
331 478
413 485
40 49
95 289
280 438
276 277
53 57
389 476
350 403
289 463
52 241
126 275
82 244
273 379
396 451
5 326
74 287
253 264
91 381
410 454
362 451
124 448
110 267
395 431
229 425
52 266
158 234
380 459
352 487
169 202
50 435
77 292
92 111
373 450
413 465
435 471
103 452
100 367
193 220
452 455
426 427
353 499
198 470
409 446
402 411
46 305
56 183
299 500
111 423
63 91
86 300
344 344
237 391
313 459
20 181
441 495
259 452
196 457
420 436
6 179
131 390
352 417
449 473
256 389
171 274
452 478
188 444
339 490
56 447
304 427
404 409
385 467
260 475
303 346
422 433
148 354
458 476
17 481
29 463
52 463
295 326
131 492
322 370
82 212
213 490
215 425
183 365
14 14
79 336
176 273
408 442
237 301
461 466
362 381
398 494
358 426
115 353
333 393
462 470
133 403
284 392
164 202
449 460
482 491
108 157
103 310
324 406
251 476
341 495
65 443
50 344
156 369
206 318
472 481
290 429
463 475
300 434
88 325
459 489
307 417
61 420
481 494
125 296
380 400
221 359
104 164
24 367
214 276
312 475
286 497
57 447
116 464
161 476
94 302
318 352
305 499
32 384
337 445
409 463
140 251
5 468
481 483
13 474
53 434
49 345
258 323
180 352
457 477
359 435
109 174
12 281
485 495
71 118
40 50
110 161
50 485
291 343
72 222
102 392
309 400
32 234
