925918819
901151735
627833479
729199930
486525026
364141106
616062338
916444182
765711240
13645967
391247148
842347028
717924994
924996029
530182654
174221436
291125228
737431109
218365838
774472428
448330371
543393995
79079211
601818158
453105619
2497839
115335159
276351587
959624363
769499963
402629846
487891952
304308397
288103396
385319471
634945615
629174442
361086371
69982363
452628276
143644386
523368801
196234007
873261773
431991937
41165443
333170395
533396568
65797034
472447968
451852112
966331535
387135945
484960071
729260118
493448229
955518489
793488244
336533795
787340048
546906284
484077568
590966274
99734693
486820955
484216386
723138397
766899947
786918228
524061787
346949295
127573532
912386224
422255863
734197981
460776455
769348598
196348227
955526063
643558709
379659326
973816955
285752602
952409097
380865092
16362125
458324748
90654742
294492800
456738629
231115146
382085731
172347093
242496931
964359093
62760496
910615968
865970300
290826150
811684398
717610393
884892812
698869791
681333773
112831484
419939427
852259141
869679102
634870320
441541176
940042891
466831905
133431539
440233723
235773643
877358540
160102993
177853015
798722477
190214985
547690640
466923196
833073331
230621831
86009523
40048351
195807649
528527620
58686581
27742992
327027143
389995207
130396404
241846765
587362646
220677547
279227667
52596276
244401313
568061004
336432746
669370318
327092879
287275083
181165141
34632214
646927315
640327507
463222461
223494764
379779564
57007582
967523873
451532751
697636168
574697810
303388071
395062132
715626098
711839038
13645967
253310527
63696786
331600252
591175660
976479292
868201149
28610258
908325606
885201535
992008152
934400115
138896102
467007398
341097528
224671878
898493988
907113113
959809819
640973659
460185855
546924947
404738316
738674162
13645967
117384391
708715159
855808803
16827397
815773968
590365778
728081228
29013022
101580696
885550542
533093443
506713542
512554414
799291224
244219659
880639141
541486916
581438835
397952556
354626717
568915312
29547389
603140989
405963353
660373818
801647837
979963181
955717495
733944243
90918735
816684649
190770966
606480452
456028951
98884360
33968369
567470714
182229131
89641758
471687806
195187716
572238532
26275208
458724896
633624982
631333758
46084083
103983424
263156891
377635492
531046488
581615636
28953869
155158231
629154346
994703114
221580499
302987694
737970988
278765018
539705979
968547136
262415480
462638527
954678083
440233723
484333413
414111072
794069438
833385156
287263299
223046340
707160513
921373743
929482136
694524327
900223734
621708118
555133880
687157514
558478029
994740858
915051677
518207614
173433070
668237471
226771750
1716032
902737911
12098150
364778752
139224890
737431109
612958479
139555662
13313739
129935199
995676970
304304428
609799867
487341160
509078509
129318805
281598314
58202932
548360192
218323583
606777270
476273827
9628511
848717674
402256491
278385026
36079081
994550542
968228
159665258
167609971
949914499
586487052
145623303
907936137
922685811
127899923
430516029
39452561
535378187
727112093
859516936
209480395
897516995
685846420
501608528
116785097
219552456
959016207
325966031
756140365
141242614
382591927
636359937
592093519
550266082
743792705
871148009
761835214
916993068
646521539
479267278
306998008
461467064
409823266
402468374
832670613
738693655
858094235
249056137
532239626
474428182
561647147
434144214
470581085
848102118
205391332
383611454
3671591
681766246
814906569
225151688
89554059
122170977
226616803
392687896
217920899
88414372
282109149
76837183
480680467
78663666
284062165
423201365
225144615
596696372
105523428
708901627
662162401
396592960
734922886
3477742
193328611
375276503
106208813
854658827
342601457
603188763
608708031
286453814
271850198
173726719
512299687
652023297
853219960
477998450
882439366
812192811
97540167
794971573
48203920
803545145
78412552
484926164
791074348
518300936
45113936
331308105
374650704
899949113
762446991
671972150
700298427
28442188
46880551
614241646
795737932
299183855
515682021
121824603
394599331
414695786
322212897
855883935
374718863
699752438
240207152
919030286
974358294
378627052
473195841
825867228
726956101
328056888
857845114
835993398
624488901
932634833
274890081
411942342
210158529
943925777
627514912
270044473
572845305
896529343
924877072
86529278
512372641
487466110
682860583
437091044
401210514
175346854
317696940
579306708
951992786
467217452
21401019
439021685
220843543
434573198
769499963
213122913
569154398
766284271
821656144
275122053
521024330
778824265
61451578
937449880
795010804
738625428
628891376
704786526
919469349
63970317
141655055
856530174
917390711
271124779
132709668
620397642
595567245
500013986
485802597
557989974
658404797
845970288
363882761
138794551
869535735
956751335
664727371
101528528
381975195
294988897
216459221
181708811
351264684
929634117
921763910
858874573
517277854
874597407
846114913
881396579
