-1
1998721095
2997528989
3997355357
4996163251
5995711619
6994519513
7993067926
8991554388
9989840468
10988064308
11986081298
12984244836
13982261826
14979739307
15977466131
16974943612
17972335364
18969812845
19967067147
20964302186
21961370899
22958389412
23955105037
24951754150
25948332744
26944835280
27940818171
28936727590
29932042760
30927340356
31922628605
32917561511
33912137327
34906315105
35900416779
36894313689
37888089693
38881853935
39875166881
40868431522
41861638920
42854821938
43847519804
44840151806
45832648825
46825041512
47817313359
48809524540
49800309504
50791020374
51781479592
52771767751
53761346653
54750898703
55740240633
56729262082
57718202357
58707061589
59695797915
60683882176
61671890538
62659895583
63647751009
64635323595
65622809936
66610219382
67597399653
68584485099
69571569824
70558390899
71545185777
72531435591
73517573368
74503644322
75489611105
76475265453
77460738830
78445002397
79429256270
80413476217
81397389277
82381036653
83364533663
84347935593
85331100378
86314188928
87297168289
88280123510
89262710768
90244720935
91226642871
92208155676
93189571494
94170887048
95152157344
96133303470
97114185155
98094817499
99075080415
100055319603
101035420280
102015353092
102995096056
103974357416
104953242823
105931762719
106910237404
107888697410
108867151496
109845232289
110823254434
111801244860
112779051755
113756772067
114734422317
115711781645
116688843597
117665625498
118642184545
119618299537
120593998636
121569558360
122545088949
123520558442
124495593219
125470610906
126445392348
127420050056
128394686487
129369269373
130343785451
131317992902
132291687184
133265367466
134238877967
135212242030
136185518278
137158765225
138131987162
139105170013
140077962581
141050575249
142023168439
142995329036
143967407943
144939036985
145909703208
146879992912
147849879725
148819749352
149789424009
150758884059
151727758890
152696627401
153665493923
154634189105
155602407499
156570461635
157538357569
158505987177
159472868732
160439505424
161405991673
162372300033
163338576787
164304830398
165270468935
166235571887
167200491082
168165395450
169130059982
170094694242
171059135046
172023554666
172987973262
173951912242
174915845310
175879730024
176842918307
177805941919
178768938361
179731534278
180693812719
181656069507
182618101731
183580090371
184542033234
185503975152
186465856242
187427700441
188389329526
189350860954
190311968514
191272644172
192233228424
193193445509
194153366051
195113220274
196072955472
197032626332
197992215346
198951317066
199910383542
200869102693
201827608496
202785997599
203744332173
204702648252
205660613194
206618539127
207576234552
208533843349
209491082269
210448311779
211405445283
212362204588
213318822805
214275211298
215231558938
216187813099
217143630522
218099262187
219054794115
220010275915
220965698454
221920976432
222876236563
223830979343
224785365671
225739732502
226694029081
227648276024
228602465283
229556007471
230509458220
231462659052
232415426576
233368089995
234320632218
235273135692
236225442058
237177736481
238129477858
239081079566
240032572532
240984036172
241935296860
242886509069
243837510783
244788369033
245739191777
246689936113
247640603054
248591194641
249541665945
250491965220
251442102409
252391653014
253341036075
254290405033
255239652563
256188725475
257137049401
258084729362
259032252315
259979577129
260926728513
261873373814
262819821877
263765990013
264712064541
265658014306
266603935486
267549819750
268495561933
269441284594
270386714849
271331986358
272277241813
273221727386
274166090498
275110437319
276054042155
276997600177
277941003036
278884365601
279827516197
280770306613
281712957820
282655432904
283597649167
284539635908
285481323850
286422798786
287363979383
288304790571
289245589911
290185868655
291126140738
292066276529
293006267042
293945899292
294885457257
295824658340
296763681549
297702431630
298641019391
299579423698
300517745021
301455639489
302392253292
303328789417
304265175696
305201509355
306137342515
307072264570
308006312622
308940219193
309873144046
310805629560
311738077984
312670502406
313602834530
314535164582
315467134676
316398985147
317330772786
318262496545
319194008554
320125072638
321055651158
321986002339
322916339510
323846380386
324776069685
325705622299
326635163107
327564194572
328493174714
329421843789
330349932390
331277639895
332205313727
333132906581
334060167348
334987301951
335914217668
336841032808
337767825506
338694495190
339620912140
340547315426
341473320894
342399230859
343324910111
344250439349
345175872819
346101221928
347026536039
347951847169
348877082129
349802072790
350726997129
351651610433
352575893597
353500055104
354424132766
355347919116
356271508417
357195069943
358118553736
359041993190
359965239260
360887908237
361809770666
362731136494
363652077625
364572771246
365492716219
366412515867
367332116720
368251644862
369171057304
370090323170
371009577327
371928790342
372847536503
373766032884
374683997541
375601789895
376519522864
377437220900
378354727250
379272158174
380189215621
381106262536
382023263315
382939641732
383855966905
384772290395
385688517905
386604695219
387520741010
388436374188
389351675837
390266840732
391181991162
392096985401
393011755238
393926000270
394840177180
395754269719
396668284712
397581417305
398494430843
399407350602
400319645935
401231878941
402143982596
403055947865
403967647609
404879230426
405790765166
406702236697
407613609350
408524915769
409435694883
410346260665
411256551925
412166711573
413076387413
413985973083
414895420792
415804855284
416714132403
417623385276
418532558364
419441543479
420350245152
421258889628
422167526591
423076008083
423984207866
424892208296
425799897684
426707167243
427614365259
428521493835
429428210792
430334665278
431241043922
432147369629
433053605784
433959494454
434865334487
435770852774
436676166953
437581386879
438486474099
439391536477
440296442033
441201139516
442105535406
443009845880
443914033034
444818128955
445722110936
446625973662
447529772354
448433450650
449337124693
450240738971
451144040177
452047196629
452950183454
453853115550
454755589350
455657888274
456559852005
457461525829
458362850620
459264069463
460165255793
461065905842
461966537518
462866540773
463766318260
464665696546
465564986477
466463974188
467362934662
468261870153
469159813251
470057702759
470955574780
471853308775
472750932374
473648391177
474545482574
475441381575
476337180941
477232921355
478128349495
479023364491
479918158223
480812854831
481707349061
482601730060
483496074164
484390227291
485283926701
486177240757
487070065950
487962653660
488855184527
489747156388
490638805156
491530083922
492421351471
493312595435
494203353733
495093873887
495984316799
496874723300
497765059631
498655360371
499545660562
500435882570
501325813522
502215609319
503105301462
503994642515
504883455630
505772246341
506660940341
507549512581
508438038412
509326405157
510214752373
511102589658
511989723638
512876595888
513763436560
514649585678
515535427838
516421121010
517306797263
518192049459
519077086212
519962028616
520846732172
521731320382
522615721176
523500084876
524384425439
525268680346
526152836010
527036791708
527920716616
528804565998
529688362807
530572127563
531455364083
532338447705
533221148949
534103443578
534985395072
535867211183
536748753875
537630003593
538510945058
539391787940
540272547687
541153283374
542033684510
542913502897
543792967464
544672272570
545551539935
546430792057
547309823708
548188697192
549067552494
549945532035
550823331299
551701007857
552578484442
553455891776
554332988144
555210022850
556086853996
556963220881
557839264286
558715217515
559591126413
560466963851
561342602991
562218098981
563093558479
563969006421
564844277986
565719354347
566594198118
567469024306
568343525451
569217663419
570091638540
570965236769
571838608521
572711820723
573584748881
574457668341
575330494914
576203048981
577075160518
577947069840
578818830321
579690359858
580561883293
581433391899
582304895418
583176169064
584046945682
584917154939
585787042863
586656838901
587526359901
588395847720
589264649214
590132921379
591000925142
591868789040
592735873357
593602822536
594469692685
595336512185
596203273496
597070012237
597936577787
598803041426
599669401840
600535165014
601399739533
602263985705
603127980931
603991182596
604854203881
605717220885
606579835710
607442370173
608304712910
609166969592
610029221541
610891445340
611753466106
612615464779
613477388432
614339190005
615200854682
616062400017
616923770437
617785022923
618645503705
619505575030
620365591653
621225456850
622085180545
622944763736
623804311907
624662997794
625520978470
626378938192
627236614781
628094271738
628951543440
629808812990
630665875578
631522881449
632379753216
633236439067
634093110063
634949546329
635805903696
636661940599
637517973589
638373970621
639229796826
640085503468
640940987717
641796262894
642651537782
643506803062
644361882995
645216928136
646071663424
646926362746
647781021050
648635513068
649489664623
650343723278
651197540169
652051331498
652904818827
653757516112
654609783934
655461985294
656314169728
657165805053
658017431257
658869031354
659720344459
660571653928
661422748889
662273785771
663124538210
663975105662
664825505774
665675792567
666525956700
667375677884
668225192400
669074350598
669923419437
670771909966
671620268966
672468438688
673316392919
674164076670
675011673402
675859267589
676706837631
677553804084
678400663858
679246800857
680092823785
680938747401
681782890481
682626726993
683469577759
684312353687
685154991978
685997534160
686839948726
687681833604
688523478018
689365066884
690206569350
691048066202
691888977172
692729731778
693570452632
694411116974
695251664326
696091934821
696932182173
697772385049
698612497768
699452502020
700292466820
701132075363
701971670851
702811087730
703650488384
704489713453
705328668291
706167224367
707005671141
707843969773
708682220080
709520326140
710358367656
711195739597
712032982220
712869180817
713704901496
714540407802
715375199262
716209893846
717044557828
717878835802
718712988428
719546965657
720380538662
721214071354
722047545621
722880778674
723713871859
724546809332
725379615025
726212339422
727044926487
727877369275
728708913208
729539899737
730370802213
731201497422
732031939680
732862176658
733692409461
734522461656
735352420421
736182173534
737011762596
737841267047
738670252843
739499213353
740327185441
741154955064
741982656992
742810238073
743637778546
744465227911
745292515514
746119672638
746946797074
747773668285
748600005566
749425501433
750250989070
751076410209
751901631392
752726294598
753550824692
754375134398
755199353570
756023552109
756847678141
757671732173
758495479856
759319116749
760142579340
760965997009
761788822147
762611361458
763433831887
764256067578
765078290612
765900459604
766722424463
767544041243
768365069174
769185842656
770006607987
770826855094
771646954281
772466798516
773286511639
774106196691
774925501073
775744579611
776563358316
777381930375
778199801753
779017424886
779834974966
780652429607
781469871475
782287130427
783104278127
783920907885
784737163252
785552989182
786368548047
787183964002
787999029944
788813888381
789628350474
790442607343
791256464855
792070078440
792883659713
793696863900
794509933459
795322774051
796135580520
796948354586
797761118949
798573868702
799386532878
800199082028
801011619725
801823927910
802635877247
803447735625
804259583712
805071375987
805882792275
806693900306
807504879070
808315700714
809126429163
809937144308
810747712226
811558165090
812368388200
813177861679
813986999709
814795989173
815604341287
816412501090
817220422199
818028143162
818835708833
819643271145
820450785544
821257943411
822064807837
822871584086
823678205926
824484709107
825291049539
826097350728
826903511142
827709612694
828515326333
829320928303
830126451530
830931964671
831737011336
832541946042
833346161204
834149414097
834952328243
835755142705
836557942903
837360455834
838162312404
838964162744
839765940812
840567173198
841368015236
842168847654
842969542752
843770212419
844570787799
845370730309
846170583185
846970429422
847770014296
848569593451
849368649789
850167652042
850966594105
851765224805
852563719564
853361666156
854159556879
854957423880
855755276391
856553103822
857350722086
858148105874
858945440138
859742697407
860539902707
861336887080
862133741094
862930117059
863726428880
864522520059
865318302760
866113942505
866908986329
867703880489
868498328831
869292723144
870087109690
870880877774
871674185030
872467020354
873259772707
874052250736
874844216337
875636070326
876427454967
877218588926
878009375477
878799620727
879589809845
880379954644
881169935858
881959859909
882749421478
883538925282
884328150303
885117262175
885906122179
886694461416
887482023840
888269570946
889056983850
889844185037
890631370625
891418195734
892204231014
892990252357
893776165854
894562009534
895347686223
896133196025
896918351796
897703461486
898488495498
899273432463
900058109491
900842736400
901627293117
902411765883
903196101343
903980098149
904764000166
905547400423
906330676622
907113330423
907895793252
908678014625
909460060632
910241703563
911023287773
911804606668
912585901667
913367103791
914147794107
914928252289
915708645126
916488593452
917268478449
918048317588
918827791039
919607249257
920386623666
921165817774
921945002381
922724102305
923502868961
924281588220
925060085181
925838360871
926616584005
927394701776
928172794896
928950754959
929728584066
930506386382
931283335525
932059959665
932836437751
933612647454
934388597478
935164245513
935939744273
936715205116
937490363726
938265435406
939040435007
939815393118
940589672835
941363154793
942136599755
942910027228
943683181524
944456322668
945228979967
946001574090
946774090224
947546229639
948318318218
949090190321
949861838647
950633393466
951404411269
952175417042
952946365893
953717267367
954488155354
955258910583
956029553715
956799749872
957569895349
958340017526
959109776925
959879465488
960648550281
961417571764
962186498679
962955220242
963723779820
964492300585
965260699887
966028892122
966796752314
967564471081
968332002571
969098805230
969865471852
970632113036
971398526793
972164459335
972930264696
973695838845
974461307138
975226537824
975991587661
976756424282
977521092712
978285544529
979049995919
979814431262
980578298808
981341685626
982105036626
982868152127
983631257489
984394250510
985157233366
985920120296
986682287519
987444405299
988206514020
988968473536
989730410153
990491921565
991253082019
992014032167
992774934071
993535538744
994296132415
995056530416
995816858764
996576247101
997335487259
998094715042
998853756962
999612711008
1000371516855
1001130294923
1001888738751
1002646890570
1003404953617
1004162833230
1004920631295
1005678141397
1006435506307
1007192843377
1007950180020
1008707450338
1009464147780
1010220816117
1010977259121
1011733685066
1012489929339
1013246171076
1014002215166
1014758229328
1015513960581
1016269281237
1017024217841
1017779038862
1018533845676
1019288380048
1020042799337
1020797190055
1021551542242
1022305758053
1023059751117
1023813519648
1024567253870
1025320929262
1026074557571
1026827582827
1027580596450
1028332907799
1029085095946
1029837105010
1030589021263
1031340851569
1032092670792
1032844462535
1033595759510
1034347037085
1035098310844
1035849515827
1036600647589
1037350574367
1038100363318
1038849645671
1039598796445
1040347942312
1041096937879
1041845622725
1042594101467
1043342339849
1044090243682
1044838142917
1045585930201
1046333367657
1047080667265
1047827903749
1048574843194
1049321265190
1050067504028
1050813623925
1051559105256
1052304557845
1053049848020
1053795124540
1054540074781
1055284621027
1056029099896
1056773529969
1057517666627
1058261157890
1059004214705
1059747244938
1060490026511
1061232738331
1061975320843
1062717858159
1063460230982
1064202207887
1064943681676
1065684641188
1066425556029
1067166353154
1067906640856
1068646916468
1069387184193
1070127280339
1070867368734
1071606660381
1072344864461
1073082510535
1073820059589
1074556851238
1075293337186
1076029781385
1076766045528
1077501782188
1078237467278
1078972725213
1079707534132
1080442041481
1081176543619
1081910963176
1082644897680
1083378744978
1084112508452
1084846086181
1085579535590
1086312490601
1087045202308
1087777887900
1088510457558
1089242862550
1089974057085
1090705208467
1091436280250
1092166801260
1092897319149
1093627702187
1094357735793
1095087538417
1095817173157
1096546760264
1097276247721
1098005323932
1098734257964
1099463154492
1100191985449
1100920649508
1101648987496
1102377284685
1103105169179
1103832977033
1104560750053
1105288050193
1106015204493
1106742239067
1107469083370
1108195638213
1108922162441
1109648087149
1110373944895
1111099645918
1111825339999
1112550727194
1113276055332
1114000546437
1114725003173
1115448770228
1116172492771
1116896201953
1117619466814
1118342484986
1119065186583
1119787576452
1120509806466
1121231719791
1121953610593
1122675214880
1123396559669
1124117743993
1124838881227
1125560001117
1126281007830
1127001885629
1127722353124
1128442727905
1129162858634
1129882825894
1130602390914
1131321878613
1132041055875
1132759943878
1133478579936
1134197215359
1134915800547
1135634357918
1136352885426
1137071408120
1137789598853
1138507315265
1139224498048
1139941510906
1140658363988
1141375120321
1142089927892
1142804631800
1143519184470
1144233403838
1144947609373
1145661532176
1146375328717
1147088832620
1147802079829
1148515195990
1149228258611
1149940947861
1150653488027
1151365513319
1152076738828
1152787654373
1153498309758
1154208894700
1154919005469
1155628836207
1156338232498
1157047573475
1157756710773
1158465581981
1159174150080
1159882570069
1160590642361
1161298681062
1162006615862
1162714530305
1163422429410
1164130299874
1164838029310
1165545508320
1166252921335
1166960084138
1167666942030
1168373529269
1169079852483
1169785977157
1170491953089
1171197830874
1171903624420
1172609306692
1173314601365
1174019737464
1174724812823
1175429550660
1176134020845
1176838380181
1177542617757
1178246810459
1178950475736
1179654023277
1180357462032
1181060865108
1181763989849
1182466975846
1183169833612
1183872663010
1184574642085
1185276502267
1185978328007
1186679937292
1187381298252
1188082561211
1188783632489
1189484433132
1190185185677
1190885566458
1191585422302
1192284982532
1192983938109
1193682206006
1194380369839
1195078506263
1195776322388
1196473993125
1197171366778
1197868736345
1198566007469
1199262898237
1199959420740
1200655658080
1201351738884
1202047395404
1202742925250
1203438353753
1204133711316
1204827956943
1205521629635
1206214968599
1206908159505
1207601087294
1208293292134
1208985454721
1209677411904
1210369330830
1211061136981
1211752909557
1212444649559
1213136344247
1213827539253
1214518597273
1215209247715
1215899823729
1216590229841
1217280614677
1217970913062
1218660909720
1219350815638
1220040708167
1220730521027
1221420194854
1222109631098
1222799035437
1223488132992
1224176903681
1224865650260
1225554380574
1226242903390
1226931352836
1227619588410
1228307598643
1228995487430
1229683315045
1230371135735
1231058558547
1231745960921
1232433210784
1233120376730
1233806824533
1234493022790
1235178671768
1235864304880
1236549716665
1237234893104
1237920028810
1238605096861
1239290013886
1239974864571
1240659697423
1241344360140
1242029018434
1242713596922
1243398147736
1244082506215
1244766027555
1245449547990
1246132919203
1246816079697
1247499198693
1248182246487
1248865218760
1249547844678
1250229792372
1250911654978
1251593454502
1252275228867
1252956973483
1253638708709
1254320053068
1255001328514
1255681656029
1256361683584
1257041626402
1257721415626
1258401025926
1259080606247
1259760169276
1260439657687
1261119016293
1261797900094
1262476768269
1263155415374
1263833782100
1264512137439
1265189936016
1265867389696
1266544638307
1267221883284
1267899034175
1268576023950
1269252911553
1269929318237
1270605537093
1271281392809
1271957240084
1272633029366
1273308230153
1273983370783
1274658353744
1275333278306
1276008197179
1276683107288
1277357846561
1278032454537
1278706725875
1279380713462
1280054056167
1280727206947
1281400287083
1282073099021
1282745717895
1283417912078
1284090058647
1284762184036
1285434289218
1286106387698
1286778424045
1287450269897
1288122068580
1288793851795
1289465522709
1290136878104
1290808197151
1291479104563
1292149871258
1292820313155
1293490511078
1294160264970
1294830006236
1295499694393
1296169178573
1296838515791
1297507715773
1298176532691
1298845217904
1299513509561
1300181631544
1300848898608
1301515816927
1302182349597
1302848031964
1303513535968
1304178761326
1304843754912
1305508639528
1306173462898
1306837936319
1307502114859
1308166259213
1308830146162
1309493556463
1310156911403
1310820220850
1311483313425
1312146380792
1312809441267
1313472083161
1314134347649
1314796528626
1315458682724
1316120612246
1316782430787
1317444110430
1318105617786
1318766262999
1319426905020
1320087527148
1320747900272
1321408262863
1322068495155
1322728146227
1323387676363
1324047193075
1324705844648
1325364441374
1326022858570
1326681144835
1327339254072
1327997091212
1328654732323
1329312196359
1329969478979
1330626442895
1331283400861
1331940210507
1332596986421
1333253619842
1333909955704
1334566270525
1335222375722
1335878255379
1336533667550
1337189035375
1337844394849
1338499587733
1339154522782
1339809268645
1340463734185
1341117372504
1341770490068
1342423464020
1343076341018
1343728928171
1344381388686
1345033550124
1345685286337
1346336993429
1346988670082
1347640245221
1348291710993
1348943161755
1349594229349
1350245241521
1350896235711
1351547130631
1352197882069
1352848583963
1353499130539
1354149406835
1354799553616
1355449156742
1356097859245
1356746417175
1357394882843
1358043220327
1358691374859
1359338809453
1359986236990
1360633504474
1361280700890
1361927617675
1362574130660
1363220348047
1363866523325
1364512344961
1365158129406
1365803631030
1366449079068
1367094399007
1367739615008
1368384708478
1369029733013
1369674264524
1370318045086
1370961160021
1371604268412
1372247370520
1372890382022
1373533350454
1374176139114
1374818914127
1375461662568
1376104348324
1376746809673
1377389210441
1378031580977
1378673819622
1379316049103
1379958221799
1380600369762
1381242484321
1381884455323
1382526418442
1383168145466
1383809738746
1384451180056
1385092531263
1385733724537
1386374788179
1387015546861
1387655067593
1388294346645
1388933488609
1389572421403
1390211291092
1390850103444
1391488815258
1392127492892
1392765831913
1393404023347
1394042185160
1394679940569
1395317625911
1395955151905
1396592659905
1397229954621
1397867116965
1398504254627
1399141095897
1399777535249
1400413787954
1401049934454
1401685830253
1402321616168
1402956925777
1403591883659
1404226793643
1404861601370
1405496402070
1406130756335
1406764775092
1407398774182
1408032625685
1408666475226
1409300148511
1409933758692
1410567292929
1411200615054
1411833816308
1412467016546
1413100147371
1413732975447
1414365776830
1414998497772
1415631058031
1416263604306
1416896108022
1417528297226
1418160303516
1418792005100
1419423682042
1420055155787
1420686510334
1421317393249
1421948112521
1422578828363
1423209485239
1423839869906
1424469981025
1425099922087
1425729483827
1426358002764
1426986017551
1427613842591
1428241562058
1428868821786
1429495694587
1430122468574
1430748949537
1431375327674
1432001335608
1432627305754
1433253092007
1433878491669
1434503614597
1435128236490
1435752512163
1436376441919
1437000318757
1437623683706
1438246106695
1438868393261
1439490220974
1440111776369
1440733282103
1441354726676
1441975754088
1442596671359
1443217543507
1443838365761
1444459116552
1445079608523
1445699860313
1446319485274
1446938989132
1447558489321
1448177762540
1448796537331
1449415064900
1450033438070
1450651592767
1451269708364
1451887652338
1452505268584
1453122523777
1453739676026
1454356555276
1454973293687
1455590013266
1456206590272
1456822901520
1457438983399
1458054677159
1458670040664
1459285325463
1459900463666
1460515319657
1461129896455
1461744404133
1462358810754
1462973203433
1463587592271
1464201634548
1464815616498
1465429469682
1466043238694
1466656469398
1467268811094
1467881034772
1468492831874
1469104427277
1469715945097
1470327397826
1470938724276
1471549884255
1472161036164
1472771957699
1473382703185
1473993429514
1474604002750
1475214295409
1475824212665
1476432865205
1477041458186
1477649416042
1478257302788
1478864931680
1479472019440
1480079059068
1480685737332
1481292157534
1481898166279
1482504173764
1483109451901
1483714620603
1484319386699
1484923949786
1485528425121
1486132797386
1486736729101
1487340473809
1487943735680
1488546858733
1489149692783
1489752470040
1490354728587
1490956594226
1491558306530
1492159922561
1492761468070
1493362724646
1493963728501
1494564571520
1495165191085
1495765306046
1496365058386
1496964654055
1497564151661
1498163549698
1498762806573
1499361949729
1499960928944
1500559733609
1501157911007
1501755425160
1502352218838
1502948924079
1503545621930
1504141487290
1504736950077
1505332183980
1505927369251
1506522492572
1507117541029
1507712221477
1508306852168
1508901299066
1509495666582
1510089695605
1510683617940
1511277214686
1511870766899
1512464039234
1513057272023
1513650500266
1514243269505
1514835084421
1515426738529
1516018388055
1516610031792
1517201631896
1517793012261
1518384349611
1518975541520
1519566250516
1520156820652
1520747204272
1521337349811
1521927188593
1522517018097
1523106707277
1523696336024
1524285208973
1524873625713
1525462037288
1526049815356
1526636978760
1527223730078
1527810153944
1528396390713
1528982138284
1529567827134
1530153417171
1530738961330
1531324353199
1531909547871
1532494668687
1533079399873
1533664010298
1534248551505
1534832344161
1535415929302
1535999377432
1536582178823
1537164932370
1537747602044
1538330030647
1538912288072
1539494355116
1540076413375
1540657806883
1541239020213
1541819979686
1542400509701
1542980511573
1543560224199
1544139534163
1544718644192
1545297568111
1545876431503
1546455232789
1547033911056
1547612549786
1548190828495
1548768910670
1549346972218
1549925001381
1550502744035
1551080372224
1551657682324
1552234748373
1552811772683
1553388524059
1553964666816
1554540282532
1555115748262
1555691042477
1556266109158
1556840775768
1557415277898
1557989742874
1558564206966
1559138454101
1559712683072
1560286893158
1560861006175
1561434876799
1562008532556
1562582152880
1563155470074
1563728729929
1564301909094
1564875061950
1565448055824
1566020978270
1566593553615
1567165820478
1567738073219
1568310317493
1568882148800
1569453974702
1570025740539
1570596791750
1571167547726
1571737752066
1572307417275
1572877047973
1573446331635
1574015532243
1574584634242
1575153653313
1575722626190
1576291299888
1576859973531
1577428400509
1577996748429
1578565071653
1579133312157
1579701518788
1580269708417
1580837198518
1581404023525
1581970727198
1582537299233
1583102532715
1583667720095
1584232768939
1584797229764
1585361544107
1585925468185
1586489301704
1587052955965
1587616527792
1588180032750
1588742980760
1589305887704
1589868783203
1590431515290
1590994010574
1591556350588
1592118669097
1592680885974
1593242993106
1593805001730
1594366934644
1594928447175
1595489935813
1596051208498
1596611864225
1597171190687
1597730423783
1598289641410
1598848630944
1599407611653
1599966466695
1600524802085
1601083112394
1601641394359
1602199670359
1602757751608
1603315741884
1603873423923
1604431087508
1604988639824
1605546093308
1606103330012
1606660542402
1607217734208
1607774923771
1608331427584
1608887814527
1609444017634
1609999569016
1610555085028
1611110008099
1611664777552
1612219374238
1612773966975
1613328490455
1613882604139
1614436565749
1614990481906
1615543612540
1616096418058
1616649098993
1617201428561
1617753518276
1618305524277
1618857309657
1619409080682
1619960402590
1620511564812
1621062665548
1621613342247
1622163644925
1622713663800
1623263377909
1623813029002
1624362543719
1624911950373
1625461355901
1626010575294
1626559367796
1627107823630
1627656248569
1628204313629
1628752056543
1629299688739
1629847286858
1630394819920
1630942213857
1631489469952
1632036415844
1632582870752
1633129276401
1633675475638
1634221255837
1634766728702
1635312182995
1635857588851
1636402617840
1636947209195
1637491726631
1638036051808
1638580026828
1639123715735
1639667320810
1640210611641
1640753793840
1641296829027
1641839685694
1642382194660
1642924593849
1643466980012
1644009088998
1644551025664
1645092747262
1645634362122
1646175736146
1646717040359
1647258293050
1647799498861
1648340550586
1648881166821
1649421765461
1649962018248
1650502021360
1651042022317
1651581707194
1652121376645
1652660600228
1653199766103
1653738767978
1654277666889
1654816367240
1655354817546
1655892900930
1656430432039
1656967857766
1657505009111
1658042008183
1658578861643
1659115496093
1659651924035
1660188253359
1660724537832
1661260661366
1661796558820
1662332186246
1662867788560
1663403322237
1663938671286
1664473692356
1665008645557
1665543086784
1666077347518
1666611570668
1667145650116
1667679556653
1668213384211
1668747061771
1669280574911
1669813880212
1670347142223
1670880340578
1671412971510
1671945590586
1672478147483
1673010653260
1673543157624
1674075107560
1674606930535
1675138236693
1675669342567
1676200204220
1676731001503
1677261711311
1677792405446
1678322753499
1678852982679
1679383111647
1679913121387
1680443021331
1680972197414
1681501330944
1682030105878
1682558308196
1683086409609
1683614505001
1684142076767
1684669502756
1685196469689
1685723208163
1686249694656
1686776098444
1687302194534
1687828086518
1688353562364
1688878674676
1689403769450
1689928712932
1690453345156
1690977761296
1691502154250
1692026194483
1692550082932
1693073968006
1693597618087
1694121212584
1694644068806
1695166684914
1695689250061
1696211689132
1696734017172
1697255785110
1697777141159
1698298360741
1698819207572
1699339753417
1699859993573
1700379413951
1700897897318
1701416165471
1701934383629
1702452527624
1702970439663
1703487885342
1704004821794
1704521754078
1705038356789
1705554934988
1706071485873
1706587887168
1707104220656
1707620482251
1708136531443
1708652424556
1709168256886
1709683219830
1710197791504
1710712266757
1711226732558
1711741055378
1712255236422
1712769366864
1713283361101
1713797098024
1714310685829
1714823810731
1715336729832
1715849564287
1716362194713
1716874558495
1717386643175
1717898686106
1718410648479
1718922437916
1719434092426
1719945686388
1720457058617
1720968382693
1721479594025
1721990613438
1722501544571
1723012468753
1723523212367
1724033442220
1724543665862
1725053806586
1725563786822
1726073644827
1726583178100
1727092540567
1727601772508
1728110702459
1728619450857
1729128045076
1729636490617
1730144926389
1730653322196
1731161615976
1731669600682
1732177046864
1732684403896
1733191312244
1733698203750
1734204953941
1734711680749
1735218297825
1735724177600
1736229873694
1736735482034
1737240917336
1737745934343
1738250695387
1738754502516
1739258215398
1739761875682
1740265455635
1740768985528
1741271897171
1741774364183
1742276639240
1742778822068
1743280979611
1743782863721
1744284659674
1744786337255
1745287965693
1745789240660
1746290307419
1746791075826
1747291543081
1747791528588
1748291381260
1748791189890
1749290909789
1749790581616
1750290069014
1750789472603
1751288669323
1751787763931
1752286755705
1752784556840
1753282111117
1753779614978
1754277056890
1754774450642
1755271673529
1755768292466
1756264753985
1756760747751
1757256673617
1757752334290
1758247625118
1758742693757
1759237291091
1759731699462
1760226013098
1760719994365
1761213628960
1761706815121
1762199582169
1762692281591
1763184788771
1763676894748
1764168850936
1764660751252
1765152459220
1765644079296
1766135532441
1766626782253
1767117515643
1767608034634
1768098544069
1768588695774
1769078810295
1769568701479
1770058587912
1770548232278
1771037515605
1771526723691
1772015862487
1772504961089
1772993992470
1773482869148
1773971227358
1774459301777
1774947352151
1775435228575
1775922940882
1776410479931
1776897680530
1777384799133
1777871570899
1778358190987
1778844690050
1779331172246
1779817536653
1780303621771
1780789373606
1781274999390
1781760492081
1782245856956
1782731106415
1783216110533
1783700847803
1784185474168
1784670094743
1785154291361
1785638395181
1786122075811
1786605322704
1787088182949
1787570995375
1788053797550
1788536471114
1789018965112
1789501451341
1789983898670
1790465559169
1790947133117
1791428580875
1791909893839
1792391183559
1792872466421
1793353207348
1793833802628
1794314397398
1794794788601
1795274731338
1795754174756
1796233162890
1796712114075
1797190976358
1797669701479
1798148376215
1798626924178
1799105295928
1799583607209
1800061803259
1800539901537
1801017923680
1801495731718
1801973337017
1802450880829
1802928166034
1803405416271
1803882648255
1804359741615
1804836819155
1805313851641
1805790570845
1806266532579
1806742301907
1807217875027
1807693130121
1808168377913
1808643557804
1809118374736
1809593182084
1810067959171
1810542602882
1811017136809
1811490571416
1811964002341
1812437269060
1812910304292
1813383326107
1813856331706
1814329195746
1814801741791
1815274273616
1815746479101
1816218608992
1816690324164
1817162017366
1817633642754
1818105207379
1818575787233
1819046102683
1819516247241
1819986177580
1820456019326
1820925188824
1821394264162
1821863169355
1822331778610
1822800323163
1823268740602
1823736769570
1824204684206
1824672451394
1825140080925
1825607702603
1826074869047
1826541991455
1827009079178
1827475922954
1827942625145
1828409191095
1828875471700
1829340776109
1829806079975
1830271301199
1830736392527
1831201400471
1831665898551
1832130239265
1832594521171
1833058796449
1833522587459
1833986170984
1834449642032
1834912975849
1835376117660
1835838938155
1836301545581
1836763001302
1837224333176
1837685576842
1838146502987
1838607208631
1839067787565
1839528033169
1839988006714
1840447759248
1840907503830
1841367196196
1841826497984
1842285595088
1842744670368
1843203716332
1843662761683
1844120892950
1844578873115
1845036805781
1845494421735
1845951919549
1846409367844
1846866345146
1847323239894
1847779870445
1848236487026
1848692934868
1849149210627
1849605362881
1850061471560
1850517410546
1850973300496
1851429157299
1851884775396
1852340313416
1852795696299
1853251056213
1853705926323
1854160626141
1854615271151
1855069866554
1855524379588
1855978756740
1856433085162
1856887349216
1857341257867
1857795145128
1858248931852
1858701951120
1859154898678
1859607708080
1860060503630
1860512861643
1860965188338
1861417281512
1861868734935
1862319909283
1862770923659
1863221832812
1863672606506
1864122887333
1864572988881
1865022895016
1865472356376
1865921641595
1866370734729
1866819779538
1867267996402
1867716187034
1868164074718
1868611950024
1869059781133
1869507388334
1869954993604
1870402262620
1870849464913
1871296596233
1871743077281
1872189521752
1872635677787
1873081814925
1873527939705
1873973746974
1874419526756
1874865261065
1875310948126
1875756028618
1876201086421
1876645814540
1877090438012
1877535061162
1877979569160
1878423909249
1878867430945
1879310877617
1879754041541
1880197075980
1880640106496
1881082884660
1881525176226
1881967297686
1882409221028
1882851121031
1883292930367
1883734525611
1884175869842
1884617176420
1885057794866
1885498395379
1885938581401
1886378763168
1886818143710
1887257282639
1887695917524
1888134231553
1888572177854
1889010037312
1889447758262
1889885034636
1890322003903
1890758633295
1891195048334
1891631097503
1892067108587
1892502751237
1892938179666
1893373489357
1893807571927
1894241345836
1894675074896
1895107989675
1895540794164
1895973391550
1896405415536
1896837281289
1897268894937
1897700209814
1898131353773
1898562428037
1898993425155
1899424196466
1899854237365
1900283464009
1900712571647
1901141419806
1901570229676
1901998990061
1902427530844
1902855579942
1903283526280
1903711427372
1904139225725
1904566971486
1904994667165
1905422264654
1905849773776
1906276501012
1906702733070
1907128845798
1907554879017
1907980891318
1908406889079
1908832848760
1909258628569
1909683791076
1910108907179
1910533319517
1910957472519
1911381586516
1911805380756
1912228930600
1912652354638
1913075429172
1913498276380
1913921092958
1914343851959
1914766590237
1915189314967
1915611896941
1916034465470
1916456985103
1916879490986
1917301172060
1917722512568
1918143297288
1918564000387
1918984473782
1919404587089
1919824580330
1920244210252
1920663715915
1921083218740
1921502009154
1921920786599
1922339526990
1922758255634
1923176880842
1923595344780
1924013778866
1924431902045
1924849894551
1925267027873
1925684137948
1926100979270
1926517492592
1926933762854
1927349750744
1927765649458
1928181313095
1928596902463
1929011624809
1929426054729
1929840466138
1930254797371
1930669058599
1931083109663
1931497026656
1931910844045
1932324634267
1932737914281
1933150975745
1933563872480
1933976561982
1934389192010
1934801613402
1935213864071
1935626059492
1936038229868
1936450237383
1936862181838
1937273790285
1937685334533
1938096435841
1938507472040
1938918330757
1939329090322
1939739847599
1940150531017
1940560903803
1940970198849
1941379431913
1941788579671
1942197606676
1942606630294
1943015526786
1943423641166
1943831560564
1944239345955
1944646777523
1945054205155
1945461572911
1945868883085
1946276062578
1946683003358
1947089513294
1947495381700
1947901187623
1948306967972
1948712534230
1949117897645
1949523254400
1949928592518
1950333152320
1950737614060
1951141585864
1951545405524
1951948972292
1952351904077
1952754740908
1953157475588
1953560053264
1953962532154
1954365010949
1954767210833
1955169296415
1955571368795
1955973397694
1956375418164
1956776864009
1957178150036
1957579198014
1957979948678
1958380478187
1958780776914
1959181055598
1959581257967
1959981455357
1960381501568
1960781205395
1961180902693
1961580507728
1961979970729
1962379427361
1962778519319
1963177466587
1963576269580
1963975001925
1964373675538
1964772265149
1965170676490
1965568957908
1965967199158
1966365219545
1966762955868
1967160502449
1967558037998
1967955451688
1968352431689
1968749368885
1969146017967
1969542603067
1969939154548
1970335639200
1970731901010
1971128142317
1971524187287
1971920219889
1972316193860
1972711348643
1973106489067
1973501456966
1973896291228
1974291088784
1974685858493
1975080562183
1975475061664
1975869366752
1976263662431
1976657764797
1977051483134
1977445134251
1977838621286
1978231560640
1978624476175
1979017302736
1979410060297
1979802743861
1980195388622
1980587752503
1980979771129
1981371717201
1981763617425
1982155245535
1982546685250
1982937742611
1983328510409
1983718861299
1984108976594
1984499026505
1984889008264
1985278918142
1985667880766
1986056554530
1986445140136
1986833471536
1987221754711
1987609775565
1987997260776
1988384614277
1988771652151
1989158487093
1989545173817
1989931567197
1990317705417
1990703793597
1991089603986
1991474993140
1991859953598
1992244717645
1992629201263
1993013259496
1993396512053
1993779495344
1994162323698
1994545036825
1994927511570
1995309845776
1995691517659
1996072960635
1996453825090
1996834455411
1997215009564
1997595229077
1997975434830
1998355158244
1998734289983
1999113416844
1999492299436
1999870348190
2000248286348
2000626218099
2001003961392
2001381542975
2001758385970
2002135019335
2002511492500
2002887463672
2003263426870
2003639244311
2004014907356
2004389557078
2004764155430
2005138601305
2005512956321
2005887177413
2006261204100
2006635111275
2007009007815
2007382311663
2007755264234
2008128172003
2008500787414
2008873288400
2009245583355
2009617769043
2009989931060
2010361369443
2010732688686
2011103910287
2011474124120
2011844142943
2012213982883
2012583648131
2012953295745
2013322739153
2013692172704
2014061541398
2014430393526
2014798856555
2015167212931
2015535165677
2015902983512
2016270577047
2016638067645
2017005349256
2017372577873
2017739503930
2018106324871
2018472963332
2018839590497
2019206074215
2019572204990
2019938075150
2020303716151
2020669218488
2021034571781
2021399692547
2021764570058
2022128895776
2022493100793
2022857227659
2023221226131
2023585079470
2023948755526
2024312315982
2024675834895
2025039317196
2025402222074
2025764986691
2026127642037
2026490132972
2026852606507
2027215000073
2027577108966
2027938806182
2028300408746
2028661566081
2029022675666
2029383535229
2029744199730
2030104763874
2030465269680
2030825701362
2031186048015
2031546321002
2031906589783
2032266458893
2032625990536
2032985382466
2033344569458
2033703722864
2034062571361
2034421037749
2034778902712
2035136641025
2035493711752
2035849889182
2036205763574
2036561616369
2036917336211
2037272813799
2037627595417
2037982366522
2038337014662
2038691581811
2039046109922
2039400621187
2039755128322
2040109276438
2040463313515
2040817258664
2041170716403
2041524137098
2041877529846
2042230027781
2042582109194
2042933978898
2043285818655
2043637428930
2043988871921
2044340183422
2044691307879
2045042318314
2045393293430
2045744121727
2046094867802
2046445436521
2046795689260
2047145800637
2047495449078
2047845050568
2048194636764
2048543299378
2048891560102
2049239763659
2049587440245
2049935036141
2050282039691
2050629030443
2050975890242
2051322577135
2051668384778
2052013882002
2052359313661
2052704298982
2053049156256
2053393877480
2053738282832
2054082682355
2054427060024
2054771231577
2055114857595
2055458079938
2055801289043
2056144441984
2056487584187
2056830057030
2057172333003
2057514560656
2057856272186
2058197962381
2058539310786
2058880571219
2059221145940
2059561397707
2059901473627
2060241539006
2060581237084
2060920614972
2061259848201
2061597912623
2061935936513
2062273703653
2062611418281
2062948657365
2063285469633
2063621718363
2063957949520
2064294126108
2064630114520
2064965292318
2065300453073
2065635316680
2065970091915
2066304185396
2066638048400
2066971898743
2067305420899
2067637753748
2067970032661
2068302073580
2068633968606
2068965204072
2069295783819
2069626083083
2069956235057
2070286208842
2070616006891
2070945795098
2071275563642
2071604784147
2071933783692
2072262066387
2072590300266
2072917892278
2073245273173
2073572461846
2073899476013
2074226453591
2074553410175
2074880071438
2075206701959
2075533202936
2075859458652
2076185695871
2076510847339
2076835310044
2077159606053
2077483621771
2077807628038
2078131272970
2078454519808
2078777577907
2079100340583
2079422894525
2079745384521
2080067695146
2080389916105
2080711726788
2081033481807
2081355048038
2081675740174
2081996374353
2082316954679
2082637374539
2082957417896
2083277271957
2083597096603
2083916623091
2084236021883
2084555273332
2084874430735
2085193142860
2085511488594
2085829542417
2086147517345
2086465381186
2086783022187
2087099990096
2087416786175
2087733332344
2088049706062
2088365442137
2088680896229
2088995942144
2089310970954
2089625948871
2089940644595
2090254705520
2090568724787
2090882668822
2091196499197
2091510095968
2091823666937
2092137075701
2092450382521
2092763299908
2093076049349
2093388475277
2093700756406
2094012914995
2094324984139
2094636206491
2094946913875
2095257601841
2095568278099
2095878405732
2096188359986
2096498296138
2096808220811
2097117989947
2097427715363
2097737414706
2098046596148
2098355622133
2098664428719
2098972875282
2099281269368
2099589622833
2099897903447
2100205754479
2100513181576
2100820456375
2101127701108
2101434915170
2101742011759
2102049063360
2102355566408
2102661964990
2102967997110
2103273876307
2103579537914
2103885162495
2104190756382
2104495565841
2104800343032
2105104860923
2105409225894
2105713528458
2106017589236
2106321648901
2106625694428
2106929534150
2107233080330
2107536307500
2107839398050
2108142278244
2108445138256
2108747659702
2109049996546
2109352044802
2109654020917
2109955900004
2110257454802
2110558741046
2110859637769
2111160508849
2111460055638
2111759522696
2112058845890
2112358107068
2112657116479
2112955625619
2113253809678
2113551859976
2113849845872
2114147807883
2114445365257
2114742875864
2115040318755
2115337550508
2115634722818
2115931793872
2116228854835
2116525913621
2116822772896
2117119535817
2117415843173
2117711853740
2118007826685
2118303732174
2118599433101
2118894888192
2119190304829
2119485716289
2119780960675
2120075341106
2120369230244
2120663096086
2120956597966
2121249816834
2121542893050
2121835943804
2122128972567
2122421980632
2122714911531
2123007308989
2123299640610
2123591358607
2123882900571
2124174375640
2124465764118
2124757144408
2125048400525
2125339459892
2125629987151
2125920269653
2126210515222
2126500745722
2126790931135
2127081025994
2127370930277
2127660761857
2127950443168
2128240049995
2128529590323
2128819049060
2129108271114
2129397469584
2129686271718
2129974837082
2130262833245
2130550381300
2130837911169
2131124815765
2131411640838
2131698242663
2131984592140
2132270826904
2132556918639
2132842969714
2133128671098
2133414127224
2133699557264
2133984578878
2134269494975
2134554405732
2134839067968
2135123493484
2135407577614
2135691275687
2135974915380
2136258356901
2136541657650
2136824823735
2137107966219
2137391012779
2137673953322
2137956673894
2138239243011
2138521752036
2138804118422
2139085705680
2139367256201
2139648501372
2139929331426
2140210077837
2140490061273
2140769999666
2141049776145
2141329485580
2141609172293
2141888473224
2142167741445
2142446986876
2142726144000
2143004986883
2143283742976
2143562314914
2143840853808
2144119390364
2144397920710
2144676375028
2144954804184
2145233176504
2145511501959
2145789794046
2146067957951
2146345890175
2146623610910
2146901202589
2147178747496
2147456240082
2147733600537
2148010843357
2148288044676
2148565189123
2148842216976
2149119044072
2149395731836
2149672378637
2149948928545
2150225339837
2150501677214
2150777916303
2151054101654
2151330165350
2151606228276
2151882138289
2152157947865
2152433700458
2152709188579
2152984432144
2153259654290
2153534600346
2153809434718
2154084041902
2154358640353
2154633205353
2154907709578
2155182093461
2155456277008
2155730359918
2156004341123
2156277814296
2156551249556
2156824638726
2157097970294
2157370837619
2157643580135
2157916095075
2158188605335
2158460952918
2158733233140
2159005429852
2159277425834
2159549418135
2159821033606
2160092553183
2160364038171
2160635434896
2160906652099
2161177553758
2161448072011
2161718554057
2161988854406
2162258886508
2162528738610
2162798572045
2163068351400
2163338049971
2163607674961
2163877032842
2164146379002
2164415393468
2164684261094
2164953035916
2165221786460
2165490447713
2165758933050
2166027366212
2166295768546
2166563658505
2166831542038
2167099031263
2167366518670
2167634002632
2167901378339
2168168753548
2168435838322
2168702724710
2168969510507
2169236141392
2169502531473
2169768280666
2170033847081
2170299319374
2170564549097
2170829727903
2171094807997
2171359693508
2171624545565
2171889366153
2172153864909
2172418145493
2172682357605
2172946361902
2173210266306
2173474137649
2173737779980
2174001412413
2174264762605
2174527893679
2174790543877
2175052437697
2175313678633
2175574773618
2175835829467
2176096704152
2176357104051
2176617455876
2176877767738
2177137944792
2177397969577
2177657881409
2177917415832
2178176875334
2178435864407
2178694748804
2178953598318
2179212399626
2179471082779
2179729657955
2179988160143
2180246607703
2180504961051
2180763251112
2181021490867
2181279494212
2181537456874
2181795412904
2182053078385
2182310715683
2182568275647
2182825700697
2183082902820
2183340093007
2183597244060
2183853670222
2184109484963
2184365286687
2184621083513
2184876820037
2185132315844
2185387803934
2185643227383
2185898430887
2186153614169
2186408720070
2186663776624
2186918484224
2187173030306
2187427196430
2187681339383
2187935327726
2188189253248
2188443127311
2188696838863
2188950364629
2189203414759
2189456276086
2189708847534
2189960830988
2190212702866
2190464559906
2190716325600
2190967720226
2191219096205
2191470296199
2191721314579
2191971790853
2192222211765
2192472066016
2192721906211
2192971734548
2193221386786
2193471035976
2193720562822
2193970089433
2194219475163
2194468787260
2194717891753
2194966864789
2195215687820
2195464429803
2195712937698
2195961210167
2196209409918
2196457586523
2196705734820
2196953805361
2197201741870
2197449630044
2197697262634
2197944879719
2198192343152
2198439564734
2198686604591
2198933614504
2199180499681
2199427114311
2199673600282
2199920073178
2200166466015
2200412695726
2200658871679
2200904919805
2201150914738
2201396794810
2201642633597
2201888351700
2202133707281
2202378957036
2202624114079
2202869204854
2203113409890
2203357479530
2203601371310
2203844934423
2204088311898
2204331416634
2204574438077
2204817176519
2205059553646
2205301851430
2205543668253
2205785125580
2206026518557
2206267294946
2206507899343
2206748436460
2206988916414
2207229320985
2207469423118
2207709485226
2207949213819
2208188740043
2208428090199
2208667088106
2208905956255
2209144477540
2209382768146
2209621001773
2209859066094
2210096636513
2210334006595
2210571230815
2210808214789
2211044989250
2211281381682
2211517637359
2211753816495
2211988714403
2212223388410
2212458007086
2212692576653
2212927109568
2213161289741
2213395235191
2213629092409
2213862880967
2214096327430
2214329367475
2214562328820
2214795191576
2215027575312
2215259856761
2215492091048
2215724263749
2215956143173
2216187996390
2216419660601
2216651291622
2216882659286
2217112593255
2217342220983
2217571805009
2217801170051
2218030043861
2218258758842
2218487328622
2218715776993
2218944194494
2219172447072
2219400316710
2219628070437
2219855804896
2220083512771
2220311039437
2220538525268
2220765786970
2220992945084
2221219893082
2221446674845
2221673355185
2221899523060
2222125685807
2222351751647
2222577603410
2222803448649
2223029025416
2223254014422
2223478757012
2223703314586
2223927802235
2224152180072
2224376263537
2224599966242
2224823602272
2225047168462
2225270642812
2225493831551
2225716852254
2225939759024
2226162614020
2226384890880
2226607127397
2226828815605
2227050296124
2227271730774
2227493104037
2227714206990
2227935070173
2228155850199
2228376444657
2228596788574
2228817107056
2229037085635
2229256997242
2229476715919
2229696431853
2229916099911
2230135722641
2230355322083
2230574889280
2230793852952
2231012592161
2231230971607
2231449290506
2231667585711
2231885769143
2232103721227
2232321532039
2232539070227
2232755984502
2232972871568
2233189756951
2233406492001
2233623191989
2233839730064
2234056145752
2234272529068
2234488797536
2234704787087
2234920109258
2235134924127
2235349565616
2235564171303
2235778717125
2235992952909
2236207107809
2236421024967
2236634909188
2236848786631
2237062587642
2237276345787
2237490016750
2237703381229
2237916702696
2238129952518
2238343193051
2238556344479
2238769482952
2238982335966
2239195046731
2239407717028
2239620385860
2239833033638
2240045584069
2240258106333
2240470368748
2240682272325
2240893905546
2241105333053
2241316584999
2241527766758
2241738912172
2241949814703
2242160678187
2242371537521
2242582356754
2242793153518
2243003857321
2243214499093
2243425005397
2243635294077
2243845517718
2244055619266
2244265569253
2244475368663
2244684841968
2244893511705
2245102002989
2245310412005
2245518750268
2245726595303
2245934274205
2246141817021
2246349306876
2246556436393
2246763345887
2246969787603
2247175814796
2247381825854
2247587753351
2247793354196
2247998843101
2248204270497
2248409633425
2248614939228
2248820176145
2249025391944
2249230428602
2249435461325
2249640219998
2249844761427
2250048780824
2250252349926
2250455739359
2250658999648
2250862207168
2251065153097
2251267815569
2251470409493
2251672926366
2251874911026
2252076864011
2252278736057
2252480485507
2252682180446
2252883715472
2253085008821
2253286190505
2253487345431
2253688350376
2253889256989
2254089909417
2254290533354
2254490809709
2254691060528
2254891303317
2255091418620
2255290714915
2255489969941
2255689047151
2255888006214
2256086858360
2256284805909
2256482604881
2256680169416
2256877497163
2257074800943
2257272095822
2257469354494
2257666420655
2257863444330
2258060373618
2258256848711
2258453145708
2258649267157
2258845381481
2259041472885
2259237308864
2259432937617
2259628444495
2259823860603
2260019115334
2260214327598
2260409082486
2260603799093
2260798378946
2260992879942
2261187318203
2261381740455
2261576065883
2261770373221
2261964642491
2262158871157
2262352476849
2262545737366
2262738890580
2262931806145
2263124646558
2263317435641
2263510217218
2263702842476
2263895107777
2264087300835
2264279493453
2264471381298
2264663198025
2264854805437
2265046310488
2265237684018
2265428980829
2265620232697
2265811431324
2266002213848
2266192926950
2266383400995
2266573854633
2266764287512
2266954632061
2267144801313
2267334955807
2267525034309
2267714941227
2267904831720
2268094536765
2268284148677
2268472784972
2268661411984
2268850037184
2269038441128
2269226693219
2269414343702
2269601975872
2269789475473
2269976507074
2270163453070
2270350259442
2270536661816
2270723049127
2270909216461
2271095269686
2271281303540
2271467229163
2271652718355
2271838121598
2272023474500
2272208731499
2272393843461
2272578823789
2272763776001
2272948644487
2273133468377
2273317811336
2273502053425
2273686290754
2273870314645
2274054233935
2274237975845
2274421562850
2274604781537
2274787912819
2274970938240
2275153946260
2275336856439
2275519700069
2275702457378
2275885166422
2276067765102
2276250358806
2276432777932
2276615055319
2276797289808
2276979254829
2277161178770
2277342994612
2277524592442
2277705784261
2277886821933
2278067717659
2278248201980
2278428437632
2278608516224
2278788131560
2278967555961
2279146676766
2279325191925
2279503678320
2279682031185
2279860363571
2280038305567
2280215712101
2280392936176
2280570102738
2280747245810
2280924273790
2281100804398
2281277067829
2281453151531
2281628806736
2281804432597
2281979960138
2282155135965
2282329990189
2282504463762
2282678732470
2282852845070
2283026791514
2283200577960
2283374284329
2283547764071
2283721178089
2283894468798
2284067659883
2284240763507
2284413799003
2284586793284
2284759720848
2284932569816
2285105178598
2285277623175
2285449908662
2285622140483
2285793937197
2285965685509
2286137195627
2286308661691
2286480059157
2286651441589
2286822043345
2286992504547
2287162839867
2287332976685
2287502918907
2287672615890
2287842307512
2288011978306
2288181443556
2288350840057
2288520153220
2288689466204
2288858662949
2289027432919
2289196132308
2289364784928
2289533189640
2289701391359
2289869506006
2290037595566
2290205631003
2290373575408
2290541371849
2290708961387
2290876484774
2291043896320
2291211205371
2291378487446
2291545641013
2291712777922
2291879876792
2292046715688
2292213064356
2292379266017
2292545433708
2292711597228
2292876794253
2293041854433
2293206785947
2293371610192
2293536304490
2293700994793
2293865462575
2294029712954
2294193670015
2294357021284
2294520188457
2294683331513
2294846296687
2295009259620
2295172190597
2295335019598
2295497611517
2295659978712
2295822156807
2295984125257
2296145915229
2296307626719
2296468589233
2296629321573
2296789631838
2296949811153
2297109958039
2297270088965
2297430213083
2297590156213
2297749954709
2297909631484
2298068805319
2298227830805
2298386854007
2298545847070
2298704549501
2298863111335
2299021474127
2299179692984
2299337754984
2299495694168
2299653447203
2299811002239
2299968369887
2300125294267
2300282009516
2300438493830
2300594943414
2300751181399
2300907286433
2301063127207
2301218909968
2301374653818
2301530347598
2301685883259
2301841317144
2301996366433
2302151179398
2302305926122
2302460548219
2302615049380
2302769541233
2302923446098
2303077124872
2303230596974
2303384036760
2303537337353
2303690414706
2303843229296
2303995999590
2304148477836
2304300639535
2304452267103
2304603782448
2304754893992
2304905962967
2305056988812
2305207787452
2305358488616
2305508880186
2305658708632
2305808463577
2305957838496
2306106731048
2306255570148
2306404296643
2306552890014
2306700873286
2306848463583
2306995992217
2307143467748
2307290798383
2307438043980
2307585225183
2307732271397
2307879231849
2308026165667
2308172549563
2308318876093
2308465083954
2308611127059
2308756759120
2308902375332
2309047796468
2309193017692
2309338197118
2309483374291
2309627775521
2309772053878
2309916099879
2310060109995
2310204116219
2310348114286
2310491395571
2310634644795
2310777683355
2310920658106
2311063456664
2311206191429
2311348728042
2311491189404
2311633583798
2311775884400
2311918151040
2312060351120
2312202396280
2312344093079
2312485520030
2312626910829
2312768206972
2312909325111
2313050418739
2313191284385
2313332035902
2313472712387
2313613246573
2313753183373
2313892975863
2314032483999
2314171908871
2314311128537
2314450303804
2314589291276
2314728119181
2314866316672
2315004397981
2315142479083
2315280510102
2315418234497
2315555744707
2315693118107
2315830307098
2315967216496
2316103908961
2316240534883
2316377079684
2316513534962
2316649805635
2316785969308
2316921973495
2317057784572
2317192662529
2317327522972
2317462274211
2317596987833
2317731308956
2317865036108
2317998618151
2318131872791
2318265111352
2318398321872
2318531394370
2318664410911
2318797196077
2318929535451
2319061522585
2319192708615
2319323871781
2319454909423
2319585845000
2319716744730
2319847335063
2319977550729
2320107458315
2320237235284
2320366809518
2320496159127
2320625434043
2320754680168
2320883860081
2321012957057
2321141654411
2321269888831
2321398083776
2321526076700
2321652825081
2321779540470
2321906222648
2322032882774
2322159473998
2322286000864
2322412144865
2322538193044
2322664187773
2322790123496
2322915956587
2323041698463
2323167211592
2323292143150
2323417006299
2323541757166
2323666382122
2323790955397
2323915314881
2324039409856
2324163478487
2324287492187
2324411425792
2324535270684
2324658842438
2324782391544
2324905721529
2325028941520
2325151798929
2325274573342
2325397114798
2325519620154
2325641943597
2325764259538
2325886541229
2326008522187
2326130485757
2326252406044
2326374111868
2326495621965
2326616877936
2326737666990
2326858403957
2326979018336
2327098799819
2327218579120
2327338265982
2327457943499
2327577428184
2327696787523
2327815914125
2327935004159
2328053939006
2328172777254
2328291531808
2328410266183
2328528426771
2328646576821
2328764555107
2328882456268
2329000212201
2329117938507
2329235531919
2329352893395
2329469926836
2329586940226
2329703840522
2329820698951
2329937492970
2330054055457
2330170334122
2330286459962
2330402327303
2330518188331
2330634038240
2330749806417
2330865317073
2330980823427
2331095970858
2331210943406
2331325839136
2331440025862
2331554052451
2331667806478
2331780963980
2331894107018
2332007122463
2332120107526
2332233087689
2332345951700
2332458489952
2332571012697
2332682660415
2332794290499
2332905688491
2333016909752
2333128059422
2333238885615
2333349468702
2333460050498
2333570458182
2333680833261
2333790993474
2333901019420
2334011045271
2334120927410
2334230628040
2334340292997
2334449827488
2334559330330
2334668447244
2334777394744
2334886321384
2334994892020
2335103402281
2335211912295
2335320411687
2335428787965
2335537082840
2335645321459
2335753425373
2335861426489
2335969154986
2336076849688
2336184218688
2336291411067
2336398497302
2336505424276
2336612308424
2336719056254
2336825698691
2336932125345
2337038481899
2337144395368
2337250299555
2337356086469
2337461843503
2337567599174
2337673161573
2337778329565
2337883360806
2337988320785
2338093109698
2338197833629
2338302308554
2338406720976
2338511098159
2338615329462
2338719533945
2338823085897
2338926249837
2339029381772
2339132451843
2339235494321
2339338306177
2339440707552
2339543104050
2339645491807
2339747202558
2339848778475
2339950249899
2340051530270
2340152503726
2340253295010
2340353965936
2340454578261
2340554954792
2340655311697
2340755412652
2340855504356
2340955418386
2341055217124
2341154950214
2341254659242
2341354093544
2341453382915
2341552618449
2341651843987
2341750523317
2341848836508
2341946859147
2342044777923
2342142643512
2342240466078
2342338231033
2342435978349
2342533551875
2342630990010
2342728379198
2342825703253
2342922735310
2343019723313
2343116458277
2343213041439
2343309414121
2343405657363
2343501795351
2343597884785
2343693973867
2343790014582
2343886038496
2343981977550
2344077748398
2344173513154
2344269053762
2344364575097
2344460038206
2344555427990
2344650764648
2344746053630
2344841029180
2344935884064
2345030718276
2345125500258
2345220150861
2345314789184
2345409046646
2345502775070
2345596422648
2345690064907
2345783606906
2345877074062
2345970246950
2346063380583
2346156450703
2346249426782
2346342233504
2346434910769
2346527582765
2346620166775
2346712719175
2346805181101
2346897538847
2346989708899
2347081774612
2347173563161
2347265315036
2347357021255
2347448158216
2347539086705
2347629888585
2347720654701
2347811191861
2347901555373
2347991676814
2348081694570
2348171633693
2348261557843
2348351464289
2348441328427
2348531157907
2348620804463
2348710375387
2348799736313
2348888963265
2348978015005
2349066515275
2349154980579
2349243262369
2349331470310
2349419531109
2349506879546
2349594161857
2349681377809
2349768072719
2349854747448
2349941332368
2350027888993
2350114424525
2350200959968
2350287076433
2350372719553
2350457918966
2350542999488
2350628036886
2350713001675
2350797932154
2350882832035
2350967586297
2351052339280
2351137082836
2351221674805
2351306112424
2351389896440
2351473551157
2351557188920
2351640793880
2351724383452
2351807944006
2351891358252
2351974686167
2352057845793
2352140795551
2352223718345
2352306528855
2352388984485
2352471271096
2352553431722
2352635251968
2352717021920
2352798653571
2352880163139
2352961651917
2353043008637
2353124213318
2353205355471
2353286285519
2353367130618
2353447754399
2353528345030
2353608620665
2353688855748
2353768986248
2353849111135
2353929001728
2354008549530
2354087978683
2354167383758
2354246714138
2354325767044
2354404758018
2354483624772
2354562371188
2354641062975
2354719584317
2354797797266
2354875903179
2354953940946
2355031382218
2355108685947
2355185900173
2355263074620
2355339930576
2355416687391
2355493353351
2355569832634
2355646080449
2355721639991
2355797126847
2355872587664
2355947898785
2356023179334
2356098359233
2356173391427
2356248319137
2356322950455
2356397366419
2356471490954
2356545033412
2356618408388
2356691738717
2356764983369
2356837811779
2356910625776
2356983267453
2357055850607
2357128368166
2357200869774
2357273320016
2357345498502
2357417519212
2357489432643
2357561037208
2357632396703
2357703742646
2357774768422
2357845759367
2357916573750
2357987270577
2358057768282
2358128129047
2358198104769
2358268040392
2358337867167
2358407568434
2358477217894
2358546767181
2358616200087
2358685274971
2358754154038
2358822873873
2358891198262
2358959164779
2359027093239
2359094997297
2359162731173
2359230212543
2359297601265
2359364731941
2359431856244
2359498757610
2359565551635
2359632318449
2359698889353
2359765447560
2359831673364
2359897874011
2359964072188
2360030228959
2360096345431
2360162426524
2360228494598
2360294480427
2360360185148
2360425815877
2360491428163
2360556976544
2360622465091
2360687848723
2360753055759
2360818249306
2360882846024
2360947136624
2361011332198
2361075191857
2361138824292
2361202397777
2361265897525
2361328930168
2361391827198
2361454211651
2361516326333
2361578386194
2361640416504
2361701808525
2361763091012
2361824281818
2361885402289
2361946400467
2362007283498
2362068038363
2362128622572
2362189108350
2362249453026
2362309673697
2362369806057
2362429856213
2362489700447
2362549356786
2362608958393
2362668075816
2362727009525
2362785238942
2362843388524
2362901440539
2362959243075
2363016999655
2363074598474
2363132040139
2363189435337
2363246779907
2363303914288
2363360881173
2363417551123
2363474209171
2363530252057
2363585879612
2363641424111
2363696691392
2363751788715
2363806570276
2363861328274
2363915749836
2363970030809
2364024192524
2364078129572
2364131953353
2364185683499
2364239383975
2364292408330
2364345106022
2364397540682
2364449903659
2364502086800
2364554256685
2364605857276
2364657345297
2364708786595
2364759978509
2364811149086
2364862259903
2364913235117
2364963918878
2365014437873
2365064659449
2365114856562
2365164906850
2365214930834
2365264629087
2365314276967
2365363873643
2365413383511
2365462690137
2365511885203
2365560952216
2365609842935
2365658520406
2365707131754
2365755710626
2365804188388
2365852514121
2365900725775
2365948862307
2365996783282
2366044448477
2366092079729
2366139684038
2366187260023
2366234677109
2366281944825
2366329054090
2366375886792
2366422649380
2366469363569
2366515908712
2366562351914
2366608583638
2366654726171
2366700451991
2366746162441
2366791720337
2366836988131
2366881981636
2366926960752
2366971871549
2367016459055
2367060808464
2367104922869
2367149012504
2367192908152
2367236599696
2367279586150
2367322508138
2367365305376
2367407502715
2367449461152
2367491408435
2367533177578
2367574915151
2367616558415
2367657974493
2367698671801
2367739260758
2367779759809
2367820237053
2367860706478
2367900812145
2367940134239
2367979415832
2368018322662
2368057066333
2368095771918
2368134463992
2368172505228
2368210306386
2368248102980
2368285788848
2368323467236
2368360827281
2368397911136
2368434868455
2368471635937
2368508400470
2368545134635
2368581795696
2368618366954
2368654647512
2368690925935
2368726744217
2368762560379
2368798199767
2368833655749
2368869010693
2368904245213
2368939161220
2368974024960
2369008732836
2369043431779
2369078027867
2369112587685
2369147130531
2369181599721
2369215937591
2369250082892
2369284200991
2369317904942
2369351061798
2369384149088
2369417074125
2369449768272
2369482309403
2369514087987
2369545441925
2369576732835
2369607985371
2369638583298
2369669081063
2369699509380
2369729746536
2369759819507
2369789723229
2369819549764
2369849372550
2369879158505
2369908487768
2369937757265
2369966936095
2369996097934
2370024935103
2370053594556
2370081907062
2370109968705
2370137875592
2370165608070
2370193126214
2370220434684
2370247737418
2370274742849
2370301445924
2370328125378
2370354716507
2370381218998
2370407680000
2370434089469
2370460129998
2370486068677
2370511765052
2370537162720
2370562356553
2370587386281
2370612413752
2370637267277
2370661981895
2370686431027
2370710720166
2370735007238
2370759248225
2370783425473
2370807567365
2370831460960
2370855075386
2370878660681
2370902045683
2370925287812
2370948352766
2370971285443
2370994209832
2371017074330
2371039899713
2371062636490
2371084897380
2371106775313
2371128224185
2371149620503
2371170620250
2371191566406
2371212227107
2371232795722
2371253357085
2371273580071
2371293598044
2371313535913
2371333435469
2371353268494
2371373060833
2371392851240
2371412437284
2371431923638
2371451367369
2371470618438
2371489748601
2371508861361
2371527557317
2371546158899
2371564747673
2371583321207
2371601865888
2371620309592
2371638631445
2371656481437
2371674276556
2371691792935
2371709305731
2371726698908
2371743982197
2371761011386
2371778027009
2371794909891
2371811786883
2371828538554
2371845140359
2371861303451
2371877437941
2371893499698
2371909452687
2371925393524
2371941331559
2371957024572
2371972621862
2371987874677
2372002957274
2372017527084
2372031650262
2372045755907
2372059849057
2372073895960
2372087617726
2372100928806
2372113981715
2372126772207
2372139437112
2372152066875
2372164636239
2372177199956
2372189533492
2372201725869
2372213887551
2372225898341
2372237902215
2372249886768
2372261821664
2372273754654
2372285648986
2372297516470
2372309350866
2372320951978
2372332367057
2372343706383
2372355015449
2372366314316
2372377491406
2372388631947
2372399490224
2372410335051
2372421016409
2372431248595
2372441439532
2372451504758
2372461507956
2372471451650
2372481352425
2372491035974
2372500543021
2372510029565
2372519343426
2372528602591
2372537563579
2372546521594
2372555430492
2372564191700
2372572827407
2372581448863
2372590005689
2372598546039
2372606532097
2372614456617
2372622251070
2372629943824
2372637588904
2372645200665
2372652390006
2372659578011
2372666765039
2372673795717
2372680652104
2372687439055
2372694196281
2372700402600
2372706392692
2372712089803
2372717765673
2372723030246
2372728042897
2372733005494
2372737961856
2372742794732
2372747144540
2372751367933
2372755389394
2372759317851
2372763215558
2372767011116
2372770605447
2372774115825
2372777583883
2372780827257
2372784022954
2372786510810
2372788843202
2372790601608
2372792332100
2372793743546
2372794766712
2372795559832
2372796098825
2372796526344
2372796611145
2372796636010
