5000 6
1 362904878
1 8761208
2 696080804
2 523885074
3 516602711
3 982979361
4 258353348
4 214814869
5 264498756
5 986249814
6 572993874
6 412250669
3 906325707
5 562732087
5 12161682
4 455618097
3 371221601
3 545405856
1 838556076
6 772088579
5 533677560
6 584610425
5 217810812
5 670197923
4 941474936
1 508395807
6 959066476
3 427695679
3 575066681
4 625786253
2 216415688
2 955481800
5 121705824
5 616311248
5 322489996
6 566825007
5 182910179
6 255056554
3 578863392
2 363998472
4 763351000
5 285021614
4 134713622
4 928088601
4 372952571
3 925349109
2 83414246
3 542508966
1 44910797
2 516333488
6 672146569
6 84437619
5 16061757
5 35818282
4 124750867
4 964419620
5 878873484
2 457980165
6 295905489
6 51600591
2 547533062
2 728896528
2 787547106
5 156237985
4 11309066
2 582257425
1 49306626
2 528774934
4 364325718
4 53700476
1 292930899
6 934922055
4 875639140
2 651067594
3 110375079
2 131987134
6 578082175
4 17849992
1 26409469
5 915150430
3 838041516
5 57802536
5 36957319
3 689905918
3 276646801
4 636841270
6 751273759
4 926669684
6 319157403
5 741976905
3 767531490
6 29826535
4 400298727
3 632006290
3 664823370
3 297985896
1 968868511
4 857271702
4 297071054
5 995288249
1 17512796
4 933906571
5 677248611
2 108294875
2 668685213
1 877676558
5 614507678
5 14569810
6 220343917
2 834791460
1 484626365
2 439138929
3 204758673
2 845923616
4 37801158
3 822168992
3 66570904
1 116562487
2 348203557
6 96089434
3 588416740
4 503529893
5 973276248
2 78521342
5 528101413
3 149754945
5 533513140
6 94975550
6 333863004
5 63499748
5 216885383
1 6206319
5 79890593
1 998690879
3 917046915
3 884400794
3 595123321
2 654935049
6 832805693
3 17029189
1 563833519
3 725924708
1 666918319
3 174854224
4 862614825
5 1730492
5 409147758
5 701360960
1 213249822
2 213151428
4 664144354
5 141093628
2 783996806
2 441900003
1 461243666
4 689436244
5 864574519
5 400278684
5 538898911
2 641193274
1 851036882
3 151515345
5 147528634
6 197947549
4 169312984
5 109116914
6 914176910
3 263131074
5 689673827
6 381671883
6 740096146
6 107728497
1 980239188
1 36734165
6 414411409
5 591600104
6 269779355
3 292397458
4 7924520
5 620251790
5 986070954
1 801232386
3 489208086
3 748684846
3 556503813
1 565048844
2 993264641
3 601003855
4 139424872
2 637294716
2 185352902
3 128234420
6 585747571
3 48890719
1 979261360
3 655192884
5 769688563
3 642775013
2 718636058
5 746939445
3 926815140
5 167153567
1 121980958
3 71025776
2 28061643
1 249649190
2 140865646
6 829958765
4 516550885
4 104231303
6 943558022
1 167411546
3 645024535
2 247936509
3 606420202
1 732569658
3 283639693
4 539669451
5 983088550
4 966308360
1 115861028
3 510229853
2 453019268
6 205305803
5 48677471
1 84591969
5 366926057
1 398411341
3 190078502
3 468905193
2 945742183
5 425997761
5 134751239
5 201872046
1 112985063
4 658109237
2 963188283
6 181965021
2 259534423
3 169942222
5 222854996
2 334775235
4 239728593
3 136163673
5 229584026
2 940272083
1 160962514
3 392683564
3 210703803
3 974657708
5 630656876
6 765468293
3 329768544
6 148839100
3 173290709
4 245838787
6 304059665
2 196296997
6 663410301
5 488876678
2 648557930
1 220863183
3 617616246
1 409233064
1 268402334
6 885252196
3 388962624
5 656335862
3 184868486
1 980632344
6 461331874
2 549219393
6 80124887
2 365641001
3 976559047
2 405868406
5 173946444
6 452809402
5 17393177
6 293076216
4 109534491
4 728934032
3 77441272
6 651465772
4 467087723
3 945722661
2 472864040
3 299323194
6 977359328
1 358848497
4 291717997
2 659530136
6 410683418
3 5264573
5 371319243
2 248741983
1 806621840
4 763115501
2 448190632
2 454377152
2 249854251
2 242738442
2 832587065
6 119126602
6 477605299
5 923589301
3 964904368
3 802800198
6 472531825
2 482812426
2 871523435
3 25027471
1 622286566
6 60883031
1 881249718
1 445807269
4 890336331
1 905062378
5 492767048
3 566572035
6 827972088
1 879031651
5 802914146
4 878855302
2 319251449
6 89829480
5 172848968
5 476719204
2 417133322
3 196121449
2 757336643
5 213801011
3 300896723
2 656314821
3 721006713
2 58933709
6 457932666
3 969460050
3 269852102
2 55544499
6 909252873
6 578061548
2 560655727
5 64290600
3 866819500
6 444623150
5 734419557
5 651450762
4 163351269
1 794394313
2 987855426
1 34145301
3 684662717
3 620917271
3 44993505
2 232234287
5 117726306
1 199296295
1 886872250
6 88207941
4 675789282
5 3795558
3 745452589
3 126682178
3 197798972
3 40588957
6 759240158
1 823636893
3 373907175
3 468544553
1 129274916
6 359153406
6 956254161
2 966881555
2 224557574
6 18443704
1 19112760
5 904395890
2 689812860
4 931512009
5 398947268
5 397736323
6 272347583
4 204541429
3 822825138
1 851635325
2 100670926
4 246614630
4 411101308
1 195628753
1 462820495
3 632828076
3 396649082
4 418123179
2 848359000
2 91751875
3 112980163
4 852267822
1 447607201
2 502911643
2 827449365
1 475247792
5 846136999
5 942790416
1 491620076
1 44349409
2 492105977
4 540252787
4 41947283
2 551785380
2 217538188
1 115849909
6 133016541
3 633849541
5 309936152
5 461455721
5 571831307
1 376842995
1 433729060
6 115867341
3 201535026
2 752311349
4 113754027
3 914245032
6 701071278
4 144278357
5 362393566
5 590570136
5 422759001
3 820773482
3 603931715
5 454328422
6 599143156
2 191505051
4 929689299
4 926416950
2 842775928
3 63573485
3 49195066
6 751277575
4 910565782
6 961881090
3 705975932
6 675140630
4 685135706
2 369368694
4 270482046
5 884155664
2 190782524
6 386686724
6 774279717
1 425162507
3 60220671
1 931970094
4 33703951
2 418777445
4 508293780
6 146207861
4 673342705
1 484737270
5 380630321
1 61120471
2 40469425
6 426112728
6 703438755
5 446156035
6 990710870
5 838106060
2 309725416
4 69826775
5 491249812
1 728337988
4 550302678
3 415663637
3 233857218
6 668121983
1 8540350
5 683371213
1 768721563
4 22924389
6 211251946
5 114895730
2 296010567
3 642400768
4 306398582
6 203569102
2 136455278
5 377743293
2 16876992
3 93172888
6 169691622
2 632189204
1 341690195
6 596697851
6 107369000
2 415589368
2 877979541
6 97438135
3 73330329
1 812749753
4 300871080
5 36278423
2 296307356
6 419505663
4 422724730
2 373303848
3 195506878
3 347595896
1 939023209
5 785676689
2 679942818
2 536853460
1 184237329
4 677244977
1 856357367
1 145632061
5 754352187
1 401286027
2 904187154
6 201694939
1 907689388
2 894494230
6 392915535
3 58149582
4 141390799
1 75280549
1 25938679
6 923786350
3 12003874
2 145616212
4 733577729
4 875459498
5 353945149
3 276687764
4 46545143
2 419502825
2 433773909
4 855079933
5 911306419
3 543182199
4 167523387
1 620750791
6 223188739
3 620872148
3 882294629
5 183008020
2 171748312
5 57344570
6 99733090
1 931850471
4 499094608
3 929031465
4 197303780
5 478547963
2 726554843
5 452947558
6 458131267
1 579309964
1 568240504
2 785913497
3 397535549
3 672125389
6 633200238
6 509362467
1 124573275
6 48578872
3 977650250
2 271992301
6 203389433
2 594446898
1 39281593
2 7188005
2 12192377
3 11298867
3 742372823
4 894380999
2 550676699
6 854492018
2 992632002
5 205236917
5 97032057
2 22260890
4 145179426
5 641963119
2 270901659
3 210796764
5 76756815
2 340574721
4 957238920
6 22932677
2 327014167
3 206441716
2 58229417
6 201952985
5 253925522
6 168089560
6 200115303
2 455538020
6 758443828
4 541374024
4 326500977
5 399697298
1 82286611
2 952663419
1 351442991
6 526966933
2 689892529
6 231879424
6 523594497
1 681947694
6 289198470
1 87282311
6 234618676
3 919944973
1 201984660
4 846022928
5 364205017
2 248176605
4 669688157
5 677453680
1 47665195
3 912295333
4 142200080
1 799942510
2 998289340
5 953200832
4 240102133
5 56966885
1 424153002
2 67904058
6 70990945
5 976114992
6 481447758
2 905219926
2 732711707
1 83560554
5 766802659
6 202516873
6 764836621
4 47631252
2 569101999
4 917430924
6 990784964
4 186387311
2 811949337
4 20568615
5 269014466
3 278429156
1 436011084
1 562216877
2 423794240
4 861801573
3 685068051
6 373896540
5 800832418
4 534079448
5 72813997
2 3243374
3 60998178
3 364877511
1 781642931
2 968054136
6 409027005
1 136625922
1 10003198
3 337239084
5 411944455
3 798630700
2 246472896
1 258502188
2 258239755
6 531822975
1 160124118
5 508435772
4 868272165
6 442291566
6 241816823
3 75486856
3 850164133
5 258849514
5 428540783
2 610921535
6 121920287
4 399703827
6 517445679
1 74124535
6 492507180
5 631676942
3 511019413
4 428049098
5 491707968
1 791384641
6 371438383
2 620491971
4 243104736
2 65548381
1 581213330
5 202662472
4 3468058
2 758151819
1 395973971
2 762886930
1 105913469
4 217952084
2 218295205
6 487118603
5 198852146
4 923483793
2 722230014
2 829589062
1 905888670
3 511789437
1 667267064
6 785155771
5 399605035
5 407919398
5 142536613
4 110025851
3 720877799
4 317641001
2 50197113
2 106747830
5 685411785
4 466565950
6 930337171
4 279938393
3 194500996
2 697369567
5 183025421
5 776209703
4 79547802
2 265749193
3 502157543
6 850286793
3 73542458
5 944485573
3 700380781
6 228569780
4 503712882
2 179120805
3 883955698
3 255801724
2 995315170
5 312749441
1 47604309
1 15693013
5 241457327
5 129179913
5 893314056
6 83604960
6 105031241
6 812764363
3 119359339
4 884942404
5 92552400
2 154501161
3 50683761
3 86535532
4 904095921
6 12664905
6 679358606
1 903862726
4 671355395
1 152770294
1 227869638
4 200242789
2 65630729
1 574210086
5 688449446
4 77214226
3 779948326
2 740088395
3 95540608
3 524943482
3 278372320
4 832724397
2 278571938
5 223474350
6 219911607
2 575294215
5 613230704
6 824126032
5 959920542
6 946448063
5 947679961
3 915633178
4 530009740
2 301976115
1 894793732
6 181191819
6 65612286
2 133210520
3 149828446
1 314019267
3 146326530
5 15082597
1 956347640
4 243021443
3 223702705
1 153904865
2 874843771
1 312281129
3 634909984
6 807565671
3 508594219
4 938321323
1 295455091
6 856871767
4 344171553
4 891278766
6 46832702
3 520545845
1 531105874
6 506908348
2 254707600
6 621505734
1 438314029
2 708568099
5 396032602
6 889341053
4 244205036
6 194438261
5 557682039
3 170335320
6 184823890
2 90766116
1 49647880
6 43895648
1 611517820
1 478196050
4 372907769
6 457448295
5 141696799
4 388020854
3 81769952
1 490518991
3 485004118
1 506726808
2 827287603
5 482802175
3 683047794
3 430997118
2 967895934
6 902986825
4 173035496
2 282366386
2 212522264
1 892825193
5 19486354
1 211145414
2 108510261
1 661818541
1 826871211
2 483680630
4 536634450
2 723264861
1 972078907
1 42921988
3 541721598
6 432023986
1 492699422
1 73244652
6 139219666
1 104204483
1 703665277
2 196114324
5 568673698
3 248148297
5 159023202
5 65985829
6 501795953
6 744950241
3 551100736
2 887837285
2 231367664
5 866738741
4 927707505
3 431143959
5 20660701
6 257190187
5 558855042
2 209949987
2 656809646
3 532505777
1 162965174
5 547393937
2 467621678
2 25193833
1 222276860
6 854151555
1 213917158
2 518483367
4 615284799
2 633851503
1 278536556
2 319854061
4 668816918
3 455938986
1 271396725
4 740914841
2 615138203
1 861545335
1 75460817
5 760901904
3 957964942
6 267487407
6 545028989
2 530128968
4 162591919
1 536284473
6 612341696
5 973680282
3 46714189
3 236255677
6 374026687
4 283046560
4 124068631
4 40697308
5 645319939
5 944346821
1 178332386
4 660362591
6 495290828
5 852184434
6 678868175
2 873598229
2 48136532
4 70360765
2 541304213
1 447887684
2 133254640
3 56042886
5 133582043
6 885693172
5 66901366
3 56658048
5 797946592
1 636439352
6 297962011
1 917732969
2 588872949
5 993776004
2 817147700
5 119484685
3 66198177
3 138081102
6 129776969
1 607628892
1 751791743
1 988005045
5 815825930
3 3928457
1 402836831
1 99434302
4 975530589
3 29269497
6 497222887
1 306503048
1 41958437
1 650546576
4 97324055
6 94650603
6 503579953
6 995982891
4 558980709
4 436629392
4 621555395
5 903674043
3 949383061
1 11932990
2 765805361
3 307274799
5 14123178
4 645784445
5 481660499
4 546199237
1 402478890
4 349586196
4 718557371
1 530229180
3 631701584
5 233788558
5 718527508
6 407367756
3 770122177
4 187031601
2 319824646
2 199255026
3 7986058
4 518218158
5 490114521
3 441595244
2 328999545
6 402028899
4 978080793
6 632720942
5 379126861
5 614855991
6 189611912
1 722701597
2 468028968
2 925433470
2 794894160
5 859583191
6 582801391
3 460926145
1 909447709
5 669199982
2 409023618
6 809138030
4 499196720
1 192789083
4 104788913
6 925679252
3 232961345
4 510223642
6 870776618
6 656105197
6 38692074
4 833233053
6 15940837
2 617152249
1 534441227
1 174268708
2 321566231
3 611159979
3 842542182
5 247463433
3 965638537
6 100376531
3 562340014
3 123219991
5 344857274
1 51170577
3 707934800
2 277144447
6 808159803
2 589628747
3 941180597
1 793307256
6 264004297
2 688522816
1 115147431
3 747903833
2 258447560
1 904697483
2 124013700
3 498991774
5 359186992
4 166348668
5 445779782
4 961531428
6 33156856
5 147046214
6 166201661
3 469169498
4 166838896
1 950744336
5 766641184
5 209799410
6 671845852
2 927134603
3 946074528
1 651575139
4 100791284
6 260399899
5 837242623
3 497393752
5 672098480
3 392757561
6 63032643
5 733847298
1 578278709
4 309699343
3 833532692
1 108001116
4 990288159
2 887133980
1 902473800
5 855274888
5 558310309
1 926792698
5 489886433
5 757798065
1 908481492
5 233446463
3 857980676
6 626007934
1 751131762
3 69549287
1 38041236
1 295411460
2 246175953
2 213884221
2 143249224
4 253988343
1 465221224
1 762108721
2 500467255
3 5675870
5 341348405
2 278325455
5 679610300
1 459045964
6 755320656
6 982010167
5 776478086
1 997254302
5 437859458
5 276337377
6 997939083
1 151111544
2 365502337
2 559233096
5 32925037
5 214641489
6 177941996
1 780690316
1 718522694
2 109664957
4 192265301
1 505435302
2 591643737
4 905518287
4 827124436
6 650894920
1 270032102
2 330579747
3 248973036
3 139936800
1 278454318
2 936536125
6 7030678
2 727034574
3 758805847
2 263632433
5 507984706
1 216538075
3 407179493
1 68324389
6 411036199
2 923561526
5 705682272
2 219567197
5 132339374
3 679789224
6 824530094
4 761511412
3 283166085
2 614576798
5 987180271
1 62114682
1 53024355
2 542399189
5 936613803
6 28659453
6 279245431
4 221688208
2 672036347
6 349648441
2 194325428
1 812537697
5 456447842
5 161789972
6 380554153
1 656957966
5 945921180
2 363482301
2 205032723
6 95770848
2 418728644
4 416513322
6 646175278
2 246885177
4 207678902
6 671670914
6 681735226
4 8621456
4 775648035
2 487712307
3 182843630
2 375971172
5 720467495
1 553130634
2 207542816
1 161711490
2 626872801
2 108570636
1 276239089
4 759227783
1 642172696
2 72020710
5 353420695
2 862251949
4 372500986
1 170136818
4 283698073
4 925529238
4 582428603
2 840664342
3 522439071
2 850567452
4 384483618
1 877476585
6 984253873
4 234180173
2 451174348
4 493981267
6 389909878
2 569283662
2 225845239
6 908636963
3 810728449
2 18588774
6 568673643
2 685648978
1 483246893
5 432804489
1 526486493
5 880401136
6 252571448
6 950299275
5 901673824
2 271217203
1 327592012
1 454870110
1 103131935
1 43691544
3 583448130
5 850752439
4 184342959
4 712025292
6 159025486
3 748995567
6 447269016
4 158993063
4 405356755
2 257151053
4 921365828
6 925314111
6 72583154
2 156924380
3 996578594
6 825221183
2 443163924
5 70497705
3 737549054
2 689996658
4 410759565
3 951260688
4 104474925
6 478862283
3 67130676
3 166163520
2 591814916
5 78212949
5 102396498
1 197023675
2 751296975
1 14105645
4 478725121
5 49698253
5 505696094
5 784556717
6 744478869
5 367817835
5 159676775
4 191198627
3 84801
3 630384667
4 782462829
5 324006267
6 496461519
3 664884616
6 798494759
6 747899235
2 501066759
6 61282487
2 702829398
5 276827096
5 927673832
6 562107132
2 978022145
6 290282502
6 817871378
2 117593412
1 213240533
6 720130729
4 678647105
1 827581081
5 754806814
5 955422539
5 87215952
6 171510118
2 489138796
4 34863740
6 466280605
2 257956030
5 249526611
4 455359914
2 744430073
1 610573236
5 40499051
5 652161438
1 686198257
6 569019071
5 380864455
5 540003112
1 213758145
5 633534237
6 422505883
3 726844303
4 671319047
2 237570419
5 853816891
2 102811856
6 218318899
5 708419989
1 594029023
5 171796714
1 742781573
6 503807129
5 222236517
3 681275446
2 868801494
2 80845099
6 277720735
6 721184324
1 521219582
3 502467012
6 60754865
2 638339021
5 298184059
3 385810389
4 151627568
6 743030233
2 153472102
5 499985507
4 224487649
1 10190937
5 742711820
1 466843776
2 423074534
1 810567918
1 207489855
6 712689250
1 257637298
5 904310474
2 567490101
5 89864138
1 168201719
3 941986741
5 548065060
2 888347216
1 501274967
4 563504958
5 521767938
1 999943383
3 558276000
1 673987587
2 354781618
4 334093481
6 627719467
1 642461349
2 23893595
6 213877443
1 475769328
4 780458182
6 514130442
4 770643132
6 610292659
4 293218868
1 37360045
4 159943130
2 917057447
5 909434492
3 613769012
2 975559724
2 247617085
2 945430255
5 889930952
1 632546275
6 275910013
3 604475335
2 536999072
6 484196618
2 727300140
1 196091404
2 516049192
4 501628438
5 791133959
5 64596718
6 897091397
5 219718677
5 67733876
3 485249459
4 527425989
5 14093150
6 938750081
1 756425945
3 695357563
5 19251069
2 877096368
3 295244386
2 227261702
3 754534372
3 817441868
3 849514516
3 599595669
3 578678267
4 691918926
4 485625784
5 804215162
1 206909494
6 454513034
4 507446182
1 251375979
3 851094961
1 388585606
4 443521696
2 497441912
6 84930479
3 761160454
1 79405075
2 396980001
1 570204340
5 559326462
6 347676586
4 24287072
1 857062588
3 335160755
5 734502138
6 111149670
5 927592854
4 464281906
5 168114647
3 145421136
6 390115295
6 351869704
2 799002253
3 394967899
4 601256576
1 34698943
2 807562312
6 147245597
4 435428429
4 191607412
2 551321908
3 823747683
6 617943974
1 634354265
5 812774066
2 957229510
1 394703690
5 866463639
1 637525994
3 760604673
5 299546789
2 648154532
6 283300749
1 660232292
2 93642259
6 144006224
4 660642021
5 890300191
2 309769136
5 912103655
2 637755409
5 847570042
3 421340508
4 573179165
6 324015718
1 573870624
6 259459502
5 627825040
1 279709435
5 574228971
5 11415079
1 444623472
4 647427537
5 928980142
3 34916007
5 70814383
6 632560259
3 917792354
3 88060799
1 790786551
2 952503474
2 721604287
5 11867484
1 108238619
2 877034706
1 190474045
1 992392687
3 920941131
1 245994933
5 999025307
1 606678264
5 143281285
6 172285487
5 92357746
5 963938980
3 366130775
3 222906770
5 827157124
1 51441298
6 853487329
1 275752593
3 44587506
5 819844235
6 463333817
6 797867001
5 926403286
2 412421392
1 386088180
3 923246070
5 619273219
4 301286244
1 996649113
2 153300593
4 374221092
2 366627165
6 86116465
2 218379446
4 562948010
5 600619565
2 212710765
2 82160626
3 652460515
6 651012172
6 916045791
6 981921936
2 427901092
2 457497814
6 142394394
1 268774822
3 517912039
1 954742780
5 29178830
1 773444962
3 474816932
3 509533273
3 785843680
5 67966517
5 544591355
1 44979116
5 326237219
6 773427473
4 988736326
1 210506304
1 955260131
2 977720312
1 290185413
2 568347920
5 833093185
6 552680935
5 154491853
6 106926974
3 630111119
3 22864498
1 326630521
3 259911832
5 582753547
2 857676589
3 413790222
1 144010116
4 571765837
1 646916785
1 162962933
5 106356554
2 11601112
1 839225069
1 863995226
3 658417196
6 197258672
5 557990276
2 286601825
5 968874831
5 740287702
6 176083702
1 674924562
3 312069144
3 637162344
1 724456736
3 558081249
4 286091735
3 855997032
1 885036753
5 519420378
3 19833025
1 883236520
3 488358210
1 810223110
6 974781442
5 133072498
6 76247815
3 999015915
6 19899556
6 700800643
4 369665248
2 118934847
2 912233006
6 586236769
4 770755229
6 805523227
6 796311821
2 573317194
6 180078592
1 546945892
2 295416637
5 251018380
1 402734680
5 62897030
2 601865639
1 903614278
4 392939354
1 275488121
1 224083465
2 810715145
6 441306578
6 456152254
4 637137662
1 392018626
2 193260517
3 790245250
2 301879087
1 515893113
2 231853217
3 572244274
4 882701244
6 201293349
6 67124303
1 36767482
3 779099924
6 672105182
1 510931133
1 874826188
3 330299264
5 542386163
5 197066161
2 59117423
4 172608782
3 656963916
2 326661263
5 273389170
2 41643264
3 9486544
3 357864963
5 195416108
3 856036903
2 638677634
3 615693760
4 12333536
1 213670963
4 165060180
4 442121460
6 451014376
1 522565147
1 945255455
5 930040876
1 837371941
3 157367648
3 685633112
3 626480963
3 916227510
3 170461202
2 696237340
5 642788660
5 684550814
1 50975214
3 500768407
3 595048457
6 449906135
4 836198597
3 768192235
3 50023984
6 420113307
3 979742964
4 489031381
3 424412338
3 379131739
5 310676258
4 167309051
4 297060963
3 41737573
4 358466388
5 625122928
3 541936666
5 122315941
5 961844199
2 188252091
2 585194672
5 42797238
2 291475069
2 980100677
3 342275973
5 271519577
4 505879775
6 683118996
1 599398037
5 651736213
6 81488778
2 665682367
6 889692143
6 808352114
5 779839139
4 732955011
5 158362792
2 888790711
1 99914030
1 740959512
5 52697692
5 285701384
2 633322125
6 38743671
5 900631676
2 352497935
1 90928489
2 654745863
4 261893820
2 903981981
2 161968450
2 633201254
1 100091704
1 101280371
2 919528142
4 688010233
6 268750544
1 228714981
6 861664677
2 621027412
3 472205485
2 157753035
1 239526224
5 386138220
1 62059861
1 255183282
3 958505803
3 499671827
4 602834050
5 662180977
1 24141892
4 805046665
6 10844827
5 191296811
3 407427632
4 572922446
1 435642650
6 348662614
5 223020703
1 903798692
2 238521285
1 541205811
4 151025845
1 590708996
5 422847208
3 869887924
3 287529869
3 840754606
4 975017687
2 398673613
2 355874392
5 543035187
4 992497019
6 851600097
1 281587258
5 980262916
6 547632196
6 248823031
3 725857746
6 125935723
2 447875306
2 137188991
5 966276754
6 199077210
3 593228243
6 719177262
3 789503804
1 973510501
4 525094774
3 886149118
2 190344549
2 530861653
2 84899881
5 581393508
4 245249755
3 89360926
3 211181759
1 761936617
1 471715172
4 35234520
3 653638319
2 82949758
6 269833435
5 934048052
5 598979215
3 227707875
6 152814590
4 919265866
4 84752983
5 751819223
6 65383632
6 307427097
3 841496852
1 739291647
4 93133633
1 196929288
5 862342737
2 303546180
4 16134490
2 459301788
2 343222343
3 48477762
1 486620088
2 183919290
4 4962597
4 91136961
1 901186330
6 886840672
5 408114380
2 385389154
6 723709182
1 799846237
6 263871343
3 827769623
2 607886746
6 701979075
4 884254907
5 602777257
1 163167173
3 669741266
1 297442891
4 806101552
2 126591224
1 919213015
4 192192618
6 822470429
4 105786914
4 451453423
5 728297189
4 937894468
5 306032120
4 398241250
4 989578902
3 360431682
2 452795550
1 354771105
2 895899001
4 215989551
3 511654510
4 758954046
6 760398001
5 428848159
1 69649460
1 950822744
1 460578934
4 309181442
3 747236484
6 695529846
5 402199884
6 407310174
3 31353938
4 155743850
3 208409016
5 531949936
2 512363782
3 542856667
1 394305088
6 111630084
3 9900775
2 466702191
3 952767524
4 28312506
2 57441665
4 467122408
2 690650442
4 661929522
6 499719899
4 911582817
5 287996163
1 714552670
1 405363415
3 901324791
6 959670860
5 123329985
5 799579155
3 367952746
6 847594187
6 456108679
1 220594458
6 116278665
5 821616780
6 974516078
4 49067013
2 163143056
4 908701673
6 225576767
5 535349049
2 399463001
4 423549844
5 48211654
2 987409446
3 46142533
4 16882882
6 192915565
4 939557965
4 638932794
2 107192379
3 514962944
6 51191914
1 34559818
6 638191434
5 439380542
6 447605270
4 608652540
5 307051601
6 285430040
6 826337281
2 227526666
1 309025985
6 454645010
2 854658304
6 289904283
1 784626909
2 205427396
6 594630691
2 917698036
1 641441310
2 424113997
5 695656520
5 883796809
6 974207451
4 382474745
1 189705045
4 282509025
4 83654717
6 65488547
3 277201319
5 880941465
5 299467058
5 999330955
3 86694910
1 951212209
3 129349609
5 298509140
1 875908898
2 350746075
3 473266719
3 79330380
2 317863841
6 400202369
3 801778068
5 54781561
6 258575176
4 116794019
2 583585141
6 74415964
6 434082570
1 416270262
3 379723414
4 218183432
1 80235083
3 544325177
1 76855956
4 472546045
4 993764242
3 637685342
3 313944035
2 200276355
2 54757998
3 568206631
2 856670996
4 834277974
6 497801135
1 437276374
6 548455834
1 552089715
6 183587005
5 35354944
5 362764617
4 775498760
2 200652428
6 860016623
4 290230500
2 709830738
1 510140724
5 558989534
4 574666610
6 993207398
5 645216001
2 463471048
5 50518995
5 897733995
2 422581974
5 254166124
5 874501145
5 879267365
5 578923919
6 841644414
6 766413757
3 445734309
1 109700630
4 907269559
2 278530346
5 396551481
4 642229481
5 614406621
6 394834262
4 205362928
1 187499601
5 946168136
6 764451817
1 447202293
5 753675392
4 713116161
2 52183141
1 486364407
6 251765694
3 122774413
4 29903722
5 721913325
2 92584010
5 150798640
4 440600513
5 786825109
6 514322820
2 580001872
1 730383038
6 216268468
4 29161839
6 136004187
1 539165875
2 851626204
5 307096589
4 839416879
3 949368958
1 783902017
6 427946338
6 27005431
6 215322171
1 725694081
1 272196712
3 219622730
5 472129891
3 489891184
4 343626018
6 762117780
1 964664532
2 854699322
4 328282695
5 175175827
5 94781982
5 53730146
4 237224220
1 522856222
6 176263431
1 417110075
2 708072292
3 682625918
1 572575345
5 688770689
6 800842038
1 652876998
3 24865
1 402072380
6 197327747
4 663067367
3 305879197
1 382334206
4 830986529
6 36280558
2 756697442
4 6856387
1 134860443
4 54421562
5 754821021
3 412170376
4 354511265
2 963884714
2 631473745
6 669753892
5 20561363
4 542108986
6 339233229
1 660373124
4 449093134
4 254142953
3 85080522
4 138081309
4 731151382
1 57395198
1 174112600
4 146043105
6 973182851
3 793768084
6 568426978
1 354648140
3 883083622
4 367228617
5 693338964
6 264212112
3 835506306
6 478098278
1 382713127
3 279686713
4 322310625
2 870209257
5 277242820
3 789924051
2 289540328
6 420784720
1 46762588
1 482486229
6 42197339
3 211427507
6 470144558
4 315045915
4 81204681
3 477077540
5 449285219
3 984219947
2 347003550
5 642114559
2 75559542
4 131037642
5 212670297
1 640758682
5 404461740
4 611151909
4 422816578
1 214605687
2 401445845
1 501677581
5 888813115
6 716853082
6 486482196
1 416841322
4 140534186
6 628014787
2 37083855
5 540000957
5 377938158
5 273435260
1 130935577
3 172927564
2 247221582
6 805513141
4 426012301
2 310127633
4 577024310
2 493186161
4 555551382
2 561512531
4 322553942
6 255105901
5 122323443
3 240537117
1 122857409
2 968218394
2 697271124
6 125833091
4 141296143
6 860071325
3 951001714
4 30072971
2 516578199
1 571051211
5 258989073
1 336176588
4 459973545
6 95389784
6 490151705
6 765574149
1 133238561
4 804934706
4 871273646
2 260351825
4 172994281
2 996502536
2 825421139
4 892530867
5 574113017
6 60132360
4 800669667
1 526403788
4 811792275
6 683520435
4 672811938
2 63859659
5 871760481
4 125513129
6 585544159
5 398802993
5 488050374
2 574464976
6 477808038
6 95463109
6 557212390
4 459075280
4 182757309
5 354567149
4 324296009
4 584541207
5 695428503
4 597514153
6 474643711
5 93541999
3 226065840
4 514465801
3 10858277
5 669337218
1 872111537
2 454699818
1 511962373
6 932448424
5 71345943
2 388673764
6 456275759
1 128194945
2 691740002
6 212647778
3 813581273
6 100973456
4 643102108
6 78691787
6 639279052
4 970289704
5 863021285
1 660645213
4 760328348
5 218963672
4 278538894
5 204019397
5 431074264
2 403819660
4 754215811
1 6757226
2 82810510
5 478311281
4 893699410
3 531306158
4 541252691
3 502182828
4 316546169
5 632801383
5 841884878
5 117361476
2 760593671
2 508445541
4 158561834
4 552805518
4 313306820
3 562008624
2 547256095
2 824219172
4 744136658
4 481289720
4 533198355
6 903678296
2 512084680
6 961942863
6 605278137
3 797205300
1 77303729
2 362473535
5 446137138
4 232281449
5 97865589
1 716756333
1 962996442
5 632503716
4 277360455
1 932330052
3 586423866
3 854058655
4 904905556
2 290527259
1 18321853
4 251983454
4 245355581
6 971629042
6 969869627
2 96734964
4 155782761
1 499852672
6 101710751
2 842638291
4 26703075
3 350568719
1 528095392
2 71359495
5 481573948
5 824663206
5 575615716
5 343209105
2 734808919
3 604372265
1 183131282
5 557236704
3 797852511
1 246229711
5 405780349
6 264280584
2 675200787
6 672194183
4 891267549
3 315736075
2 735685090
1 393718337
3 552006001
5 80130500
6 864246172
5 855275177
3 75311121
3 931787639
3 931064084
1 833977229
5 237370082
3 266390081
2 264820588
5 916325173
1 903301206
5 683521340
6 680327515
1 511324076
5 203207520
2 278842883
3 496618937
1 867863898
6 276411292
1 736444199
1 799852876
6 851309469
6 153678774
5 856685851
3 236392432
4 914014993
2 574464092
3 128697354
5 447831109
2 855484249
1 216887066
5 769759399
2 872928158
5 949072912
1 40477244
6 622422989
5 90121441
5 489098602
3 110407684
4 797827431
4 958719151
1 165197025
3 594680448
6 879818387
4 351839757
3 763105362
1 512630426
1 57134381
2 308353465
2 192625258
4 404559802
1 15252815
2 503660284
5 730517889
4 536427942
4 511593962
4 212853014
2 713062621
2 44114405
2 119677517
6 978885407
5 417992506
4 296859275
4 155433885
3 998016990
2 906716957
3 275809576
1 648337484
5 76479283
2 159798496
3 616081879
2 978460006
4 789111872
6 37796594
4 162178095
3 549651093
3 99289371
1 720374781
4 718635423
5 509858005
2 561272685
3 842850766
4 86535443
6 919412442
2 402577676
5 960584252
6 270300349
3 212668832
3 684578488
1 443034439
6 815065942
5 210223641
5 691694688
1 388283175
2 156105034
6 883849382
1 824198539
2 453908651
3 534223150
4 346686893
2 10232186
3 959735198
5 883924908
4 801850340
6 812806469
6 710584942
1 918746161
4 450280827
2 801856570
3 952306366
6 691772576
2 415898714
4 561932914
3 988008362
5 26679454
1 981270296
5 32541131
1 529899944
4 344985321
4 212550431
5 981512805
1 69432906
2 709137298
5 394499481
5 301554798
3 964634260
2 580530015
4 740797125
4 126715389
2 285456126
1 224377837
6 211903577
2 85643120
2 229627728
3 983164785
2 942651207
3 947324814
6 95521335
1 783276199
5 607087760
4 752009064
1 419993241
4 642370536
1 267483962
1 396261810
5 179424401
6 770901474
6 372294955
1 656633421
2 983647376
1 814462093
5 221102953
6 70696827
3 779884997
2 431865753
6 807514399
4 880759747
6 778766656
6 454264054
6 467767188
4 945884264
1 690298385
5 676989775
2 72178486
5 662641894
5 313570969
4 447131320
3 398589611
1 997018513
5 93647578
5 249652238
6 499808630
4 127992924
4 861370420
3 260874685
4 194307338
2 100100955
1 254546082
2 465007944
1 108947500
3 924283164
4 396585100
4 60485778
3 714219368
4 327188673
5 666532670
6 972792568
1 512042931
1 353392748
3 177224075
4 344399523
3 924990661
1 49596676
6 548424939
5 267084774
1 593272335
3 778117771
1 449461360
6 815415955
5 271615471
6 753013623
2 194579853
4 906236155
5 599497606
3 945271509
4 268433162
5 639520732
1 413061464
4 641063642
2 986794878
4 410858717
3 799056338
5 950591587
2 905840033
1 818572059
5 9313861
1 869796038
2 75032194
4 469075338
5 125994729
3 638812352
6 614388838
4 831543933
5 329220505
4 13311080
6 387353501
2 771554819
5 614392679
4 279300931
1 543975020
6 345497224
1 479942737
6 798942063
5 334863607
4 314977917
3 768520765
6 499403589
2 799584874
3 348260724
4 92170052
3 221480519
2 193605692
1 392363881
5 968695182
3 863201665
6 432597386
5 985473377
4 604563087
3 959854223
3 108376278
6 184023891
5 913132593
3 31290910
4 304302564
3 901963731
1 123571754
6 245090775
3 687402374
2 681862606
1 570755976
5 171382432
2 703547541
5 661679643
6 538450306
1 563654261
2 962278441
4 675847275
6 450909153
4 243377475
3 787201187
1 474807348
3 714205535
3 478674736
3 8960988
1 674271338
1 555516012
1 269346160
6 618527569
6 898960474
4 723018172
3 23242129
6 248070541
6 619624961
3 473430925
4 118734375
5 783400257
1 157939184
3 658596726
5 495993766
1 441923342
3 650751438
5 78990974
3 414051064
1 919254157
2 676887603
4 616879250
5 773481958
5 785109690
4 998412063
4 52362977
1 972160597
3 637508000
6 95288982
1 274183547
2 205036658
1 568189629
5 909675840
5 712540166
5 973694282
3 477032486
3 810452864
6 982955221
6 387485211
6 477285205
1 616577006
3 631354547
4 69701267
1 195212264
5 772139415
4 431613648
5 698267897
2 441809336
1 515832330
5 360664501
4 456616581
6 660622128
6 897623599
5 227158114
4 240404571
5 800695098
3 465304409
2 902932096
6 211633221
3 862223799
3 513994237
2 397546581
3 890442912
1 699855844
4 950471304
4 855826205
6 206011058
2 276063696
2 817454641
3 547742914
5 98022639
6 771005773
6 866761311
1 83159626
3 288802134
6 178515159
5 193153214
6 819685052
2 286349477
1 89646556
5 156715249
5 543290831
1 168035437
5 251871878
4 879305106
5 855045141
1 453786724
6 369839940
2 427509122
4 735736660
4 983913060
1 260024785
6 510743614
5 573655757
1 267889959
1 129246125
4 849158198
2 674982961
1 51110817
3 998223840
4 841502466
2 691806151
6 4021461
2 20017973
3 634807727
5 797334264
4 830442258
6 110826193
6 7794453
1 591191909
5 572252741
4 400197390
4 569200608
1 961629085
1 530694135
3 820765331
3 706323214
5 577310100
6 924613304
5 751916253
2 394797556
2 832937473
4 690406112
2 957133504
1 265229723
5 319398792
4 80275635
4 866360414
3 987486341
1 578801286
3 38705585
6 130590333
4 445687061
6 641727024
5 820099187
3 169196745
4 657282620
6 925234960
3 191887845
1 910159648
2 255203504
3 182598680
4 546454908
2 125741876
5 3897707
2 494313636
2 73374976
4 274598451
2 312917387
4 224742590
1 16751671
3 652587153
4 894344104
4 629561740
6 704470185
5 782221373
3 135811077
6 315454092
3 587163404
3 86674729
1 119781483
6 880842882
5 267489225
4 573620324
2 191251868
2 401047978
4 252861327
4 674607976
5 817258952
6 884340563
4 945949765
2 297172310
5 422519633
2 633610181
6 318053823
1 238868149
2 88465304
2 192193058
5 909277119
4 292331621
4 647434594
5 946645301
3 274082910
3 117755933
1 607957856
5 322762676
6 137373400
5 314695724
2 907128576
6 69935623
6 214545822
6 885676253
2 164694298
2 671798683
6 362490935
4 304777191
4 66116472
6 562495284
4 562318509
3 377931751
3 226680340
2 13721766
2 891648768
1 704237576
3 65207036
4 431314877
6 811858378
6 484103820
6 824054032
4 917964657
4 87348437
2 551771025
4 9943694
4 964919195
1 598177398
5 387037874
3 491900316
5 646217387
1 302521446
5 557552316
3 741473789
5 90537160
6 312158589
2 493634595
3 272742516
4 386393380
1 540598640
4 286825073
2 634957882
4 839595488
4 118150050
3 863017004
3 210101548
2 859723695
2 752188147
6 104377183
6 169396501
6 729587107
1 895799366
5 275243565
2 173414018
6 888366745
5 960675658
2 223636030
1 268661253
2 988084261
1 378048754
4 281550521
1 532504364
6 2487856
5 655412171
6 973221937
3 36571258
4 57598819
2 765932542
5 477543812
5 192840413
1 284425516
6 814256869
6 250420912
1 816629758
3 797257269
4 46231724
3 402085582
6 320419860
5 132785166
6 847954231
4 339377888
1 966636692
4 473005599
2 310707384
5 717012858
5 924077662
4 25029728
1 840547352
3 450773694
2 432914779
1 746421996
4 471625388
2 304045527
5 480594770
1 304517891
2 55627555
6 105755671
6 69074884
2 418463938
5 208669737
4 362655346
6 239350156
2 664178540
4 691957183
6 206027193
6 210641772
6 7189341
4 253050130
5 231664211
2 925311130
2 360564144
1 696890768
1 733763474
4 406940780
2 513124902
6 201004945
6 426232058
3 295700927
1 83637763
5 689097555
5 89570924
1 181815842
6 467914636
6 524392954
3 687422812
6 948323926
2 657641111
3 147983272
6 405566258
6 228448371
3 847683751
3 183741910
1 582669674
2 664473421
2 866870149
4 643108391
4 291388478
5 445080492
3 753628309
6 92461926
3 361697216
2 124863149
2 612223678
4 4223393
6 35816162
6 240604397
2 444507998
3 759388337
1 34337870
4 523650081
5 663886949
4 830236978
5 727154300
2 642968432
6 600843019
3 972593190
4 105904187
1 151068975
2 981315554
4 5012651
5 58052015
5 908985115
1 811108031
5 425116103
5 169696983
5 873371752
6 190154494
3 24289139
5 789225021
1 414331233
1 261055849
3 422738278
1 159173835
6 918496381
6 607039628
5 372615411
1 4956362
3 551162222
6 588411575
1 514571674
4 697816125
1 19586044
1 832442788
3 67928460
4 208491284
2 866565550
6 96583162
5 96372682
1 573259855
4 728664059
1 182234489
2 535627426
6 109882139
1 495660673
3 577066049
2 478022143
6 992697866
6 66068074
2 787412904
3 942475084
5 393487035
2 341711530
6 96023914
4 785509802
3 137510210
2 4832876
1 459744582
6 56669950
3 709340977
4 605168702
1 725387195
4 475179891
5 207129517
4 47575985
6 178352865
6 119686862
1 729802624
1 507357032
6 812664176
2 238064321
3 247009913
3 839400654
2 954246943
6 130899730
6 908644476
5 336231157
6 679488411
2 756044090
2 565233482
3 871508606
4 190713102
6 709396291
4 138031019
4 630882915
1 17015623
4 282940543
6 89924150
1 704192702
2 400529509
4 922668977
6 585120816
6 959101720
2 489283327
3 825495867
4 848169722
4 355477588
6 114026589
3 21396318
6 727773020
2 523888449
1 771017803
6 192781577
2 238997907
3 302048256
3 861252486
6 719487699
5 770196157
1 23385002
4 97764955
1 160310265
3 260311862
3 705294673
4 19443731
3 361109585
2 412195421
6 985966783
3 898987711
2 331895026
2 249840195
6 509980236
4 751204983
1 593232789
4 321755019
3 718585188
6 436415039
3 473021815
3 998807894
5 344377669
5 821027931
1 916323490
2 365353293
1 617255193
4 40105667
4 303090550
3 684832852
6 354037077
4 732685592
4 508748398
2 402478795
6 269357881
4 764435343
6 731194535
1 242297784
3 853791329
6 707162803
5 642147963
1 996715625
1 701262959
2 988940275
3 332278913
1 307851032
1 532619076
4 650276296
6 429226644
3 286051075
4 789561569
1 951741377
4 910291260
5 305661607
1 830232803
2 368852128
2 60344676
1 81509568
1 849068839
4 293501880
3 143038560
2 76665960
4 45557896
3 88500270
3 549714109
4 182419126
1 214235784
3 473434607
1 825487637
4 862256682
2 714703908
2 186053225
5 415987890
5 120614379
3 359869110
3 874137968
3 663354940
6 98313191
5 267375707
4 884363700
2 895740414
6 67388722
6 462607426
1 352081413
3 343152941
3 326956584
2 257559964
4 354148116
4 177406534
2 838954838
4 891971861
6 743056815
1 168652620
6 367593535
4 25696375
1 906454486
2 268485337
1 543605075
3 403971804
6 405805923
3 316796079
2 210863484
4 414261228
2 8635707
4 585391869
2 657464036
4 707413015
2 464498080
6 51488021
5 3510378
5 120736967
3 721890802
1 480391203
2 980881685
6 776624140
5 241392977
1 340251767
4 993896910
3 216735050
5 693190906
2 738204080
3 11177090
3 756443004
5 871909322
6 601616031
2 482447329
3 162367195
2 905314179
3 441344231
2 191816727
3 468609255
3 817550080
1 24714618
1 378882592
2 987572586
4 66081093
2 684358479
5 855265280
2 15952989
5 50050288
5 628518937
4 426727236
2 830902476
2 842414566
6 796375965
4 459045351
6 111647718
1 943402859
3 487876424
3 229933969
5 342472843
5 289831580
2 535897454
6 951601708
6 227485831
6 142300602
1 163957061
2 126660126
1 717182783
6 18544681
2 553961610
2 184980328
4 107086235
2 435309691
2 137724395
5 11140541
6 92806722
5 21877933
5 302860012
6 274504225
4 367490598
1 426033219
2 477250237
6 92677265
3 83327915
6 318345734
2 154746724
2 975699099
3 149374919
3 30237156
2 374649722
5 1758406
2 691195006
5 838250307
6 988859232
3 7611761
2 778275690
3 66794025
4 444728119
6 541614860
5 630715842
4 294380431
5 764668430
4 866949179
5 618154697
2 413280014
5 81142153
2 822223034
5 225851763
3 955531928
2 522328040
5 747437456
6 535602314
1 644531511
6 92976079
5 504761044
6 956759305
3 806160414
6 990459218
2 812840592
6 141118139
6 537425727
4 636252705
2 258884397
3 459097104
5 679580321
3 52434660
1 283142484
3 838446774
1 112864011
1 315028810
3 480595280
5 786035280
1 813204187
6 398020387
4 367281611
2 852201360
3 328233879
2 103551952
1 410372786
6 350252739
6 147181203
2 430040899
2 907198016
5 146933818
5 901218843
5 759041920
4 210819233
4 771648326
4 48325733
4 12569364
1 828985796
4 279157124
5 545454293
6 815558865
2 977061952
5 792752353
5 18573534
4 226162747
4 516401295
2 326977578
6 765230686
3 634800700
3 756244273
6 80623781
1 645501624
3 857005871
2 689404339
6 180484321
1 257425050
4 986821075
2 777829107
5 110025946
6 807157867
1 187650483
3 620822254
3 394102366
3 214154900
4 362108893
4 757879613
1 78037767
1 769021483
1 390350890
3 284916097
6 284084130
4 45725820
5 554592737
3 272280222
3 136909398
5 742582512
5 255495807
4 279983436
4 579110029
2 189890493
6 781584210
1 710110769
6 978474685
6 800575380
6 308446563
3 547598119
5 179615336
3 692204840
1 938404307
6 8958015
5 456630551
3 992211181
5 99235534
2 173191085
4 340065379
6 429107638
1 894153127
2 568323224
4 753993064
3 258801308
1 522616108
5 245157043
6 698136424
5 684850685
1 368356376
3 90017756
2 354507135
3 412007515
3 770145477
6 596705241
5 320043357
5 979932812
3 264852057
4 676406684
5 787562424
3 5697111
5 807720963
1 349601490
2 3594331
3 924161507
1 57756580
6 366638461
2 657837140
1 93467156
2 697373653
1 838298632
4 167282075
4 674739273
3 295972945
2 668291657
1 659651072
5 775460843
3 534260734
6 23585295
3 75179899
4 205927497
3 541051725
6 176530608
4 857959722
3 240062108
2 97573526
5 202945929
6 646512985
3 829504451
5 366483718
2 96040715
3 110581796
3 486499063
4 706124674
3 807921109
6 925909965
4 411608447
3 30597927
6 707479010
5 138827905
4 148892552
3 343142203
6 975034777
3 513587805
3 369433551
2 273473173
5 806301189
4 599752340
4 859548171
4 696522503
6 707899105
2 66766814
4 843836512
6 22736777
1 357738313
6 440618446
3 396484652
6 539001875
3 299261178
6 255423449
4 13052909
1 652973952
4 276185351
2 173479742
3 490733390
3 445057803
5 867084317
4 805601970
2 413916993
6 559217627
3 226781763
6 443446672
1 656775914
4 113157502
6 277027853
6 740267725
2 386834942
5 593596746
3 418790414
3 778496961
4 494408371
4 633673285
4 331235466
2 122541456
5 324462705
6 611595403
4 278163905
6 722389869
3 702985997
4 175625861
5 989021449
6 197564535
1 457615954
6 144046001
5 14046903
4 796854014
3 681774365
6 263904404
6 8556826
2 603123053
1 167796441
6 950137189
1 288565364
4 822235691
3 891243964
2 961988640
2 595185271
3 62030310
3 293889138
3 460705644
1 512834455
2 916177314
6 735257935
2 142734765
2 762993021
1 665504004
4 158702431
6 875447942
3 575465730
3 326255716
5 289458737
6 18601582
3 962032224
3 363560456
2 446481048
5 167944405
6 682972273
1 520846831
5 308394086
2 91788549
6 139792490
2 806340432
2 516261595
1 374445875
6 940811188
4 265472293
6 544517436
4 919799648
1 949247530
6 691058020
1 438634885
5 713247209
6 521356049
4 339698078
5 114186726
4 616738411
2 821964859
4 511211332
2 962256788
1 677150891
1 930578520
1 267883533
3 999705180
5 659516712
5 611797102
6 663309447
5 623929756
4 336812268
5 155693780
5 535533677
6 138197491
5 376633365
4 550018875
3 24449132
5 29329263
5 133727152
4 356177430
4 915301649
4 795782701
6 890406501
5 84754262
3 335177798
2 78105913
5 764451390
2 261094985
4 616719579
6 172444577
6 320692136
3 175655205
6 25397668
3 497503861
6 834694584
5 676218856
1 52169885
3 528202318
1 398732345
5 47920975
6 249104493
5 638711814
3 345807643
5 772594123
1 763867546
2 370213833
3 641593280
4 806776249
3 9683549
4 596793678
2 926915717
5 539223583
6 890758298
1 323246838
4 796984373
5 332040919
5 250476274
2 360272987
4 231631021
6 92065713
6 482673564
2 262650198
1 785034012
1 22825383
1 733449409
5 577628189
4 939201083
4 121510097
1 412689502
1 473035232
1 113143038
3 983497010
6 951492966
5 719967260
5 516932284
6 99798738
3 650146781
2 725701023
1 960217085
3 655359474
1 982587258
3 81631651
1 361157335
2 645821636
1 148726495
3 554923071
6 202593924
4 268867626
4 90801880
5 376473165
1 66200647
3 94834212
1 308280614
5 770887987
2 989341930
6 533827558
6 50221576
4 136270673
1 627259728
2 911471531
6 564460825
3 914769837
1 947151384
2 509231941
6 645093470
2 60584209
3 997477481
2 782653801
6 34707876
5 69975722
2 658286265
1 383252557
3 115506354
4 520240156
4 525112312
5 369443408
1 849721184
6 297510607
1 615363505
1 258003345
2 625970146
3 977990426
6 27302734
5 943362565
6 778093120
3 609917256
1 554769453
3 182709044
6 346990752
1 63632435
4 626378137
4 20946156
3 258683153
4 768559578
1 782046007
2 114972548
5 180895726
4 736791649
5 518143995
1 427745761
6 526738474
1 737646074
1 748238382
2 875953229
4 146383896
2 155049289
5 797383788
2 380205753
1 274607184
5 155535661
2 840720854
1 366820941
2 664993586
6 437720950
6 974582886
5 365870160
6 227753727
6 194716607
5 160130926
4 840270495
1 213321467
2 234532915
2 538083384
6 463583525
5 772657299
4 72450242
5 558281965
2 140676485
5 890300740
4 932424422
5 487539049
6 248272469
6 707914443
6 511372229
5 216383316
5 181597830
5 534953201
3 270518253
3 532556897
4 766666622
5 180235652
5 355852795
2 112522745
5 969886813
1 208338263
6 779184607
5 186806372
2 649603126
4 579712626
1 897889508
6 875271565
2 651676653
1 642685756
5 564314343
5 11984553
2 775158610
6 436969267
5 957695425
6 54280973
2 257665481
6 906378644
2 253525766
4 266630885
2 707870464
3 485492691
1 954366831
6 992271847
5 105167992
2 686447803
6 915164895
1 121255971
3 201181684
3 412896735
1 572266863
4 158218857
2 593922335
4 777960063
4 344721224
2 859865197
1 271995982
6 269624990
4 756241737
3 745276520
1 156449584
2 257962662
5 962595917
3 304060778
3 908000430
5 28837169
3 55097323
6 19130163
3 819078538
2 708871208
3 873975121
2 442778164
1 794448342
2 443030516
4 232172701
3 585688850
3 899289931
6 757364910
6 740275612
1 569630698
1 721344789
2 549406654
3 763386818
1 635785915
3 599256875
4 474533927
3 582058259
6 778719259
3 601712304
6 911534740
6 911965269
1 641351207
6 475255094
1 633130825
1 308806586
5 23064954
1 875495990
1 234897908
5 395140424
4 272514940
3 475573120
1 675855716
5 1411446
6 794386546
3 29785955
4 791965601
2 157555036
2 65193547
1 67481370
5 754936604
1 88281790
6 304364971
5 708038701
1 950666941
4 37678388
4 671783215
1 920693621
5 734507349
6 603744708
3 396937196
4 769084793
3 344405352
5 274565000
1 332332849
5 662154098
4 728830957
4 26591129
3 813857512
4 188625200
3 795043824
3 261240936
1 861998673
3 673150780
4 895014996
3 643780562
2 286904596
5 781202124
3 876043405
5 732404992
5 459692366
5 101471424
5 638161813
6 636146500
1 4349808
2 984263567
4 548792502
6 634018757
2 727884494
3 724491105
1 181923941
3 145221224
4 37685868
2 210902531
1 338064422
3 618115597
2 111221261
2 820247107
6 342227653
2 854735288
4 963933068
1 24240987
1 823417669
1 188403944
2 47267716
3 687165946
1 474777087
3 382983291
2 329798049
2 936386279
6 341260433
1 663060475
4 587778068
3 585590037
2 840247352
6 899378286
6 830695209
5 19937869
6 593552213
6 786021343
1 574502130
1 537531109
5 749150774
3 167589538
6 82922794
6 489644366
6 546405649
3 810978764
5 914994239
1 35639388
1 263642331
3 535021070
1 280746411
1 792835324
5 812308185
6 881816111
3 482493998
2 846966453
6 394295679
1 450101548
6 423424038
2 21448872
3 478371750
6 276062926
6 538700351
1 243891780
5 839964800
5 851313105
1 463791010
5 375963198
3 784472766
4 938587761
4 502275057
2 953542188
4 160146886
6 316373718
1 650994190
2 700752545
3 118838248
4 510924182
3 883764756
6 12010790
3 964418596
2 187632170
5 455889950
3 888525831
1 465303866
3 880735687
3 124624956
6 791853989
6 703403076
2 74927710
2 549514717
5 861923653
4 64195574
1 103163940
2 928669075
5 167136909
6 869487819
2 110160213
6 746119897
6 249526846
5 422568529
4 399456632
6 643114935
6 327380895
1 897943098
1 307214062
1 247888174
3 747787284
5 591654108
4 283441521
6 589689180
4 819713123
4 89051740
5 526096090
6 171466064
4 723722543
2 391057361
3 293865842
3 99709028
4 576142757
2 872554067
3 61190806
4 381442976
2 392644761
4 625399662
2 276549908
1 773154296
3 34469190
6 900003255
5 123844892
2 274946056
2 364126866
3 27732478
2 351311501
5 396044970
2 888572240
5 639141964
5 598804665
5 642238645
6 272510260
3 703124741
5 552329568
5 266886388
6 71604565
1 177166562
3 314060925
1 95764756
2 42986454
3 38906830
4 629941062
6 917506350
6 246485971
6 437946301
4 565187380
3 589838782
5 768926915
3 219978579
4 96243242
5 228873810
1 104412422
4 104959979
6 590145539
5 621444573
6 623364949
4 706587239
6 488074419
2 876831146
2 846859774
3 993312946
1 265178806
2 30428317
3 406509936
5 104723931
4 111397992
6 188627012
4 160179315
3 194269270
2 350111377
1 117901161
3 296762921
3 110583087
5 305593887
6 275222146
1 501884110
5 595233903
1 538993
3 35455982
2 911699744
5 108510014
1 218739209
6 106884148
1 134321123
6 205600845
5 316967909
4 251394626
6 495068639
4 153077353
3 718190733
5 670766695
2 778223134
6 258290061
5 900650049
4 756014162
4 195254731
2 320580326
5 486085118
1 872919460
1 481282862
5 985654348
2 602258547
6 249312097
5 678366726
6 647267484
2 213364479
5 779374409
2 706857892
3 761959516
6 123549106
3 767860192
6 554113684
1 802814462
6 182277387
4 608592981
2 55267281
1 833573005
5 484620575
5 152161699
6 236179136
6 806864426
3 291059367
2 847596732
1 758063047
5 974636431
1 840910970
1 862020766
3 136692465
6 302880194
1 726524228
1 142798558
2 705075359
2 10681358
5 704359336
2 284662236
5 167098870
6 377581583
1 169313163
5 998548413
1 407785391
4 345431659
5 524632224
2 360346653
2 319526488
5 363518913
6 336248730
6 729634740
6 839608543
1 299009411
3 707729436
3 694245627
3 857269550
5 305624581
6 99225538
2 400750664
3 48611348
2 54161715
2 935833160
2 3195697
4 556386943
1 618373170
5 186402374
1 601545509
6 84743556
6 894696608
5 711225509
4 774958111
4 455382883
1 335988412
4 265080094
4 448216864
6 72517559
5 164931514
2 131186030
4 384960458
3 207845035
6 139508136
2 79052906
1 670441897
4 952542223
1 779473451
6 941687942
4 169465250
6 470315450
4 46443202
1 156484314
1 998486462
2 850400112
5 164824245
3 958389103
6 290245569
1 527571766
6 233945450
6 126526866
4 91706219
4 253874063
1 430771311
6 190453638
5 115768177
4 618774791
1 594367516
3 844143080
3 238233627
4 524040233
1 350828297
1 346859799
6 291256117
4 926005468
4 166167691
5 506891506
4 312425928
4 350975116
5 989552050
4 440186022
3 469930339
1 97918776
4 781318895
2 333850343
5 251857040
1 97389188
5 407431568
3 482860245
1 562895499
5 210859334
5 595462787
3 293050754
1 369647614
1 822539311
1 322220959
5 220780026
6 5990092
1 168699389
6 26040529
5 15597290
6 530348053
5 427798353
5 96089082
4 205488905
2 673080136
4 101575917
6 17795119
4 120789054
1 770948851
5 274834372
6 713503903
6 687888787
5 59601607
5 828960510
2 129574234
2 757270318
5 264885511
5 954189259
1 994177778
5 425959681
6 929540808
3 123933605
1 216914275
5 771872103
6 337714628
1 414429920
4 997768465
2 924924339
2 234674007
4 81356720
5 767718767
4 981415818
4 229365042
1 545780199
6 532630932
3 578638730
2 232383736
6 486771766
5 247632590
5 721119890
3 973246947
4 805713639
3 281245171
1 892587710
3 753025256
2 530709808
6 84964789
3 554596686
2 840112719
6 246048126
1 987085446
4 533906537
4 889795797
4 313830375
5 115510656
6 287548055
4 790189118
5 939990513
6 392826561
4 136544801
3 236983974
2 914092539
3 808989464
4 591649526
1 591337350
5 929552614
2 168769970
2 756668337
4 624621893
2 152478246
2 956388493
3 8908898
5 692162587
5 856436266
4 71913431
1 452093174
5 957608797
6 714807571
6 467166444
4 525475846
1 97822566
3 195835979
2 841588866
4 772516134
4 122505356
3 170601756
3 65704721
3 162829001
6 39322094
3 729076211
1 658651573
6 932924853
3 481312964
6 116900296
6 606007485
3 840004252
1 121963570
6 681744616
6 175527541
3 662264488
4 105757034
3 72501608
3 2332392
5 72828410
5 6786951
4 85037398
4 92671996
1 789981214
4 655367825
5 129096976
1 155840774
6 228417501
5 359531643
5 62384453
2 879252122
6 701609285
1 142266640
2 768399302
6 742537316
3 253711552
6 877799264
1 733934504
5 374355016
3 171397466
6 20222986
1 940799340
6 553916157
5 463141811
1 536123534
1 698163833
6 197294879
4 177027980
3 282720572
5 477231984
3 83589572
5 238290606
6 297557374
6 583792656
2 611326450
1 868003763
5 453887261
1 505608340
5 827540473
3 592769239
2 923439454
4 688235574
1 12563717
5 213138473
6 961941918
5 12790492
2 351610275
2 577742654
5 781294999
5 997068713
6 456977302
1 164690303
3 638869689
6 890520154
6 113015445
4 126048179
6 683160494
2 390049911
2 234569567
2 66558207
1 856032990
2 860480782
4 494597334
3 635895799
1 289681311
4 467629531
2 154812965
1 232862756
3 621827713
6 539684877
3 670907412
3 545472865
5 505017007
5 83784016
4 118160588
5 543688907
6 363676056
5 818778705
4 173786446
4 580959473
5 936333659
3 249385730
3 647196416
4 251199994
2 11934896
1 940278744
5 913013538
6 480740927
1 645448038
4 614042277
4 704737837
3 806503181
3 34596088
2 932332124
3 398281418
5 471564625
3 557191806
4 788860004
3 59656339
2 604766096
3 651707092
1 790144799
4 650701894
6 556203107
6 355719842
3 106426654
5 27906887
3 857656957
6 954386328
1 77174447
3 393651117
2 624275673
6 112538252
1 835720679
4 388331400
4 66156771
3 397413690
5 93728424
6 420703099
3 753734222
6 957925933
4 976781901
3 954296579
4 313596771
3 930351181
6 829753113
3 353457739
4 428809870
3 780392837
3 80930048
6 108103914
5 875837438
5 677798577
2 871503519
5 26502491
3 705136099
6 701860182
3 10065226
6 661507356
2 185403243
5 68719835
6 7187028
4 877407334
3 403566768
4 690384836
5 888694000
1 93070120
2 758778068
1 309954254
2 45710450
2 681799524
5 932485514
1 201749450
3 49509868
4 834152626
4 797618264
2 811416288
5 972612668
6 265566415
5 749926778
2 147475531
6 302336844
1 557663585
1 11339326
4 648702503
6 713922803
4 477093360
6 995909419
5 226947998
1 987084725
5 105562399
3 279268221
3 16163092
1 464340714
5 729487457
5 997235039
1 909173088
2 370018823
3 243563113
5 203260289
4 633999090
1 303227170
2 81820246
5 142045160
6 449044809
3 909585670
2 876366885
4 138987472
2 44089635
6 884588210
2 293008065
1 24177248
6 131163166
2 33087290
6 485751835
5 693672692
6 812549150
3 279776479
5 471693202
5 490509435
5 282569117
5 185925623
5 117013390
3 200906613
3 595865360
3 557453484
2 320634179
2 902298924
4 384058233
5 79429153
3 574247135
3 402020470
6 784677028
4 108499392
2 185489192
1 611452729
1 834663982
3 586751318
1 717716412
3 184952212
6 219599442
4 338023890
1 746238838
6 956618217
1 94638323
2 730033606
1 973364063
2 865763174
3 869521000
5 819304382
3 710655385
4 290094859
6 80590631
4 775950024
4 86556625
6 885842160
5 310687966
1 34118099
1 30497765
6 411544248
2 927260767
6 512919101
5 420473395
6 318712125
5 190169252
3 307244733
4 95939054
4 425779809
1 158062000
3 749788951
1 311222352
2 762167223
2 554523480
6 41416078
2 185256999
6 293028763
2 205215799
1 705877785
6 997265222
6 47417086
2 610745486
2 669484180
6 269698571
5 173103624
1 117978286
6 185111962
3 289606827
3 495925866
5 421681074
1 220318482
2 563924078
1 1023166
1 823462591
2 297058786
1 233040045
5 140751517
2 98679330
6 731071783
3 713796541
6 95336658
6 365120766
5 606008745
1 875076361
6 419629922
2 491453145
3 774999601
5 273981205
1 389981759
5 591380365
1 755731253
1 27518144
2 702857766
5 757337070
4 47109265
6 313408764
1 630719272
4 705793546
1 582067044
4 986137777
3 641971002
3 436049169
4 762982856
5 228252578
1 699560230
1 719565020
6 950858250
3 94257462
5 777802316
6 278756093
4 663092575
1 610726329
4 688730314
1 562906944
1 154622097
5 224989006
3 566703673
4 227734459
3 321810683
2 100612325
3 216699988
2 947522953
5 280830054
2 788339237
4 584731186
6 970666223
3 444340089
4 487200599
4 12629763
1 89906446
5 380219513
2 413817389
1 939632250
2 32694147
3 456894748
5 255736524
4 678883801
3 871529537
6 219668058
1 212262415
1 143998067
4 978519896
4 323644932
4 277544907
2 855706642
6 959589014
6 725328138
3 537151345
5 267375209
6 485364875
1 184242089
3 470579854
2 569665209
1 89939123
2 246392837
2 745290175
2 736485948
1 998286080
2 619500189
4 124931558
4 148593371
5 723767055
4 796091179
6 31778584
5 116125840
2 15938035
4 400046211
6 271484988
3 72641677
1 375663045
3 830052195
2 78746416
1 240776389
3 895428140
3 881951494
5 9507047
1 881542692
2 354528111
3 795639745
2 958334574
4 391439715
4 188636295
1 329788207
6 687827615
1 852697285
1 107694702
2 479443418
5 169670794
4 994101674
2 256426162
6 536329324
3 811848087
6 177143072
5 414722346
1 469841746
4 710915545
5 23614426
4 255796826
5 533262011
3 917000779
4 623876838
1 966486249
4 460245604
2 402931785
2 263350192
6 178486395
2 698955577
4 765049837
2 164250379
1 827701928
3 102387757
4 16601805
2 773141144
5 147330635
1 96137988
4 248507895
1 142974751
2 684917025
6 803252893
3 129907586
3 361602564
4 162930977
5 802512931
3 964440804
3 497554277
3 160732340
1 150701164
1 142461362
4 360505806
4 11894332
1 363853339
4 245880072
4 106642437
2 797890723
6 390767798
4 209473305
5 491956188
3 557189563
4 840202876
1 549405528
2 749145867
2 182593704
6 776949143
3 360268781
5 89226952
1 613981950
4 164467782
3 20999747
2 908199783
5 747299608
2 943604836
1 648465668
1 34542846
4 382828354
5 186033854
1 391900224
1 168404712
1 754419289
2 119779301
3 643011502
3 678355339
5 524416140
1 289222054
2 993183018
3 464275278
2 571825902
5 109502842
4 568972877
3 323058099
4 139175267
5 194422252
4 813613585
1 122281691
1 273331568
4 967629608
1 189906918
2 452358013
1 983401930
6 360859563
5 124359484
5 681344359
5 118754554
6 78866754
5 446444471
3 626773987
3 19792339
6 653117564
3 147590297
2 963023612
3 126144001
6 680027555
3 665225358
5 873212202
4 221373263
6 116858429
1 26461002
4 7692754
5 53937048
4 690576014
6 848490529
6 679563029
6 141426951
3 506617076
3 9259165
2 372162017
5 102401375
6 813069559
1 183218687
1 255814741
1 508929951
6 745481331
4 119090034
3 330151974
4 145177173
4 533305301
3 540616235
4 879464567
3 912919759
1 418625208
1 899777487
5 274383883
2 994575816
3 727807854
3 31252536
6 45267794
2 210288680
6 412630028
3 409295046
5 684658294
6 454595403
5 558335390
2 687249863
1 692927789
2 736264143
4 516936452
5 85199413
2 201154926
6 757510102
3 374598352
1 284910757
2 953450749
2 236774461
5 981146126
2 965102952
5 619503858
5 858685887
3 969674657
6 446124780
2 910779114
4 779194108
1 59844234
4 29822786
6 68879067
2 399091958
3 862534463
3 455856803
4 405338118
5 779458218
2 277492586
1 975469493
5 200250819
2 248199751
1 977806895
4 150391570
1 7645080
3 194754888
1 174473573
5 86584920
2 635309609
1 810821644
1 94854884
4 27308470
2 958316079
2 589829504
2 428760385
1 223566190
4 172231821
6 11834396
5 291541964
5 817623133
2 277591679
1 561488638
4 74631318
4 943150596
6 897458803
4 97747316
3 242377127
1 418740391
5 66225804
5 249828337
6 465091328
1 749282353
3 286234764
2 391946072
2 240479954
4 103042478
5 247039857
4 674910109
5 340075920
2 427519
2 297231753
2 124094975
1 809473479
4 994932906
6 940135791
5 921862429
5 897872021
1 375817441
2 221434650
5 784335460
3 130215666
1 153439786
3 117033441
3 576751376
3 100356905
1 654465540
2 590383620
6 226167875
2 911372653
6 955277978
5 53823781
4 244069640
2 337767140
2 468417439
6 196475093
2 743491263
4 961107560
2 955631665
4 931723759
2 603261871
1 329973785
1 82455630
6 952294423
1 291380290
4 687820690
1 787185588
4 317974928
3 514475253
3 108926640
1 351124457
1 452326695
5 478988134
5 513736923
4 200623937
5 530797283
6 760950148
6 351010435
1 333522156
4 103070071
2 144401230
1 775071680
5 18695956
4 674918873
1 966253611
6 391628110
6 697670737
5 395154783
2 304809459
5 816255367
1 600114961
4 499487398
2 190432879
2 260177054
5 298050298
2 19790407
6 833474267
4 146960452
5 134877957
2 418434086
4 968866522
6 272867325
1 36764533
5 613853184
5 718888003
5 563571827
4 525891984
5 685176439
1 61392021
1 784936965
3 905087220
6 824309706
4 303839722
5 266785797
4 944363112
6 951463640
6 751830306
4 181037672
4 408896492
1 721137234
3 688746579
3 459752534
1 995297596
1 173706369
3 372185688
3 744546246
5 529133530
6 730521010
2 396241307
5 126748381
4 978454086
3 793120
3 41769143
3 529176083
1 245718103
1 754390718
1 17516379
2 949550605
5 872826573
2 890222008
1 672618874
3 219715934
6 277932224
1 325151468
6 410757277
6 919600853
2 996579893
5 24853525
1 257202123
2 255488090
6 194228666
2 357070727
3 278292087
5 359391930
3 642748441
3 898935491
2 792478029
4 309924673
1 478951185
2 90363512
3 440181767
6 506750191
3 942216263
2 191373530
1 916378417
1 573152856
5 368463029
2 60050156
5 753768531
2 186167334
1 384764047
1 884703556
1 748478742
5 17283289
5 903156452
1 514181044
1 578029163
3 955817423
6 36661061
6 427597489
1 701825740
2 814858437
3 198959063
2 186945996
3 394769709
6 96988003
2 655879657
6 475961734
5 518268153
