200 65673605
1 30181890 1
1 29250362 2
2
1 61997383 3
1 -17648337 4
1 -92905365 2
2
1 -89276676 6
2
1 -40710012 5
1 -81440182 6
2
1 87228675 8
2
1 -39749838 2
1 -11419965 6
1 89083479 9
1 57994252 10
2
1 83692990 7
1 18528874 11
1 91856379 11
1 -56888520 4
2
1 16663949 18
1 -19343092 5
1 -22985536 15
2
1 18549667 1
1 1798038 4
2
1 51612112 20
2
1 27179852 20
2
1 -20808733 14
1 -43726762 22
1 22538396 23
2
1 -50016372 7
2
1 29620623 9
1 -20148020 6
2
1 -51176177 21
2
1 -92497771 1
1 75696793 3
1 -24661273 13
1 59261508 21
1 -87425777 1
2
1 -15643536 14
2
1 -57733713 11
1 268638 6
2
1 -53772305 3
1 -40418940 24
1 78664793 35
1 94211969 37
1 51539729 31
1 -16637172 32
1 29135283 32
1 5534855 5
1 -11682991 42
2
1 18935365 46
1 40541157 26
1 53779511 4
1 -25995184 43
1 -33001780 42
1 77917978 43
1 16283936 33
2
1 -90730229 15
1 -74268328 36
1 -40789197 56
1 -86706076 56
2
1 59054382 1
1 -33088147 11
1 74927676 9
1 -15632765 34
1 45443647 30
1 -89052242 51
2
1 56951310 25
1 -67254866 63
1 95534415 3
1 90631599 49
1 27904563 70
1 -58288759 21
2
1 -9789084 2
1 96853653 3
2
1 97472403 19
1 3282415 2
1 88395636 19
1 -66517983 62
1 -99113864 1
1 -78419730 51
2
1 75770835 29
1 -42808809 24
1 -31113248 43
1 -57955249 76
1 -71419898 54
1 -10334086 84
1 65370269 5
1 28124460 80
2
1 23905155 83
1 45671588 39
2
1 -25317187 49
1 40679297 86
1 20400636 57
1 -78981579 66
1 96954967 39
1 30206860 84
1 94194509 95
1 7755949 85
1 70213920 43
1 -315661 45
1 23375970 70
2
1 -93520800 82
2
1 86798642 72
1 -53123061 13
2
1 -71365669 32
1 26964795 38
2
1 96163338 25
2
1 -56174169 86
1 -43463685 18
1 -47804029 26
1 -59973165 59
1 45028294 35
1 14153980 63
2
1 -50881019 97
2
1 -12586246 73
1 47799583 93
1 17140535 94
2
1 75637 37
2
1 25982950 61
2
1 11831233 62
1 -99061044 69
1 -47482950 87
1 -46027397 87
1 75743458 43
1 67616049 61
2
1 -86889361 113
1 86501503 64
1 5984638 6
1 -91652397 25
1 14442123 123
2
1 44765207 10
2
1 -79127844 85
2
1 -47486290 3
2
1 -55765046 107
1 67434182 64
1 -17460448 50
2
1 15942958 16
2
1 -30831480 24
1 51985507 18
1 -18151910 117
2
1 -32145329 21
1 -13574426 8
1 5093569 101
2
1 -61834004 26
1 88618175 109
1 60990747 79
1 96499248 45
1 -93945518 99
1 5665281 135
1 -99650706 121
1 70470936 111
2
1 -50868360 97
2
1 4736074 7