286634957
736688900
740908024
879348838
1185868074
1931172821
3418149751
4635301031
7023371867
7725635433
8384123647
12019065019
12069891994
12003493428
12017333998
17602532322
18888750399
19700278505
27374151547
36077660404
43724818184
53037673356
60982810555
66129069162
85071408345
100101842253
103171388060
126337807787
129302945142
130635853026
133952434677
136567769976
153790372350
157181241331
165417978317
172795666975
180564516092
203236399372
213087921558
217381169700
220237201374
224654866249
233178392113
237120477540
250352536366
257594002922
296800457766
301439858964