189473
95134
1000
1000
1867574
184949
471639
371104
1000
1000
543760
999
1000
995
1000
999
92799
999
4506441
575284
1000
1000
999
1000
99381
998
999
1718322
1000
4287039
999
1000
3795077
987
998
19434
3122892
999
2866852
281204
374354
239823
1000
999
1000
1000
2311722
3809117
1713414
1000
1000
978
2624022
1000
998
999
5619429
164099
2265810
1230311
1000
144147
61647
1000
1000
2245440
993
1000
1700099
4635344
999
361027
999
2520302
988
1000
1000
541784
1000
998
1000
435915
1000
1000
996
999
1000
2999531
19646
245795
1000
209035
1730335
240264
999
543466
2947339
1000
1000
2979332
3354919
933047
158894
1000
749483
1924230
5854
1000
566572
999
1000
674625
1926367
90964
2685075
776371
279374
322742
2627940
1000
3127348
1000
999
696510
1000
996
453442
990
409533
1000
1000
998
1000
997
1000
1000
170066
3906
994
999
4170907
1000
933035
1000
1000
1000
996
2541491
1000
1000
4092018
1000
235924
1000
3103888
346643
994
1000
1000
836803
1000
1000
161407
1000
995
1000
1000
1000
997
849752
3165454
2391966
951
1183369
1000
999
1000
1000
1695790
1000
428450
999
4683600
1724589
3205619
23443
999
1000
2819337
58004
1000
967094
1000
426487
2393314
1113695
2027438
2294518
480723
998
998
985208
1000
883510
1000
1000
792406
1819324
261338
1000
58642
999
1147422
1616606
1000
301447
990
1105678
1000
1408286
275719
1000
2275811
347120
1000
996
296563
1000
803911
2097412
3089449
523173
1000
2209135
892949
2300277
400153
574233
1000
999
123319
999
772
999
964
699031
135274
3714588
999
1000
4785953
856999
1000
1000
2429903
507282
1000
1000
450535
1000
1000
1498350
2112884
1093042
1000
623714
994
1419114
987
102897
202335
999
1067996
1000
8312
778328
467593
1000
1000
514964
1000
1000
2691051
1211478
2499856
1000
1000
976
996
1000
3867383
1000
1662942
167987
998
423059
1431870
1222708
999
2794288
1000
2942258
3337305
1000
1000
470546
3237606
1000
1000
1000
1000
1460078
29936
814263
999
1000
1046275
393749
214371
1000
2667056
2139914
1000
1000
1000
807543
3730240
614323
4240181
453620
219376
150716
997
1000
1913825
45205
2825956
1000
1000
331590
1000
1000
3082722
161760
2789567
1347501
1898214
987
182042
1000
63339
350495
14965
1000
2889063
376780
1698673
1989293
1000
742641
58242
1000
1000
251459
1000
1000
999
999
1000
846913
1000
1000
3461410
981
1000
1000
997
1424
2129
996
745727
999
326066
997
4593389
999
1000
1000
1000
2312345
995
1000
2577942
1000
241416
564250
999
1059868
974
412442
961
999
999
4339768
7738
1101240
1333199
997
639033
1000
1000
1000
3376444
1999351
1945343
995
1000
995009
918407
1000
179297
999
1000
400991
15913
1000
4330912
115161
1862088
1000
998
156735
2761642
1000
3969441
763
606764
999
875110
1000
1000
1010938
1946577
999
1000
999
84494
1813989
971
1000
1000
1000
565258
5046472
517963
999
1000
1000
251336
1000
1000
1000
1000
328030
1412874
1000
3422477
398305
1038851
1000
2780531
1000
1163224
1000
336620
16277
294718
1395559
505099
1000
980
429730
1000
978
1000
1000
965923
1000
1000
449865
1061367
999
1000
185845
36481
1000
1000
2159563
998
1000
319731
1000
1000
1000
999
513370
2777287
999
997
1137422
2439907
1406707
1000
1000
995
389129
1000
1000
1126794
1000
90263
1000
2761000
2861718
1767868
634063
1000
995
1265495
3307405
1929005
1000
750705
1000
3542300
588204
219200
3293955
1786337
821514
600571
1206820
880077
420514
1000
1000
1841469
1197647
1000
1000
1976042
2717660
1000
1000
1000
2472362
1000
1000
412890
1000
4896491
999
1000
1000
1000
591550
359381
4481730
1000
656215
1000
1000
1000
1000
673838
1000
982
203429
2384585
1000
1744348
1000
5121575
413253
1000
1000
1000
3134002
146414
2038800
3772241
1000
266205
1000
1000
999
1209930
1000
1000
200898
988
1000
887464
1000
999
993578
998
1932779
3653772
995
998
1643305
1000
1553329
3651782
99990
43687
4188742
1000
1779525
545944
999
999
4226174
411838
998
205406
3643089
3623673
2070208
615762
1000
1000
2874670
2879613
1000
6384
135451
1000
43469
1000
2334084
997
429749
1000
722938
4310781
1000
1509461
1000
1000
1000
999
4339507
4586192
1000
1000
1000
1000
1842515
1693553
998
3920540
998
1000
201420
986
536306
1000
1000
2362379
999
258272
1000
52757
1000
3393886
176486
100