10
96 242638
32 39 93 244 271 309 450 500 509 558 567 595 856 933 988 1203 1387 1441 1467 1482 1594 1649 1744 1875 1877 1879 1898 1912 1984 2085 2115 2162 2196 2432 2650 2690 3087 3211 3288 3327 3547 3579 4154 4261 4300 4473 4554 4569 4692 4723 4867 4876 4899 4943 4993 5078 5120 5298 5483 5588 5661 5686 5745 5780 5796 5809 5835 5913 6179 6267 6509 6795 7023 7233 7449 7543 7613 7649 7692 7762 7862 7955 8077 8100 8155 8301 8311 8612 8818 9459 9496 9646 9753 9778 9807 9992 
98 260499
340 366 513 531 596 669 689 876 899 911 950 1137 1160 1328 1351 1401 1427 1869 1969 1969 2125 2155 2162 2184 2242 2251 2291 2489 2501 2538 2605 2683 2766 2945 2958 2971 3047 3112 3148 3190 3256 3426 3440 3461 3735 3917 4146 4370 4506 4596 4600 4807 4862 4977 5098 5320 5478 5536 5597 5740 5885 6003 6375 6413 6416 6562 6826 6866 6971 7076 7283 7289 7306 7336 7400 7418 7628 7974 8259 8269 8331 8414 8643 8709 8818 8888 8898 8924 9115 9168 9210 9475 9523 9561 9725 9744 9778 9854 
94 215646
1 7 63 66 280 397 560 703 762 797 897 976 1077 1174 1242 1249 1292 1381 1732 1813 1860 1944 2018 2100 2172 2244 2266 2309 2345 2393 2410 2549 2613 2716 2787 3129 3317 3360 3473 3476 3490 3538 4391 4473 4668 5075 5104 5112 5220 5255 5349 5587 5662 5706 5743 5816 5825 5865 5981 6081 6177 6427 6669 6808 6983 7070 7144 7209 7287 7484 7658 7918 7933 7977 8124 8232 8232 8376 8388 8389 8405 8558 8619 8717 8906 8979 9278 9307 9356 9433 9507 9644 9762 9997 
93 249536
62 110 118 192 227 267 288 406 525 612 644 735 973 1204 1216 1238 1352 1469 1739 2185 2388 2408 2523 2593 2629 2740 2896 3040 3092 3226 3467 3468 3484 3504 3575 3689 4102 4475 4477 4510 4720 4793 4865 4962 5093 5100 5104 5135 5173 5189 5190 5193 5282 5336 5372 5848 5857 6021 6111 6116 6136 6686 6765 6813 6992 7174 7177 7250 7351 7403 7429 7578 7648 7660 7867 7941 8035 8071 8109 8620 8626 8841 8934 9075 9118 9222 9285 9300 9384 9414 9433 9480 9770 
99 245393
194 217 610 622 849 949 1090 1188 1304 1328 1334 1445 1454 1542 1603 1680 2297 2334 2567 2769 2816 3005 3017 3153 3154 3221 3244 3347 3381 3397 3558 3601 3607 3623 3727 3747 3772 3866 3994 4160 4223 4365 4512 4561 4672 4893 4981 5175 5275 5304 5342 5601 5724 5745 5836 5971 6001 6013 6029 6243 6261 6344 6375 6387 6434 6458 6501 6652 6658 6858 6868 7158 7201 7253 7337 7390 7547 7562 7611 7656 7780 7818 7875 7956 8079 8126 8317 8321 8364 8374 8424 8492 8524 8610 8667 8789 9241 9249 9560 
92 265122
14 146 291 312 437 598 721 872 960 1139 1141 1438 1451 1679 1683 1703 1716 2051 2280 2393 2423 2520 3190 3312 3350 3370 3396 3641 3840 3850 3947 4034 4199 4307 4438 4498 4748 4858 4878 4988 5081 5098 5098 5192 5278 5367 5397 5481 5648 5723 5813 5919 6266 6326 6378 6476 6653 6676 6797 6978 6986 7029 7209 7337 7361 7394 7424 7526 7683 7718 7807 8158 8166 8193 8254 8340 8452 8498 8501 8896 8922 8923 8927 9106 9127 9424 9616 9695 9719 9827 9831 9976 
96 276689
82 194 307 397 684 821 882 943 1044 1147 1217 1267 1297 1401 1415 1645 1773 1831 2092 2195 2370 2644 2727 2880 2888 2936 2944 2971 2976 3047 3212 3272 3382 3401 3466 3488 3497 3657 3731 3774 3794 3884 4313 4458 4465 4483 4616 4925 4955 4996 5010 5019 5036 5183 5267 5303 5328 5476 5508 5592 5688 5734 5761 5826 5847 6294 6582 6633 6700 6748 6826 6846 6882 6994 7280 7600 7703 7809 8137 8325 8654 8718 8743 8916 8939 9099 9164 9166 9291 9409 9516 9566 9601 9702 9715 9761 
97 250201
75 80 713 891 923 979 1008 1058 1237 1250 1343 1426 1457 1550 1807 1949 1953 2069 2215 2229 2242 2458 2510 2625 3121 3141 3297 3488 3651 3691 3731 4058 4208 4242 4256 4286 4452 4570 4572 4665 4831 4838 4922 4933 5199 5277 5301 5367 5426 5487 5533 5534 5534 5536 5686 5759 5767 5775 6053 6179 6411 6555 6579 6642 6769 7026 7138 7153 7171 7221 7435 7540 7629 7684 7888 8079 8104 8133 8273 8401 8427 8700 8711 8746 8782 8861 8872 9012 9200 9552 9563 9592 9719 9737 9872 9992 9995 
91 200373
168 506 508 534 718 790 821 827 849 889 1167 1476 1640 1694 1747 1757 1788 2008 2049 2050 2353 2433 2467 2473 2524 2619 2780 2792 3005 3137 3155 3184 3208 3353 3381 3467 3531 3574 3609 3616 3649 3803 4025 4036 4037 4146 4152 4480 4509 4900 5106 5467 5488 5517 5579 5959 6223 6382 6401 6402 6668 6814 6814 6856 7091 7167 7186 7214 7226 7226 7273 7308 7372 7379 7383 7620 7753 7756 7779 7949 8027 8138 8238 8273 8555 8691 8699 9023 9187 9511 9548 
94 249054
24 115 199 336 390 426 530 671 936 947 1008 1027 1161 1555 1641 1661 1921 1955 2043 2055 2210 2286 2821 2940 2963 3082 3155 3206 3233 3248 3346 3435 3503 3559 3737 3818 3924 3990 4027 4362 4475 4481 4487 4502 4737 4863 4871 5079 5340 5349 5408 5616 5662 5776 5875 6016 6137 6157 6196 6317 6396 6639 6670 6709 6770 6838 7170 7352 7361 7398 7587 7712 7777 7818 7924 8075 8106 8154 8296 8365 8453 8578 8754 8793 8825 9007 9103 9175 9387 9421 9432 9524 9775 9976 