1
50
23 42
7 44
21 38
44 43
25 48
28 49
24 9
17 32
38 40
15 29
1 5
42 38
18 2
16 1
11 16
19 40
49 9
47 16
37 5
35 48
9 25
41 9
20 6
2 38
14 23
22 14
12 30
13 11
46 36
33 23
10 40
5 50
45 49
34 33
3 4
39 36
6 49
43 25
50 43
48 19
30 43
32 42
29 32
26 44
8 9
4 40
27 32
31 36
36 49
48 19
15 3
26 11
20 49
25 48
45 49
30 43
38 40
50 43
41 21
19 40
11 30
24 9
10 30
43 25
42 38
28 49
6 31
12 32
37 5
44 43
47 30
35 10
29 32
33 23
21 38
9 25
8 9
32 42
3 33
49 9
13 17
36 49
5 50
16 1
7 9
23 42
18 2
22 18
27 47
31 36
4 40
34 33
14 25
1 5
39 36
2 38
46 47
17 32