53 100
28 16 71
12 19 93
19 2 32
50 50 60
30 6 10
28 24 76
5 37 30
5 17 6
14 30 91
16 53 92
44 36 64
33 38 31
38 47 59
1 33 78
22 51 103
21 25 102
3 52 106
27 25 9
7 26 61
15 28 56
13 18 25
48 10 34
22 23 25
47 36 23
7 53 12
26 32 41
29 49 23
4 50 44
20 33 10
45 30 13
37 42 65
5 26 86
36 40 34
13 33 77
36 27 5
8 25 108
53 13 16
40 27 24
19 35 67
39 4 108
44 10 61
47 45 18
19 44 58
16 17 29
22 31 79
7 1 96
21 42 114
19 1 105
44 17 100
43 49 112
50 31 75
4 23 48
19 19 108
11 32 13
23 46 63
32 16 67
44 3 107
40 22 46
14 29 46
36 7 78
31 44 49
46 37 6
52 25 94
15 48 26
25 7 50
39 3 90
38 4 109
34 2 35
42 17 109
52 31 58
16 41 44
46 26 50
35 38 14
40 8 59
5 9 80
27 6 6
13 15 109
25 47 82
22 16 94
9 28 6
23 23 74
35 41 11
28 47 38
48 52 62
34 46 112
29 47 82
10 1 82
12 19 100
36 6 114
13 47 82
50 37 50
6 40 74
10 7 84
2 10 111
25 50 29
4 18 85
12 6 97
46 27 65
19 41 4
12 19 20
13
70 36
9 54
82 59
8 19
51 13
82 10
92 37
37 74
53 96
1 63
8 44
33 44
83 89
