99 98
3391 6489 8269 7229 8554 7404 8675 5830 6039 9238 7397 4666 7226 8150 7830 6169 8341 7725 3598 4219 6743 8696 7960 7328 3129 7997 8837 9356 5907 3430 8274 8126 4828 9327 7151 4092 4594 8597 3944 8204 5740 8748 9564 5229 7863 6403 6133 3441 5921 7189 8852 3241 1891 4705 8734 8048 9066 3432 5063 8983 1875 7348 8034 5004 8757 6148 8315 3341 7508 9192 7394 6640 3832 8974 3035 7936 6400 3167 6246 7200 5529 7136 7409 6067 3012 3712 6656 7172 3657 3685 4377 5642 9554 8635 8684 5979 3796 7717
5623 5239 3697 7700 5585 6943 4503 8941 8992 5185 5550 3584 3802 4048 4232 8065 5501 4981 5822 3199 9369 9222 6285 8171 3642 7049 3844 5382 6676 8223 3347 4774 6846 5142 6542 8610 3149 4851 8412 8300 5059 7211 3952 8394 5769 3744 6741 5038 8788 6690 5663 6491 5668 9500 6341 7451 8695 4446 6187 6683 5653 6671 9454 5720 9127 7905 6703 8325 8662 5045 6818 4728 6228 8257 7967 4522 5094 6882 1890 5820 8485 3531 5712 9663 8391 9204 8613 9250 4910 8012 3954 6992 8912 5530 5598 7074 8876 6901
5561 5237 8307 4217 3321 7419 5851 5249 4496 7190 6610 6486 8252 3121 3408 4707 4231 5831 4787 8707 3212 5502 5230 6679 9114 8096 3555 7126 3941 9315 1863 7366 6543 6677 3101 5201 5986 9691 6493 6323 7062 3746 7640 6714 5035 3157 8369 7916 7671 9353 9030 8227 8188 6241 6959 4569 4921 7513 8703 6126 3905 7466 7548 5296 3322 3067 8817 7579 8366 3494 7272 5238 8139 7839 4508 5156 9307 6668 3987 6863 6411 5179 9394 5873 8799 4867 7996 5463 9082 5166 3768 6034 7510 6734 8658 6112 1858 8408
5356 7840 3722 9220 4478 7966 8592 3433 9592 5426 4383 8455 6050 8364 8842 6993 8644 8273 4418 4880 8765 1861 7871 6778 5597 7234 5019 7469 6410 5377 6761 7058 9590 8355 6625 4724 7536 9309 8423 3925 7549 5805 3756 4618 5393 4409 6785 9213 7598 3403 8853 5614 9049 8968 5581 8045 8244 4706 8540 8113 5486 8699 7616 5513 6394 6286 5804 7184 4525 7629 8482 2982 5535 8504 6325 3908 5942 5852 4014 6682 4661 6431 7938 6202 3118 7143 7302 7937 8670 9135 9659 5174 4060 7631 9058 8222 9651 5439
6441 7399 7260 5568 5255 6602 6583 3250 7957 9378 7117 1905 5495 8376 4187 7519 7266 3495 7603 4229 3953 7327 3651 8049 5011 5039 6101 9440 5934 7069 7015 4746 3846 4922 8528 8596 4284 7866 8148 9698 8585 9488 3864 5912 8874 8507 8938 5913 9140 6145 6744 4938 7630 9571 5532 7514 5688 4000 8014 3608 4887 5967 3660 1855 9339 8640 9618 3784 5036 3228 9319 4357 6933 5512 6001 6767 8880 3087 4477 6556 5793 5936 6122 8170 8887 5636 3716 5649 8281 3594 5309 8924 5223 8481 5065 5005 5344 3635
5704 5415 5959 4289 3931 4202 4762 7465 4638 6795 9278 5948 3346 9425 3383 4040 3801 8021 8891 7391 5897 7401 6320 3097 5290 5337 7943 6708 4457 4885 8872 6857 3477 7101 4460 6521 4399 4505 3850 4335 5177 3024 8071 9448 8598 7920 6110 3201 7486 7580 6519 9371 3305 4657 6360 3871 3520 9408 7837 6223 7038 6056 7625 4065 7672 3039 4123 5037 7893 6564 6763 5667 6193 8101 5067 8389 5747 3349 5113 8279 7048 5124 5960 6198 6344 4388 4019 4579 4443 8514 4011 6180 4576 4139 7720 6184 9234 8056
9281 6804 8372 6967 39 78 117 156 195 234 273 312 351 390 429 468 507 546 585 624 663 702 741 780 819 858 897 936 975 1014 1053 1092 1131 1170 1209 1248 1287 1326 1365 1404 1443 1482 1521 1560 1599 1638 1677 1716 1755 1794 1833 9338 4122 7918 7214 6352 9129 4025 9367 4079 6950 9391 5225 3600 7563 4347 9523 7231 6802 5896 4545 6390 8155 5723 4340 8105 7456 8812 8572 6428 9598 4704 8141 6090 7351 3098 5470 5361 5923 5301 7107 6896 5387 3702 3186 3705 6263 7929
8316 9626 8605 7315 38 77 116 155 194 233 272 311 350 389 428 467 506 545 584 623 662 701 740 779 818 857 896 935 974 1013 1052 1091 1130 1169 1208 1247 1286 1325 1364 1403 1442 1481 1520 1559 1598 1637 1676 1715 1754 1793 1832 7644 8594 5276 8940 9108 9529 4639 3852 8779 9272 1870 3326 5018 1881 3672 4095 5214 5733 7495 5058 4424 7651 3597 8823 9485 6944 6958 5347 9336 4384 6927 6281 6994 6507 4437 3566 5969 6902 9029 7057 4580 3665 5573 1868 5458 8209 7402
7932 8409 8033 7618 37 76 115 154 193 232 271 310 349 388 427 466 505 544 583 622 661 700 739 778 817 856 895 934 973 1012 1051 1090 1129 1168 1207 1246 1285 1324 1363 1402 1441 1480 1519 1558 1597 1636 1675 1714 1753 1792 1831 6849 5208 4392 7832 4679 8721 8564 6843 5906 9662 6238 7360 5419 8755 5814 9687 5708 7645 5033 3591 5500 7435 5760 3936 8088 7806 4228 6141 6904 4136 8388 6399 4179 9522 4763 6276 5221 8118 7138 7924 7969 9632 8772 8437 5154 9181 6651
6524 9004 6053 7340 36 75 114 153 192 231 270 309 348 387 426 465 504 543 582 621 660 699 738 777 816 855 894 933 972 1011 1050 1089 1128 1167 1206 1245 1284 1323 1362 1401 1440 1479 1518 1557 1596 1635 1674 1713 1752 1791 1830 6354 6078 9650 7512 8453 4924 5693 4677 5465 5247 3204 3601 5070 3558 4119 4375 6621 3296 5199 6600 7614 5669 8576 6490 6861 5250 7291 4968 4806 7930 4967 4076 4342 9254 5662 4782 4253 5197 7846 4452 5408 4767 5791 6389 7886 4411 8985
7770 9458 3352 6408 35 74 113 152 191 230 269 308 347 386 425 464 503 542 581 620 659 698 737 776 815 854 893 932 971 1010 1049 1088 1127 1166 1205 1244 1283 1322 1361 1400 1439 1478 1517 1556 1595 1634 1673 1712 1751 1790 1829 8639 4400 3510 7055 5312 6015 4303 5111 7663 5332 7995 4017 8942 4331 3516 8991 7157 3965 7412 7972 3959 5318 5322 4186 4221 7104 7723 5413 3416 4354 5528 7405 7554 6824 3027 4170 7492 3206 4200 5338 9412 7329 5298 8807 6820 4757 9249
3272 9621 5178 6011 34 73 112 151 190 229 268 307 346 385 424 463 502 541 580 619 658 697 736 775 814 853 892 931 970 1009 1048 1087 1126 1165 1204 1243 1282 1321 1360 1399 1438 1477 1516 1555 1594 1633 1672 1711 1750 1789 1828 6174 4294 5091 6417 4145 6893 6019 7560 5010 3985 5843 6512 4073 4499 7749 7173 8844 4795 3546 7561 8015 3298 4581 9471 4028 6873 3136 9015 7059 6502 9411 7531 6986 7518 5842 6663 9187 9649 9152 6907 4101 6449 6231 8473 4945 4083 4178
3117 9141 6728 8630 33 72 111 150 189 228 267 306 345 384 423 462 501 540 579 618 657 696 735 774 813 852 891 930 969 1008 1047 1086 1125 1164 1203 1242 1281 1320 1359 1398 1437 1476 1515 1554 1593 1632 1671 1710 1749 1788 1827 8306 5641 6391 5608 4519 9631 8153 3223 8803 5330 1880 8501 7828 5787 7991 6729 8053 9383 4823 6210 9239 4484 9457 7698 8185 7594 8901 7411 9285 9199 3245 5519 9150 9170 3090 4672 6324 8415 6667 5808 5359 5280 3139 7109 8125 5167 7125
5396 7248 7673 6473 32 71 110 149 188 227 266 305 344 383 422 461 500 539 578 617 656 695 734 773 812 851 890 929 968 1007 1046 1085 1124 1163 1202 1241 1280 1319 1358 1397 1436 1475 1514 1553 1592 1631 1670 1709 1748 1787 1826 9660 3615 4717 8451 4801 3076 4026 7608 7457 7992 4193 6322 8798 8200 5098 6969 4255 4402 9665 5726 3858 3460 6247 9316 1848 9065 9167 3043 4151 7369 7227 6588 4010 4247 7695 3978 4973 6973 8133 9566 7013 3592 4206 6930 7517 8172 3964
3739 4760 9144 9300 31 70 109 148 187 226 265 304 343 382 421 460 499 538 577 616 655 694 733 772 811 850 889 928 967 1006 1045 1084 1123 1162 1201 1240 1279 1318 1357 1396 1435 1474 1513 1552 1591 1630 1669 1708 1747 1786 1825 9156 9416 6654 3280 5073 8897 8546 7220 5482 4021 4148 5518 8480 3374 4584 7706 3224 8785 6562 4894 8083 4173 8431 9695 3838 3640 8145 7877 4962 8984 6906 3523 5670 3729 4013 4288 5473 5062 8463 6515 8522 8405 3354 4852 6136 7160 6890
5503 4856 6937 7390 30 69 108 147 186 225 264 303 342 381 420 459 498 537 576 615 654 693 732 771 810 849 888 927 966 1005 1044 1083 1122 1161 1200 1239 1278 1317 1356 1395 1434 1473 1512 1551 1590 1629 1668 1707 1746 1785 1824 6049 6204 6438 4920 5834 8764 7759 3165 7164 6063 9479 9381 4820 8638 9417 8219 3038 8956 4502 9148 8792 8627 4990 7250 3541 6810 4161 6891 5423 7897 3589 6450 9546 4753 5434 4433 7529 3662 9441 5539 4260 8194 6782 4052 4907 8995 5988
6987 3974 6648 8926 29 68 107 146 185 224 263 302 341 380 419 458 497 536 575 614 653 692 731 770 809 848 887 926 965 1004 1043 1082 1121 1160 1199 1238 1277 1316 1355 1394 1433 1472 1511 1550 1589 1628 1667 1706 1745 1784 1823 3299 3605 8794 5910 4593 4737 8162 8104 3080 6587 9354 9047 5116 8679 5006 3825 7210 8299 4330 3031 4617 3379 3236 5068 3764 3237 4004 5378 9022 8199 3359 6864 8258 4553 3996 9146 6673 6071 5619 7537 3691 4420 9243 7039 6799 9328 8681
8922 9397 3131 7605 28 67 106 145 184 223 262 301 340 379 418 457 496 535 574 613 652 691 730 769 808 847 886 925 964 1003 1042 1081 1120 1159 1198 1237 1276 1315 1354 1393 1432 1471 1510 1549 1588 1627 1666 1705 1744 1783 1822 3749 6813 8896 4961 8506 4162 7400 6166 3587 7033 6717 3077 5325 8002 8939 8357 6566 3763 9201 6674 8011 6087 4611 8789 7795 7853 3484 5847 3281 8483 5479 9639 3687 6058 1904 4007 4755 6452 9644 6404 4970 7615 4455 7743 3050 6234 79
7894 7819 4111 9429 27 66 105 144 183 222 261 300 339 378 417 456 495 534 573 612 651 690 729 768 807 846 885 924 963 1002 1041 1080 1119 1158 1197 1236 1275 1314 1353 1392 1431 1470 1509 1548 1587 1626 1665 1704 1743 1782 1821 7199 3486 4188 9506 4627 9041 1882 8687 3562 7609 3164 4883 4234 9469 7699 9084 5672 4637 7568 3752 4466 4498 9044 8704 4799 6501 4250 6460 3935 4159 8323 8474 4299 4440 3912 6724 5209 4652 9358 5444 4681 8766 5095 8945 7073 8373 5848
7236 5771 6788 6060 26 65 104 143 182 221 260 299 338 377 416 455 494 533 572 611 650 689 728 767 806 845 884 923 962 1001 1040 1079 1118 1157 1196 1235 1274 1313 1352 1391 1430 1469 1508 1547 1586 1625 1664 1703 1742 1781 1820 6310 5267 4863 4160 6499 5711 9596 7633 6192 9423 4997 4878 8395 8456 9577 7847 6955 8841 9489 5579 4747 6111 6183 3747 3504 7682 8321 7352 8773 1850 9582 6500 3216 5947 9490 5587 3244 6107 5392 3091 4115 4316 9196 5676 4267 5061 4458
4939 6686 6264 4285 25 64 103 142 181 220 259 298 337 376 415 454 493 532 571 610 649 688 727 766 805 844 883 2333 961 1000 1039 1078 1117 1156 1195 1234 1273 1312 1351 1390 1429 1468 1507 1546 1585 1624 1663 1702 1741 1780 1819 6976 6377 1853 5569 8301 7807 3590 4403 7816 9157 6103 4030 6895 8957 5866 4892 6443 3786 8426 5781 9620 9380 8103 9172 3329 7439 9575 3958 7712 9634 8822 6657 4904 8758 7174 7021 6732 4291 3652 5275 5583 4832 4563 6461 7729 6713 3084
7047 7298 7896 3230 24 63 102 141 180 219 258 297 336 375 414 453 492 531 570 609 648 687 726 765 804 843 882 921 960 999 1038 1077 1116 1155 1194 1233 1272 1311 1350 1389 1428 1467 1506 1545 1584 1623 1662 1701 1740 1779 1818 7446 7441 6939 8519 3664 8371 9604 6563 6287 7303 3283 7290 5980 4479 8040 7838 7433 8963 4868 3626 7309 8191 3599 5828 5410 5428 5151 7444 3363 9445 3285 5109 5627 9692 7721 9556 6911 6321 9177 4517 3160 6451 4662 4471 6250 3674 8619
8761 4752 5563 5149 23 62 101 140 179 218 257 296 335 374 413 452 491 530 569 608 647 686 725 764 803 842 881 920 959 998 1037 1076 1115 1154 1193 1232 1271 1310 1349 1388 1427 1466 1505 1544 1583 1622 1661 1700 1739 1778 1817 8502 6457 6455 3271 8535 6274 6936 6698 4266 4587 6920 6366 7998 3302 8947 5248 7895 3062 5136 5664 7320 4113 7276 9231 5594 3543 7624 6259 5451 8464 4842 4958 8752 5915 4486 3385 7292 9453 6798 6613 8402 7539 5963 8668 9331 3301 4743
8999 3437 3528 4891 22 61 100 139 178 217 256 295 334 373 412 451 490 529 568 607 646 685 724 763 802 841 880 919 958 997 1036 1075 1114 1153 1192 1231 1270 1309 1348 1387 1426 1465 1504 1543 1582 1621 1660 1699 1738 1777 1816 3364 8806 3068 3973 6662 6147 3306 3556 9120 7221 8180 3870 3631 6565 4682 7271 5357 5160 5908 7197 6077 9241 3104 5191 6369 5043 6054 9159 5565 4381 6156 6520 8203 3145 3126 6271 5026 3334 4777 4649 9525 3911 4419 7144 4006 5671 4346
7827 4946 4935 5003 21 60 99 138 177 216 255 294 333 372 411 450 489 528 567 606 645 684 723 762 801 840 879 918 957 996 1035 1074 1113 1152 1191 1230 1269 1308 1347 1386 1425 1464 1503 1542 1581 1620 1659 1698 1737 1776 1815 8744 3303 3177 7337 4559 9437 9333 3469 5618 7585 8475 3409 6426 9401 8611 7472 1896 8047 5385 8946 3267 3470 7851 5391 4983 8976 5372 9218 9608 6914 6533 5590 8447 4977 6119 6084 4141 3501 5220 4175 3529 8296 4843 8440 6736 8385 5492
7358 9019 6454 7940 20 59 98 137 176 215 254 293 332 371 410 449 488 527 566 605 644 683 722 761 800 839 878 917 956 995 1034 1073 1112 1151 1190 1229 1268 1307 1346 1385 1424 1463 1502 1541 1580 1619 1658 1697 1736 1775 1814 7416 9350 9301 5087 5582 8846 5982 5965 5710 8783 3957 8552 9682 6386 5114 7447 6934 9190 5888 8621 7094 8179 3389 8935 4702 6315 3834 4480 3467 7724 4551 4087 3481 8556 4690 5604 6814 7888 3166 8255 8089 5331 6510 9507 8676 5442 4338
4363 4956 6642 7263 19 58 97 136 175 214 253 292 331 370 409 448 487 526 565 604 643 682 721 760 799 838 877 916 955 994 1033 1072 1111 1150 1189 1228 1267 1306 1345 1384 1423 1462 1501 1540 1579 1618 1657 1696 1735 1774 1813 4033 3332 3797 7283 7577 5741 3407 9628 6484 3273 6134 7275 5628 7152 6833 8778 6495 7911 7970 7906 6753 4362 5575 5626 8724 7176 9595 5572 6365 6239 8723 8087 3146 9460 8906 6791 1869 3550 3857 3951 3459 7003 7308 8534 3308 4869 3511
6356 3509 8975 7791 18 57 96 135 174 213 252 291 330 369 408 447 486 525 564 603 642 681 720 759 798 837 876 915 954 993 1032 1071 1110 1149 1188 1227 1266 1305 1344 1383 1422 1461 1500 1539 1578 1617 1656 1695 1734 1773 1812 3568 8050 7046 7326 8367 5819 7262 6834 3873 9198 5126 9000 3793 5682 5861 4855 4358 6214 4565 6775 8661 4703 3986 4674 9366 9444 5412 8060 9558 9071 7095 5807 8085 6030 9045 9106 3737 9256 3518 3219 6576 5849 7669 6012 8731 8884 3290
4526 5414 8851 8498 17 56 95 134 173 212 251 290 329 368 407 446 485 524 563 602 641 680 719 758 797 836 875 914 953 992 1031 1070 1109 1148 1187 1226 1265 1304 1343 1382 1421 1460 1499 1538 1577 1616 1655 1694 1733 1772 1811 9470 6617 3106 8397 6916 7124 5510 6459 9388 4597 3072 4612 3343 6033 7477 7923 4034 6474 7158 8075 8239 6862 9115 4078 3366 8063 7122 7586 4899 4248 3581 4108 9008 6786 7321 9330 6956 9169 6552 3624 7185 5665 9433 4688 9265 3473 9298
7042 6275 8895 7032 16 55 94 133 172 211 250 289 328 367 406 445 484 523 562 601 640 679 718 757 796 835 874 913 952 991 1030 1069 1108 1147 1186 1225 1264 1303 1342 1381 1420 1459 1498 1537 1576 1615 1654 1693 1732 1771 1810 8756 5452 9495 7454 3621 3762 5833 6796 8420 9062 3999 5687 8664 4138 6548 8073 5880 5859 6205 3422 8571 4870 5165 4348 6135 7027 4430 8595 8541 3304 3610 8909 4053 3616 3609 6844 9072 3297 6055 4560 5222 8811 3295 1907 3743 8324 6432
3025 4988 4730 3355 15 54 93 132 171 210 249 288 327 366 405 444 483 522 561 600 639 678 717 756 795 834 873 912 951 990 1029 1068 1107 1146 1185 1224 1263 1302 1341 1380 1419 1458 1497 1536 1575 1614 1653 1692 1731 1770 1809 4683 3019 4723 3342 7768 7857 5768 3822 6269 3086 4874 7530 7238 7681 6719 6130 7406 6596 6935 5506 7464 8551 3823 4673 5266 5577 7142 6295 4015 3644 8215 7476 5703 8419 3650 4024 3439 4864 5673 4242 5351 4530 6153 8117 8016 9219 5785
8666 8302 9406 1893 14 53 92 131 170 209 248 287 326 365 404 443 482 521 560 599 638 677 716 755 794 833 872 911 950 989 1028 1067 1106 1145 1184 1223 1262 1301 1340 1379 1418 1457 1496 1535 1574 1613 1652 1691 1730 1769 1808 5077 7835 8735 8338 6037 9672 3536 9681 6899 7873 4349 3144 6182 8725 7876 5595 3192 6088 3757 9446 4344 3122 4397 3580 8469 6132 7944 5780 5244 3325 3095 3950 8677 5184 3646 4934 7448 6620 3808 8381 7732 3889 7779 4368 6626 8796 9260
8115 4099 5406 8966 13 52 91 130 169 208 247 286 325 364 403 442 481 520 559 598 637 676 715 754 793 832 871 910 949 988 1027 1066 1105 1144 1183 1222 1261 1300 1339 1378 1417 1456 1495 1534 1573 1612 1651 1690 1729 1768 1807 5398 8587 3821 8024 8949 4055 7785 7379 3394 5746 5362 7060 9428 9670 7505 6917 9633 9560 3582 8862 9110 9279 4135 4069 3287 6425 8544 4583 7427 6220 4275 6526 4128 6483 8649 5674 7802 8636 3909 5718 8309 4278 6196 3872 6910 3982 3081
4521 8994 3645 3014 12 51 90 129 168 207 246 285 324 363 402 441 480 519 558 597 636 675 714 753 792 831 870 909 948 987 1026 1065 1104 1143 1182 1221 1260 1299 1338 1377 1416 1455 1494 1533 1572 1611 1650 1689 1728 1767 1806 9335 3187 6506 4216 4445 4906 6100 3970 6716 6629 5818 3011 2963 2915 2867 2819 2771 2723 2675 2627 2579 2531 2483 2435 2387 2339 2291 2243 2195 2147 2099 2051 2003 1955 7194 8035 8680 8694 5454 5757 3393 3499 3474 5041 5750 3681 7341
7080 4235 3604 4831 11 50 89 128 167 206 245 284 323 362 401 440 479 518 557 596 635 674 713 752 791 830 869 908 947 986 1025 1064 1103 1142 1181 1220 1259 1298 1337 1376 1415 1454 1493 1532 1571 1610 1649 1688 1727 1766 1805 7471 4029 3063 3766 3107 7745 8914 6000 5345 8078 3120 3010 2962 2914 2866 2818 2770 2722 2674 2626 2578 2530 2482 2434 2386 2338 2290 2242 2194 2146 2098 2050 2002 1954 9153 7393 6165 8871 4621 4915 7135 9526 4900 3096 3795 1871 3927
4423 3755 6244 3553 10 49 88 127 166 205 244 283 322 361 400 439 478 517 556 595 634 673 712 751 790 829 868 907 946 985 1024 1063 1102 1141 1180 1219 1258 1297 1336 1375 1414 1453 1492 1531 1570 1609 1648 1687 1726 1765 1804 7735 5588 3336 3445 8671 8890 5983 6023 6680 7242 3782 3009 2961 2913 2865 2817 2769 2721 2673 2625 2577 2529 2481 2433 2385 2337 2289 2241 2193 2145 2097 2049 2001 1953 9484 7096 6631 8294 6436 3779 5516 3414 3065 4408 3633 7338 8738
7398 6723 9574 5683 9 48 87 126 165 204 243 282 321 360 399 438 477 516 555 594 633 672 711 750 789 828 867 906 945 984 1023 1062 1101 1140 1179 1218 1257 1296 1335 1374 1413 1452 1491 1530 1569 1608 1647 1686 1725 1764 1803 4308 5371 7784 6884 3485 7956 6401 6498 8466 9533 8081 3008 2960 2912 2864 2816 2768 2720 2672 2624 2576 2528 2480 2432 2384 2336 2288 2240 2192 2144 2096 2048 2000 1952 3378 5090 6812 6312 4937 7868 4329 9504 5099 3397 6915 6836 9017
6509 7012 3029 4802 8 47 86 125 164 203 242 281 320 359 398 437 476 515 554 593 632 671 710 749 788 827 866 905 944 983 1022 1061 1100 1139 1178 1217 1256 1295 1334 1373 1412 1451 1490 1529 1568 1607 1646 1685 1724 1763 1802 6924 9124 4965 3706 9337 8767 3279 3895 5536 5654 7129 3007 2959 2911 2863 2815 2767 2719 2671 2623 2575 2527 2479 2431 2383 2335 2287 2239 2191 2143 2095 2047 1999 1951 8142 4740 3655 8138 3026 3865 8600 7670 3411 4352 8140 6004 4803
3884 5364 6304 6307 7 46 85 124 163 202 241 280 319 358 397 436 475 514 553 592 631 670 709 748 787 826 865 904 943 982 1021 1060 1099 1138 1177 1216 1255 1294 1333 1372 1411 1450 1489 1528 1567 1606 1645 1684 1723 1762 1801 5487 5188 7103 6102 6888 4857 5943 6697 9057 6538 9130 3006 2958 2910 2862 2814 2766 2718 2670 2622 2574 2526 2478 2430 2382 2334 2286 2238 2190 2142 2094 2046 1998 1950 6897 5949 8567 4005 9549 9348 3907 9235 9402 3569 3804 9463 5097
7836 5545 6974 5069 6 45 84 123 162 201 240 279 318 357 396 435 474 513 552 591 630 669 708 747 786 825 864 903 942 981 1020 1059 1098 1137 1176 1215 1254 1293 1332 1371 1410 1449 1488 1527 1566 1605 1644 1683 1722 1761 1800 4327 5145 6334 8762 3902 6472 7365 7737 8246 9655 3249 3005 2957 2909 2861 2813 2765 2717 2669 2621 2573 2525 2477 2429 2381 922 2285 2237 2189 2141 2093 2045 1997 1949 8643 4116 3060 5935 6614 8220 6962 7431 6644 4805 5240 9372 5898
5211 8178 4350 5629 5 44 83 122 161 200 239 278 317 356 395 434 473 512 551 590 629 668 707 746 785 824 863 902 941 980 1019 1058 1097 1136 1175 1214 1253 1292 1331 1370 1409 1448 1487 1526 1565 1604 1643 1682 1721 1760 1799 3116 6595 9026 6458 6730 5858 6047 7604 1902 5285 8863 3004 2956 2908 2860 2812 2764 2716 2668 2620 2572 2524 2476 2428 2380 2332 2284 2236 2188 2140 2092 2044 1996 1948 6866 8642 7934 4182 9134 6931 4879 3812 6021 5245 8370 4960 6996
5531 4813 4328 8599 4 43 82 121 160 199 238 277 316 355 394 433 472 511 550 589 628 667 706 745 784 823 862 901 940 979 1018 1057 1096 1135 1174 1213 1252 1291 1330 1369 1408 1447 1486 1525 1564 1603 1642 1681 1720 1759 1798 9248 3056 6806 7874 8131 6608 4127 3809 6097 6104 5023 3003 2955 2907 2859 2811 2763 2715 2667 2619 2571 2523 2475 2427 2379 2331 2283 2235 2187 2139 2091 2043 1995 1947 8234 4860 6946 4646 4999 5476 8834 6076 5661 7277 7063 6319 5631
7293 6409 9637 9031 3 42 81 120 159 198 237 276 315 354 393 432 471 510 549 588 627 666 705 744 783 822 861 900 939 978 1017 1056 1095 1134 1173 1212 1251 1290 1329 1368 1407 1446 1485 1524 1563 1602 1641 1680 1719 1758 1797 8249 9578 5894 7493 9264 7377 6280 3268 3897 8763 7679 3002 2954 2906 2858 2810 2762 2714 2666 2618 2570 2522 2474 2426 2378 2330 2282 2234 2186 2138 2090 2042 1994 1946 3619 9603 4382 6353 7927 9292 7050 8058 6190 3661 7521 4413 7192
3960 5496 7919 5823 2 41 80 119 158 197 236 275 314 353 392 431 470 509 548 587 626 665 704 743 782 821 860 899 938 977 1016 1055 1094 1133 1172 1211 1250 1289 1328 1367 1406 1445 1484 1523 1562 1601 1640 1679 1718 1757 1796 3629 3094 4630 7880 5007 5647 9221 4556 5029 4364 8702 3001 2953 2905 2857 2809 2761 2713 2665 2617 2569 2521 2473 2425 2377 2329 2281 2233 2185 2137 2089 2041 1993 1945 3696 3710 5537 7112 4249 3335 4507 8588 4050 5615 4645 3923 8745
5964 6253 3390 7367 1 40 1847 118 157 196 235 274 313 352 391 430 469 508 547 586 625 664 703 742 781 820 859 898 937 976 1015 1054 1093 1132 1171 1210 1249 1288 1327 1366 1405 1444 1483 1522 1561 1600 1639 1678 1717 1756 1795 7076 9615 9434 6952 6951 4614 3711 5637 9345 3585 8882 3000 2952 2904 2856 2808 2760 2712 2664 2616 2568 2520 2472 2424 2376 2328 2280 2232 2184 2136 2088 2040 1992 1944 6108 9652 3425 9176 7843 8287 3251 3678 7912 6118 8161 7085 6695
8827 8132 5096 8182 6601 6727 1846 6692 3042 9208 5021 8606 6392 4373 7963 8476 8625 5401 8568 8143 4008 4925 5135 3382 7525 3222 3264 4541 5812 5342 5450 5640 6242 7620 8285 8174 7524 6547 5840 9478 3975 4214 7951 7346 6582 6854 8330 9080 7648 4700 8108 3879 7386 8488 6853 9175 5081 9565 8254 6249 5956 7864 2999 2951 2903 2855 2807 2759 2711 2663 2615 2567 2519 2471 2423 2375 2327 2279 2231 2183 2135 2087 2039 1991 1943 5652 8894 4976 4876 7347 3893 8590 6980 4280 9226 6447 5369 6152
8120 6793 6159 5283 3260 6230 1845 5774 8461 9193 3247 5206 5016 3161 6260 4318 8612 4450 5706 4302 7230 5783 8580 4365 3431 4964 3300 4453 4277 7043 7280 8529 5743 4780 4199 5469 9510 3606 6977 4436 7196 6372 3497 3282 9677 5646 9623 5032 4898 3137 9573 4881 3401 4536 5643 9094 7483 7533 6825 3675 6211 7001 2998 2950 2902 2854 2806 2758 2710 2662 2614 2566 2518 2470 2422 2374 2326 2278 2230 2182 2134 2086 2038 1990 1942 9587 4830 6758 8398 5735 4966 7426 9466 7764 3318 9236 7284 3113
6216 4622 6749 6696 3396 6028 1844 5844 4735 3338 4056 7551 6453 9210 4239 7818 1854 8776 9389 3595 5639 7418 4144 3041 5453 5696 7007 8029 6746 6429 3189 8111 4416 7299 7087 5556 8795 4562 3402 6704 6876 4917 8726 6997 4353 7286 7218 8669 7756 4259 5057 8486 4036 9477 9385 9112 3918 3836 7100 6913 9191 3159 2997 2949 2901 2853 2805 2757 2709 2661 2613 2565 2517 2469 2421 2373 2325 2277 2229 2181 2133 2085 2037 1989 1941 3684 7758 3262 5187 6043 9370 7301 5327 7193 8892 3735 6699 4592
3984 4456 3695 6647 5691 4888 1843 4485 3155 9474 7898 6586 3649 5767 7600 6123 9467 9016 8237 4511 8454 4663 4319 6361 9576 3491 7870 8361 4776 6456 3119 9534 5366 5282 5715 7973 8379 8555 7826 7935 5534 8460 8736 3916 3654 3854 8228 5600 3105 4044 9451 8923 4197 5168 6845 8253 3075 6069 5462 5399 8467 5321 2996 2948 2900 2852 2804 2756 2708 2660 2612 2564 2516 2468 2420 2372 2324 2276 2228 2180 2132 2084 2036 1988 1940 7715 4421 5100 5686 5775 3868 6694 5763 8737 9240 9303 9594 7249
6639 8403 9074 7312 8604 3827 1842 8517 3412 3963 3507 4537 3727 3972 8337 3428 6025 4684 3980 5233 4218 3708 3021 9393 6440 4414 7198 9060 4642 5326 8706 9697 8969 5212 3586 7233 6571 3666 4671 4555 3920 8648 8267 5071 4227 6346 5130 6581 3771 6979 8458 7183 5754 8589 4895 3475 4909 7527 7869 9032 3450 8280 2995 2947 2899 2851 2803 2755 2707 2659 2611 2563 2515 2467 2419 2371 2323 2275 2227 2179 2131 2083 2035 1987 1939 6636 5622 6871 6265 7566 8875 6070 6475 5753 5527 5353 4039 4286
8064 4320 4810 6867 4680 4274 1841 9363 9087 5716 6827 4132 4844 7153 7245 9317 4133 9342 8293 6098 6886 8620 4164 7564 4626 9645 5497 4936 3638 6790 6815 4405 5074 8346 7375 3570 8950 3567 5286 3213 7787 8201 4653 6225 3880 7771 4369 8805 6163 5504 6989 3617 3983 8495 5620 4183 4902 4057 8149 7481 9640 3525 2994 2946 2898 2850 2802 2754 2706 2658 2610 2562 2514 2466 2418 2370 2322 2274 2226 2178 2130 2082 2034 1986 1938 5689 3603 8472 5483 7834 4632 5546 6144 9532 7565 7357 5370 3175
3930 3289 7747 5341 9296 5303 1840 7954 3882 8801 8116 3047 8238 5064 3526 5320 3886 8410 9396 9455 7571 6965 8987 5945 7701 7904 6359 4631 4606 6427 7459 4082 5121 8861 8915 6840 4547 7572 7852 8979 4992 9037 3102 4207 7590 9306 3085 8484 9375 4301 5228 7710 8187 4198 3947 9251 7219 4929 9160 8027 7204 9122 2993 2945 2897 2849 2801 2753 2705 2657 2609 2561 2513 2465 2417 2369 2321 2273 2225 2177 2129 2081 2033 1985 1937 4841 9028 8259 4487 7268 5261 4629 6065 8413 3576 8843 3742 5164
6832 5265 6068 6209 6085 6024 1839 6715 3203 8996 1888 8007 7056 9184 7592 7098 5684 9528 3447 5607 5737 7488 7099 8448 3714 4783 7145 4204 8497 8652 9211 5885 9073 9622 6592 7849 3732 8211 8936 5383 8777 8633 8445 5424 6297 8319 6783 6330 8751 5742 5745 3057 1859 8919 4149 4018 9246 6511 7731 6612 4582 3658 2992 2944 2896 2848 2800 2752 2704 2656 2608 2560 2512 2464 2416 2368 2320 2272 2224 2176 2128 2080 2032 1984 1936 7917 8098 8122 8076 4604 9257 3554 4038 5677 9462 7958 8746 9013
4020 8163 7882 8688 5489 5440 1838 5400 9351 6869 5328 9384 9166 4110 7769 6185 8329 9025 6941 7403 4307 6232 8303 8740 7017 7243 5801 8742 8005 9009 3977 4439 5333 7740 6201 5978 7092 9398 4106 8363 7139 7831 8705 4240 5659 7373 8046 6568 5339 3961 8261 3721 5505 8186 8818 8310 4143 3158 4589 8618 6822 7908 2991 2943 2895 2847 2799 2751 2703 2655 2607 2559 2511 2463 2415 2367 2319 2271 2223 2175 2127 2079 2031 1983 1935 6154 4573 8414 7304 6337 7550 6406 9027 8855 7281 3370 3989 3673
4401 4591 5287 3259 4926 3176 1837 4750 6643 8728 7009 8208 6424 5169 3919 8189 9347 3956 6637 9320 3874 7844 8393 7962 7575 3128 9255 8183 6385 1873 3265 6603 6889 3404 5386 3625 5732 3418 4367 8205 4473 4548 7110 5395 9215 4712 7353 3451 7070 8657 7425 4814 3209 6294 8753 9052 6290 4927 9514 8804 6106 6770 2990 2942 2894 2584 2798 2750 2702 2654 2606 2558 2510 2462 2414 2366 2318 2270 2222 2174 2126 2078 2030 1982 1934 3548 9067 8672 4872 8023 5273 6393 6831 3135 8277 4691 6678 6462
3179 6057 7761 7363 5292 3373 1836 6052 9295 5190 7018 5719 5709 8743 8978 8626 4816 5567 3133 7872 5899 9155 5478 8421 4022 5307 8452 4081 5624 7436 6026 4790 3620 9083 6086 4412 8847 5554 9641 8066 8927 3862 4461 8245 3994 7899 3214 8030 3309 4610 9180 8970 6124 4951 4035 3637 6282 5892 9145 3968 5274 7559 2989 2941 2893 2845 2797 2749 2701 2653 2605 2557 2509 2461 2413 2365 2317 2269 2221 2173 2125 2077 2029 1981 1933 6633 6991 6842 8312 5022 5054 8465 7760 3487 7955 4003 9068 8425
5449 6660 5182 9183 5421 3754 1835 8250 4620 5000 4494 7774 3530 4181 5731 9111 4356 5574 9689 4315 8236 5176 8270 8401 8374 1865 4535 5216 8328 7167 8080 8441 3023 7458 9075 8241 7044 5881 7273 5558 3040 5186 6314 5836 6177 9619 8276 3353 8689 4640 9078 8683 7118 5860 5491 5192 7639 7910 6826 9268 3533 7169 2988 2940 2892 2844 2796 2748 2700 2652 2604 2556 2508 2460 2412 2364 2316 2268 2220 2172 2124 2076 2028 1980 1932 4788 5950 6605 5129 6585 4648 1872 7815 6878 7208 4447 5916 5429
9070 4158 4114 7534 4243 6267 1834 3945 7259 9646 6487 4103 6794 4955 8523 4096 6073 8109 3565 8375 9552 7691 4784 9086 3103 4809 4529 5107 3380 5841 4215 7235 5678 6748 8899 6313 7378 7643 3229 6080 3538 6444 8202 7808 8780 8386 5150 4941 3142 9136 7396 9497 5076 9018 9648 3648 7261 6072 7415 7108 5634 8825 2987 2939 2891 2843 2795 2747 2699 2651 2603 2555 2507 2459 2411 2363 2315 2267 2219 2171 2123 2075 2027 1979 1931 5464 9647 4770 3310 5101 3669 9555 8044 4177 5789 5447 6752 8025
7974 8510 3207 5961 5380 6819 9097 4742 8493 6711 6803 7342 7081 3781 7022 5790 6530 8082 9548 8525 5172 9259 6195 3323 3438 8248 8650 4531 8433 9671 4571 8278 9544 6721 4550 9274 3915 7343 8505 5756 5968 2598 5120 8231 9653 3073 3736 5542 3966 7983 7430 3314 6990 8197 4685 8032 6045 7155 4091 6257 7376 8782 2986 2938 2890 2842 2794 2746 2698 2650 2602 2554 2506 2458 2410 2362 2314 2266 2218 2170 2122 2074 2026 1978 1930 8112 5050 8998 6380 5570 6875 6415 7607 7361 4779 6953 7131 3789
5784 3534 8889 6528 8816 3181 6082 6664 8169 9282 9349 3760 5625 8634 7688 7086 3686 5869 6218 3114 5044 4068 6527 8491 6954 3277 7438 6508 7468 7562 5417 9486 6171 7583 7666 6900 5679 4817 5599 5025 3740 6305 9267 8710 9407 3703 3926 9414 6546 4568 8980 8857 8826 6466 5343 3707 7925 8678 9161 9200 4959 4969 2985 2937 2889 2841 2793 2745 2697 2649 2601 2553 2505 2457 2409 2361 2313 2265 2217 2169 2121 2073 2025 1977 1929 4603 9597 6221 7722 8264 6555 6382 3288 7891 9242 5981 6855 7945
8591 8539 7209 8870 6968 7410 6503 3032 8158 9361 7515 7860 3835 6789 4624 4311 6252 5821 8754 4370 7091 4911 7119 3839 3253 9561 9387 9182 3924 3979 6326 4105 9362 6784 4846 6227 6921 4312 5329 3316 7137 3955 3092 6516 4692 3948 1887 3842 4251 6094 5797 6841 9329 8165 8873 5368 6293 4442 8036 4791 5349 4427 2984 2936 2888 2840 2792 2744 2696 2648 2600 2552 2504 2456 2408 2360 2312 2264 2216 2168 2120 2072 2024 1976 1928 8286 6175 9557 6702 7333 9069 8127 3074 4293 3115 3917 3386 9542
7596 5773 5865 6347 8164 3193 5397 7628 7928 6482 7892 5734 7011 8971 3141 7812 8768 6437 6188 4117 6131 7728 3803 5540 8094 4804 9535 7161 4932 8362 6762 6189 4174 9194 8443 7829 7246 6829 5105 8018 7257 8331 7179 9701 7191 3578 5198 5702 4721 3194 4729 9696 5730 6809 3537 3513 5289 6370 9516 4837 3108 3583 2983 2935 2887 2839 2791 2743 2695 2647 2599 2551 2503 2455 2407 2359 2311 2263 2215 2167 2119 2071 2023 1975 1927 4824 8308 6928 9283 3512 8173 3069 9263 3887 5103 4890 4341 4131
5146 9404 7862 4100 8877 9550 4482 4380 3799 9432 9164 5929 6318 4822 4472 8067 8655 8424 3853 9515 9567 8859 3034 8849 6496 3480 9418 4600 5459 8214 3632 4258 9269 5490 7237 5977 4223 6381 7036 8944 3052 7526 7380 8848 6194 4713 6138 4306 6331 4741 8334 7763 5920 3387 7842 3934 6658 3929 3627 8518 4449 8952 3028 2934 2886 2838 2790 2742 2694 2646 4226 2550 2502 2454 2406 2358 2310 2262 2214 2166 2118 2070 2022 1974 1926 5001 8989 5825 4789 8628 4549 8266 6186 5761 8417 9195 8651 6653
3420 9694 5281 6374 8110 5872 7546 7658 9305 6646 5110 9050 7339 4943 6544 3046 5297 4109 8283 8213 3938 6388 8759 6874 5996 8838 6883 6434 7646 8396 4126 4037 7775 6975 4882 9638 4359 9459 4948 4112 5200 4191 9668 6172 3188 4241 7979 3765 6922 6339 7766 6357 8000 4203 5651 4398 9390 8384 8784 8069 5724 5953 2981 2933 2885 2837 2789 2741 2693 2645 2597 2549 2501 2453 2405 2357 2309 2261 2213 2165 2117 2069 2021 1973 1925 4146 8918 4407 8210 8176 5163 8359 8095 7793 6160 5102 3018 7599
7475 8954 4527 7305 5685 7123 4142 5555 9562 9379 4459 8268 6032 4268 3443 7913 6237 4481 3240 6983 8230 8570 3211 9216 7762 5407 7794 7684 8701 6839 4225 6412 7146 3863 5523 4658 8608 4659 4023 6628 7810 8637 9093 5586 8697 6464 8146 9588 7654 4171 9212 5690 4339 7576 9627 7782 9373 5475 6311 4071 3030 3109 2980 2932 2884 2836 2788 2740 2692 2644 2596 2548 2500 2452 2404 2356 2308 2260 2212 2164 2116 2068 2020 1972 1924 9318 6725 3881 7825 3939 4001 9365 3698 5441 5083 4290 7148 8343
7865 8732 5461 4438 4230 4792 4833 6272 4733 6549 7463 3990 5403 7024 3082 8797 3843 3726 5838 3962 4647 7323 6800 3701 4708 5835 6995 6129 7726 4125 8858 9090 3890 6504 5012 7933 8840 7228 9392 3855 7355 4195 6421 9674 6139 8232 7159 8225 4492 9276 9174 3571 9178 5541 3319 3490 7553 7986 6301 1899 5202 8860 2979 2931 2883 2835 2787 2739 2691 2643 2595 2547 2499 2451 2403 2355 2307 2259 2211 2163 2115 2067 2019 1971 1923 6283 8713 9415 4749 3878 3770 8800 9593 3928 6909 5264 8499 9501
9121 5644 1901 5701 5593 7573 6540 9502 3225 9476 4838 5515 7709 5193 4264 7584 5488 7487 7102 4488 6984 9277 9010 6985 8291 4224 4184 7626 5138 6551 6416 8934 7023 5060 7105 5119 4608 5517 7116 8352 8196 5457 5616 5227 4189 8380 3811 3612 8645 6038 3639 7314 3185 5997 8582 5254 9077 9117 8932 5903 7479 6553 2978 2930 2882 2834 2786 2738 2690 2642 2594 2546 2498 2450 2402 2354 2306 2258 2210 2162 2114 2066 2018 1970 1922 6988 6737 5085 3152 7188 6279 7182 5868 9475 9054 4426 4978 5388
8134 9530 6358 3498 8489 4467 5305 6288 3061 5015 4395 8609 9483 5862 6807 4140 3442 3246 6539 3906 6278 4332 9271 4300 5837 4031 1851 5455 7264 6835 7503 3307 9359 7641 7574 7388 6075 6149 5075 5272 3709 5707 4104 9461 7288 4271 8553 6579 8575 6567 4811 7976 6150 7269 4634 9053 6387 8054 4903 6852 9468 8322 2977 2929 2881 2833 2785 2737 2689 2641 2593 2545 2497 2449 2401 2353 2305 2257 2209 2161 2113 2065 2017 1969 1921 9035 6641 6751 8711 8690 7887 9007 5985 3173 8533 6128 5180 8217
6860 8813 4693 5499 8378 4919 6903 5874 5611 8318 4417 7884 9324 6851 7294 6317 7885 6046 7030 9616 9355 5891 5713 8377 5278 5792 6940 3493 9664 7332 6675 4465 3761 6217 9494 7687 3785 6207 7752 1876 7313 7461 7178 9374 9636 4220 4390 5973 3892 6850 8632 4283 8925 7175 8561 7999 3922 6712 8808 5521 3636 4451 2976 2928 2880 2832 2784 2736 2688 2640 2592 2544 2496 2448 2400 2352 2304 2256 2208 2160 2112 2064 2016 1968 1920 5777 3284 4074 3734 3423 4454 9341 5128 7265 8428 9048 3828 4002
4633 4738 5125 9055 8041 5118 7254 8019 6093 5507 5494 7680 3361 7900 8953 6594 7300 5084 4836 8673 9275 7705 6978 6740 3607 5477 8624 6659 9173 4236 8344 9230 7588 4281 4509 7915 4773 7541 5765 5863 7788 9364 8471 9286 5952 7154 6170 7982 4168 4641 8908 5161 9023 5143 1852 6479 8622 9602 8193 4656 8771 8665 2975 2927 2879 2831 2783 2735 2687 2639 2591 2543 2495 2447 2399 2351 2303 2255 2207 2159 2111 2063 2015 1967 1919 7078 1867 5839 1856 7589 7757 5940 4953 6960 8741 3532 6016 8342
5955 9294 6859 6151 5975 5173 7582 5520 9189 1874 6591 3079 8865 7990 5782 5219 6125 9512 7485 6684 4317 4847 4797 5758 7988 3547 3291 4884 5884 8916 4590 3191 6240 8001 7850 8869 8092 9284 4261 3351 7395 8559 3348 5645 4605 4668 5904 8616 6117 5080 4954 6161 3269 4463 7318 4989 8717 9511 3239 7647 5279 4759 2974 2926 2878 2830 2782 2734 2686 2638 2590 2542 2494 2446 2398 2350 2302 2254 2206 2158 2110 7707 2014 1966 1918 3837 4510 6168 8917 8061 9291 6009 5291 7736 6622 7950 5384 6925
5557 4785 6742 9409 5905 8691 8656 5207 7371 7120 6146 3454 6618 7881 9524 3083 9125 7922 4134 3988 6624 3718 6383 6303 9098 4839 8584 8332 3016 7879 5879 3693 5409 6801 3333 4049 9699 4233 4858 8478 5958 4602 3452 5939 5700 5725 8026 3602 4794 4933 7319 7224 5020 9426 5610 4201 3478 3719 7804 3967 3055 6419 2973 2925 2877 2829 2781 2733 2685 2637 2589 2541 2493 2445 2397 2349 2301 2253 2205 2157 2109 2061 2013 1965 1917 4434 4616 3376 5603 4515 8263 9642 9600 7114 4130 6847 8157 7455
7068 6367 8190 5405 4930 4850 4080 5924 6932 7133 5335 4732 1894 4696 4853 4490 3184 3792 8641 5373 7240 9517 8977 9690 8339 8714 3519 7215 7278 8336 6423 8973 7496 3015 8290 9033 8602 3360 7004 3539 6395 5613 3622 6155 8284 7587 9323 6270 7611 5236 5551 9629 3482 8986 8351 8964 7252 4298 6127 3668 9085 3064 2972 2924 2876 2828 2780 2732 2684 2636 2588 2540 2492 2444 2396 2348 2300 2252 2204 2156 2108 2060 2012 1964 1916 9601 3515 5466 9332 3218 3776 5218 6709 5729 4263 5877 7359 3731
4731 8810 5422 4279 7987 3848 7170 6203 5966 9288 7619 5591 3715 5317 8716 6471 8693 9326 7467 8348 9179 4124 3456 5089 9399 3111 7593 9447 4448 9452 5051 8791 5153 3783 8400 5728 5759 7942 8438 3449 7453 3728 3815 5675 9101 7132 3933 5944 6469 5762 4337 5106 5078 6718 7071 5738 4254 4489 7556 3579 9289 4751 2971 2923 2875 2827 2779 2731 2683 2635 2587 2539 2491 2443 2395 2347 2299 2251 2203 2155 2107 2059 2011 1963 1915 5493 7686 8335 7813 9443 4739 4295 4654 4528 4796 8545 3618 3233
9538 8320 8583 6348 9002 8885 5779 4213 7627 8282 5300 8821 8059 3998 7171 3885 8212 6570 9611 7638 5241 6590 4470 6007 4120 9304 8353 3904 4586 9491 9340 5404 7602 6029 8526 5755 1885 4676 9302 5870 6792 4675 4190 5030 7961 7941 4736 6376 9536 6964 3395 5951 5893 6689 4908 8948 4309 3440 6488 6739 6766 5511 2970 2922 2874 2826 2778 2730 2682 2634 2586 2538 2490 2442 2394 2346 2298 2250 2202 2154 2106 2058 2010 1962 1914 7370 6405 9661 9012 8905 7244 3049 8972 3676 7225 4827 8114 4429
7542 8404 6982 7601 3806 5995 5017 3424 3344 7274 5875 8574 8292 8854 6634 5909 5258 7079 6754 4520 7345 8492 6206 6480 9223 4166 6777 3313 4385 6418 8958 5314 5800 5132 8256 3232 8195 7156 9227 8593 9492 8685 7741 6757 3946 6277 8383 5375 6655 7696 7223 7383 6981 3688 8229 6167 9505 9059 8406 4345 6912 7322 2969 2921 2873 2825 2777 2729 2681 2633 2585 2537 2489 2441 2393 2345 2297 2249 2201 2153 2105 2057 2009 1961 1913 3417 4914 5972 1864 7389 4063 3162 5053 5175 7077 3036 5883 3243
9658 6998 8347 5243 8631 8965 8512 3266 4808 4829 4619 3700 7149 5584 6212 7535 5474 8100 3814 5251 5543 4651 4698 7890 4518 3457 5727 7824 3995 5617 5433 9185 8221 8893 8260 3163 7675 4089 4963 6494 7750 5232 5158 7422 5436 3775 4355 4282 3400 7798 8272 9154 6226 3680 4058 9206 5389 7883 8251 4998 3168 3044 2968 2920 2872 2824 2776 2728 2680 2632 2846 2536 2488 2440 2392 2344 2296 2248 2200 2152 2104 2056 2008 1960 1912 3522 6013 6700 4995 5538 7251 9293 3869 3496 9162 8749 6738 7544
3110 3017 9325 8418 8629 4714 9630 7742 5974 4444 9314 6245 5699 4825 4761 4718 7147 3059 6040 6870 4495 9224 5047 3089 7306 9313 5648 4769 6669 3369 9421 5427 8275 3692 6378 3851 3178 9149 6336 7985 7765 6233 4205 4246 7946 4991 4775 8538 5257 6580 3628 9237 7462 7984 4701 3453 5533 9439 5832 3217 5204 6235 2967 2919 2871 2823 2775 2727 2679 2631 2583 2535 2487 2439 2391 2343 2295 2247 2199 2151 2103 2055 2007 1959 1911 8653 9229 8091 4615 3461 7975 9133 5514 5566 7523 7494 7253 9228
7783 3535 8902 4567 7449 6477 6972 8068 5481 8449 5946 8911 8356 3388 3242 3682 8102 4699 9139 8563 6589 3724 3276 6251 6328 3502 5722 5367 7082 6384 6179 7413 7311 3741 8646 7499 3791 4722 7902 4670 5381 7296 4793 3210 4256 3614 9625 9147 8543 4812 9287 7545 3468 8718 3410 6375 4372 6560 7072 7106 5055 7480 2966 2918 2870 2822 2774 2726 2678 2630 2582 2534 2486 2438 2390 2342 2294 2246 2198 2150 2102 2054 2006 1958 1910 3943 5122 5605 5786 5911 9203 8326 4066 8151 8659 8667 5857 6929
8982 6137 9064 4043 3921 7755 3238 5571 7362 3875 7617 7090 7141 4153 5379 7163 3134 8077 9568 4625 4643 8836 4533 6541 7993 7903 6769 3753 4085 3112 3901 5443 9539 7650 3713 3813 4561 7683 5014 8298 8233 4577 6343 3730 6157 8819 7854 6881 9520 4980 8586 7693 7655 9343 4497 4118 1884 3738 5928 9043 5778 7714 2965 2917 2869 2821 2773 2725 2677 2629 2581 2533 2485 2437 2389 2341 2293 2245 2197 2149 2101 2053 2005 1957 1909 9643 7041 5299 3861 3458 5048 5914 9262 5824 8532 9273 1860 8327
7289 9334 6445 8686 7949 5435 8565 4137 4272 9051 7128 6042 3751 7540 6362 9686 4786 6755 4415 5931 6942 8513 6923 4950 6465 3215 3699 7977 7093 7859 9702 7201 7440 8144 6760 3190 9547 4523 8787 6879 8038 9586 5420 3254 4391 4745 7809 5181 5580 8434 9258 8881 4121 3258 4873 7959 3542 3778 4834 6492 5031 8235 2964 2916 2868 2820 2772 2724 2676 2628 2580 2532 2484 2436 2388 2340 2292 2244 2196 2148 2100 2052 2004 1956 1908 3317 9321 6837 3053 7636 7507 9419 6970 4596 9046 7045 5294 7016
6096 3611 5609 8198 3435 9186 6476 6615 8446 4476 6745 7557 5744 5027 4297 5630 7821 3524 5993 9128 7089 5954 8020 7713 3630 6756 3037 4949 9036 3690 5363 8793 8920 4694 5256 8910 4996 6816 6342 7316 9553 5549 5253 7181 7511 3054 3150 7861 5315 4059 3476 3337 1892 1866 7532 7222 5816 3777 4157 5766 5411 4849 8429 8603 6572 6261 4513 3311 9297 7702 8959 9521 5438 6219 8207 8615 8833 3261 7168 6838 5803 4314 6081 5194 5088 4167 8368 9580 7800 6681 4818 3758 8549 6945 6350 8578 6074 7177
3472 7980 9450 5680 7660 5692 9261 5148 5989 3949 8866 5355 8524 7497 8062 7186 8097 3356 7719 5809 5430 7635 5927 7442 6687 6537 3849 6619 8304 4798 8548 4601 6109 9545 6872 7926 9092 7703 6823 4845 4474 6949 5887 5013 5576 8832 3643 5319 7867 9675 6584 4765 4650 9039 7005 9034 6164 5856 5271 9700 8814 8079 5764 5348 3940 4695 9431 9270 3819 7848 4871 8730 5418 5313 7180 7994 8614 5485 4172 3720 6048 3123 6229 5082 4147 3810 4269 9131 7676 7084 7613 4296 7665 3833 4194 8997 4097 4994
3375 8444 4493 9563 1849 6848 8121 3371 4574 6448 3900 3479 3421 5157 4532 5601 5990 9679 5681 5009 9116 6497 9442 8057 3641 3557 8521 4129 8988 8218 3725 9100 8051 6535 4387 3563 5633 3540 4585 5739 7685 5770 6140 3398 8579 9143 5656 8660 7578 5269 9669 9063 5799 9006 4222 4501 9377 3171 7331 7310 3860 8407 4047 7381 4086 5467 8786 6120 6258 8868 8360 7317 3088 8022 9436 8457 3694 3545 9493 6248 6014 3051 3315 3070 8459 5480 4726 7297 9104 5751 7642 3415 4854 9091 7751 4212 8055 5170
5826 3866 6044 5472 5183 3226 5108 6296 9207 8981 7491 4819 9247 9360 6222 7522 4310 1895 1903 3841 8542 6446 7216 7010 7423 4877 3824 5042 5498 7088 6919 4916 8137 4570 8365 3464 5147 4678 6114 3020 1898 3465 4062 3426 6089 4901 6947 7689 9232 7667 4578 8052 7443 3750 6468 4245 8929 4154 5810 6575 8802 8511 3552 3138 5402 6095 3500 4152 3045 6623 5131 7811 9123 8224 7344 4669 3197 9001 3392 3704 6215 5024 7203 6420 9266 4913 6035 4758 1878 8720 7205 5902 8537 7028 7424 7279 5932 9609
7295 3339 9137 3048 4088 4169 4538 4781 3596 7547 7952 5308 9606 5262 9465 4768 8560 4835 8509 6099 5141 9079 1877 9076 5795 7591 4292 8573 5941 9449 6764 5340 6200 4972 3231 4404 7478 8390 5242 7097 8951 5217 4270 7777 3180 4180 5602 8931 5919 6091 4483 3143 6616 5112 7931 4262 7796 4441 6162 4016 5196 8930 9308 4334 3220 7330 4928 8160 4754 3800 7856 3444 5215 8712 9346 9357 6966 4070 6905 4244 6002 8297 3182 5876 3358 3066 7817 3263 5922 9537 4324 3997 4821 9435 5252 7484 3634 6604
7504 8090 8961 6402 8747 8247 7652 5304 8008 5524 7350 5606 4051 8904 6545 6289 9113 2062 6478 9583 3817 4905 3234 7066 7820 5203 9188 4500 4613 9252 9614 8824 3623 6514 7150 5336 6442 4756 4725 6329 6345 7772 9678 5306 3256 8392 3805 3293 6349 3683 3903 9541 1883 3257 3093 5508 9088 3679 4554 6006 6115 4326 6243 5562 6422 7610 7569 6224 9572 3898 4163 8017 9543 7889 4766 5721 5117 9003 5139 7134 4564 5471 7354 6710 5034 9438 6707 8314 9585 6017 9656 4667 9667 3677 5666 7781 4061 9021
6284 7622 3914 7803 5288 7657 3270 6531 6031 5316 5365 6059 7780 9400 5346 6333 3521 9519 4539 7730 8820 9410 5991 4343 4032 3527 7285 5374 8470 7213 9584 8192 9386 4514 5806 8288 3829 9518 5638 4209 8349 3429 7140 6273 8774 7267 6808 8898 4094 5445 3992 5376 6292 5794 7632 4655 7621 7382 9089 6598 3774 3840 4072 8845 8311 1857 6797 8084 6630 6908 7474 9591 3099 5553 9657 5657 9095 7020 5456 7432 6368 6036 3227 8099 4543 6661 9126 4208 8442 9151 4875 3937 3748 8135 8354 6340 3367 7744
4425 7256 8166 8867 4156 8009 7668 7739 4333 6666 3794 4689 7385 3058 6918 8129 5293 4098 9508 4687 4866 7372 7581 6414 8037 6430 5544 6176 6731 4304 8990 6005 4636 7111 6632 6208 4524 8500 3483 7778 6868 3574 7207 7965 7489 5889 9197 5171 3275 4468 5205 8933 7407 6435 4077 8340 6213 8295 7014 8010 8003 6371 3125 4826 5926 6828 3312 7543 3613 5596 5635 3910 9673 6338 9107 5284 5695 3790 6781 5992 9056 4772 8913 6611 5123 7704 3124 3508 7790 3274 5890 5957 4686 3357 1906 8477 8399 3147
9352 8550 4107 9014 7374 8028 5971 7217 6529 8479 4861 1862 6559 9464 5845 7054 5115 3202 4952 8043 3845 6064 8106 7841 3324 7623 8136 5484 6865 8547 8993 6532 3330 7384 6938 9420 6062 5853 6485 9344 9579 9480 3767 5930 4609 5632 5815 6061 3172 8345 5749 7307 8317 3350 6765 9569 4896 8184 9685 5578 3022 9605 5358 5002 3671 6178 3462 9163 5548 5998 3659 6142 5850 6780 7336 6470 3969 8494 4660 7421 6255 3154 6467 5394 6652 7206 9081 5796 7801 6351 7212 5987 9610 9209 8216 6558 9217 4027
4252 4558 9666 8487 5140 3413 7909 3759 8031 4716 3780 7555 8124 4862 8709 8607 3198 9559 8432 9024 4599 8462 3549 4196 7490 7356 4257 7470 8830 6373 7690 9214 8382 5714 9527 7939 6335 3667 5522 4432 6018 4957 4764 8864 3100 6670 5811 4711 7349 3573 7429 3505 8107 8790 8527 5882 7247 8960 5813 3331 7414 9158 9205 3327 5999 7734 6008 8243 7434 4807 3772 9472 8271 7664 3717 4009 7833 4012 3434 8536 6051 7538 9456 6299 9245 6787 8427 7516 5802 9168 5984 5210 3372 8955 7528 3656 3345 3899
5547 3140 8128 4305 9498 8520 9599 4815 9430 4588 4516 7064 5564 8503 3506 5772 7034 9132 5162 7692 6433 3170 7287 6691 6505 5895 9654 5302 4185 3689 4276 6693 4848 7325 9310 4912 5938 6092 3913 4366 5525 8156 6066 4422 9103 4361 6379 6236 6554 7187 6957 3071 9570 8888 7855 4093 8515 9403 8435 8815 7019 5817 7805 3384 4552 8663 8147 3368 4709 6821 6779 8733 5748 6308 9171 7335 5155 7612 5231 8558 5846 4893 5694 6397 6355 4727 7006 5925 7968 6309 9684 4102 5093 6191 6894 3560 4800 5354
7754 9540 3235 8305 3419 4064 7270 4897 3365 8700 7445 7971 4211 6561 4918 6606 7716 3153 4379 1886 7083 9109 3195 4371 8042 7053 6407 5390 7748 4410 8430 4923 9612 6181 8828 7907 7767 3991 7051 3769 8206 5127 7067 8967 5137 5736 7482 6685 6926 8770 6364 7947 7195 6105 9102 8581 5260 8850 3888 5432 7597 8562 4464 8119 7649 5937 8900 3883 6396 3489 1897 3588 7026 4506 4378 6027 7822 4598 7324 5324 9482 4715 4067 7166 3446 4150 4931 9225 8654 7964 8039 7075 8496 5717 9096 7786 7452 5352
7113 5259 7498 4336 9376 5798 7901 4322 4665 5134 1879 9424 3200 4542 4435 9382 7718 9105 5431 6733 8692 6856 3130 5144 5901 6599 4889 3575 3798 5189 9676 7460 7364 8468 4389 6638 5612 3514 7789 8962 6772 6898 3976 4635 7727 4840 6892 5226 3503 7008 7392 9473 6262 4986 3981 5072 9607 4540 5079 4273 5334 8387 6523 8072 9138 4431 9038 3286 5867 3971 9496 5933 8289 6079 7733 6963 8350 6266 7387 3551 6291 6113 5246 7162 4469 8086 3151 7677 3427 8883 6774 6776 4287 5660 7130 3577 5878 9513
3436 6627 8781 5655 3208 8879 5658 4942 8531 7797 9693 6199 6143 7417 3320 3248 7606 3856 4084 3876 8769 7656 7501 7506 9413 3891 5092 6522 5864 4778 8181 3896 7845 7040 8775 4192 7570 4428 6771 3377 5855 5295 9011 9422 4265 8682 7255 8411 6768 5526 3127 5323 5976 6534 3221 9683 8226 8674 3292 4566 7002 8422 9061 4595 4886 6720 7420 9202 8130 3328 5133 7473 5871 4628 3156 6463 5697 7814 7428 9427 3132 6885 5360 7792 1889 7037 3788 4210 3405 3455 8439 5448 8175 4944 6650 9253 6254 8729
4546 9688 6173 8093 4734 7025 8168 5268 8750 4045 7921 7502 4386 6578 9290 8569 5509 4974 8760 8829 3647 6298 3830 8242 7662 7202 3278 8508 6830 6302 9487 3572 6645 6948 4940 5066 8313 6306 6811 9099 4313 4394 7065 4475 3831 5918 6327 7776 5235 6268 5234 8943 4321 6518 8557 9503 5460 4165 6971 6759 9405 5263 6481 7121 4155 7708 8719 6750 8739 7567 8907 7035 5270 6805 8921 4971 6158 3942 4979 8006 6877 6413 7989 4744 6022 8074 4572 9005 9481 8070 3252 8839 6574 7000 6010 7659 5028 4374
4985 3787 5962 4557 6688 6256 7697 9322 5827 4396 9551 7282 5468 6961 6649 8450 6577 7753 4237 8715 6887 3847 6439 7694 7674 5552 5277 6398 3196 5159 3859 4865 3078 3993 3517 4575 8835 5589 6573 8490 8878 5886 3670 3877 3653 3593 8831 6083 4975 7653 5752 6316 3255 4491 8013 3362 3174 8152 5994 5008 7595 5437 8708 6593 7799 3826 5310 7953 7711 5900 6665 4771 6569 5046 4406 7661 8617 8566 8358 9244 7408 4720 4046 7948 9624 4075 6672 4323 5917 9042 5854 3663 5829 7052 4512 8262 7029 8903
7509 7437 8265 4054 8436 5416 4544 6999 5049 7552 3820 5560 4176 6747 3867 7678 3381 3932 9499 6332 1900 6003 9311 7978 8577 7241 7738 9299 9581 4351 5104 4947 8240 3723 8154 6121 3492 8727 6517 9395 8333 9119 8177 6609 4719 8886 9368 9118 5698 4360 6300 9617 5195 4664 4984 3033 4987 3488 4090 4982 5559 6817 7450 8698 3463 5970 5425 4623 8159 6536 9040 9509 6705 3183 8416 3816 6550 6041 7258 4393 6607 6525 5224 7334 9589 3894 4859 3399 7232 5446 3745 6197 4534 3471 8623 3561 3559 4644
7914 3818 6858 8167 8809 4710 7115 5086 7878 5056 6020 3733 8856 6706 6701 5621 7061 5311 3466 6722 7634 5776 4462 7520 5213 5350 8123 6597 3205 5788 7239 3169 3773 9680 8647 5650 4042 5040 7031 3294 7981 6773 4748 8928 3807 7823 6635 7858 6116 4041 6726 3448 3406 7127 4697 9312 4993 6880 3148 8004 4238 3544 8530 4504 8601 5152 4607 6363 3013 4376 8937 3340 7500 4325 3564 6735 9635 7875 6513 7746 5592 7773 9531 5705 7637 9233 9613 9280 8516 5052 9020 6557 7165 8722 9165 9142 7368 7558
