3
200
84 87
87 92
84 77
77 57
57 46
57 41
57 58
87 89
41 40
41 38
77 78
38 37
46 45
92 97
77 116
58 62
37 184
37 35
45 162
57 56
38 25
38 17
58 61
116 119
77 82
184 189
62 150
17 15
40 172
37 33
17 146
78 79
92 93
116 130
57 34
116 121
121 123
56 51
79 100
162 163
45 18
40 7
62 65
33 32
40 68
33 30
89 108
92 95
40 69
30 27
89 193
68 171
33 198
62 64
130 134
162 164
79 80
58 59
80 90
78 106
189 191
84 85
164 165
51 52
52 72
134 137
34 29
189 190
65 66
32 31
134 138
51 50
184 185
172 173
100 101
146 147
58 60
37 36
130 132
121 124
150 152
101 183
80 81
92 94
29 13
101 102
56 6
138 140
119 120
51 55
93 111
50 49
37 26
165 170
55 158
13 12
69 11
137 142
38 5
60 48
134 135
130 133
165 169
191 192
40 3
48 47
81 114
193 194
17 16
184 188
193 195
152 154
130 131
92 143
154 155
25 23
173 175
101 103
121 122
116 117
164 168
56 200
175 176
175 179
94 149
90 91
29 28
37 1
66 44
52 71
116 118
143 144
85 86
152 157
51 53
91 110
121 128
13 74
140 141
45 42
46 76
36 8
25 24
185 186
23 20
131 136
87 88
34 19
30 75
32 2
103 105
162 167
94 98
172 177
162 166
193 197
69 4
103 104
111 112
95 96
118 126
25 22
51 73
1 181
94 99
15 14
62 67
82 83
185 187
128 129
152 153
173 174
138 139
158 159
44 43
78 109
33 9
89 113
44 10
22 21
124 125
121 160
67 161
122 127
177 178
60 182
150 151
198 199
68 70
69 39
146 148
106 107
154 156
143 145
53 54
77 115
62 63
195 196
179 180
200
29 30
30 31
29 28
28 33
28 27
31 32
32 36
27 34
27 58
58 177
58 23
23 26
23 35
23 24
177 183
183 196
24 37
183 43
24 25
196 118
118 119
118 115
115 114
118 140
114 113
119 120
115 116
114 128
113 112
120 121
112 117
121 122
122 136
112 111
121 123
123 124
136 137
111 2
2 3
123 125
137 138
3 4
3 110
125 126
4 5
126 127
5 1
5 108
5 109
5 19
19 195
195 18
18 197
109 135
197 63
63 64
18 42
64 68
64 65
68 69
42 17
42 21
17 184
65 66
66 70
184 20
20 191
184 180
66 67
20 181
20 150
180 179
179 178
67 71
178 149
71 72
179 142
72 73
71 80
142 143
73 74
80 81
74 147
143 144
74 75
75 76
144 145
147 146
76 77
77 78
146 148
146 13
78 79
13 11
11 38
38 59
13 14
59 62
14 50
38 39
39 60
14 12
60 61
50 49
49 46
49 51
46 45
46 52
52 182
52 53
45 48
45 44
44 200
200 199
199 189
189 186
189 188
186 40
188 47
189 22
22 198
22 194
22 187
194 193
22 185
193 192
187 41
187 82
82 83
185 190
192 54
83 84
83 87
84 85
84 89
54 55
55 56
87 88
85 86
56 57
57 16
86 90
16 139
90 91
90 92
16 15
90 99
92 93
99 9
93 94
94 141
94 95
95 100
95 96
96 103
96 97
103 129
129 130
103 104
97 98
98 10
130 131
98 101
104 105
131 132
132 134
105 106
101 102
132 133
102 8
102 7
106 107
7 6
6 151
151 152
151 154
154 156
156 157
151 153
154 155
156 165
156 158
165 166
166 167
158 159
167 168
158 160
168 169
159 161
161 173
169 170
173 175
173 174
161 162
173 176
170 171
162 163
163 164
171 172
200
154 155
155 159
159 1
1 2
2 3
1 158
3 8
8 10
158 157
10 12
10 7
157 156
12 13
13 11
13 14
11 9
14 16
9 6
16 17
6 5
17 18
17 15
18 136
18 4
15 134
134 132
134 133
134 131
132 115
131 114
131 130
130 129
130 127
127 109
129 128
128 181
181 182
182 184
182 185
182 183
185 186
186 187
187 188
188 189
187 192
188 190
192 193
193 194
190 191
82 83
83 125
125 126
82 81
81 80
125 124
124 123
124 112
112 87
123 122
87 85
87 86
85 56
122 120
122 121
85 84
121 111
121 119
119 118
111 110
110 107
118 200
118 117
110 108
107 106
106 49
49 48
106 105
117 116
105 103
116 113
105 104
48 47
103 102
102 101
102 100
47 46
100 99
99 98
100 92
100 95
46 165
99 97
92 54
97 96
97 55
165 166
166 167
54 53
90 89
89 88
89 52
88 79
90 93
52 51
79 78
78 77
51 50
93 94
94 91
77 168
77 76
168 169
76 75
168 171
168 170
171 172
75 74
75 73
75 58
74 70
172 173
75 179
58 57
179 180
73 72
70 69
73 71
70 62
173 174
69 65
65 64
69 68
71 59
64 63
62 61
64 175
175 176
65 195
195 196
176 177
68 67
61 60
67 66
196 197
197 199
177 178
196 198
141 146
146 30
30 162
146 147
147 148
30 32
32 33
148 137
33 34
33 152
137 138
30 21
152 29
148 150
21 20
147 149
152 153
138 139
21 19
153 28
28 38
28 37
37 39
150 151
37 41
139 161
153 40
41 42
139 163
163 31
42 43
43 44
39 145
145 164
44 45
151 135
44 143
31 140
45 142
31 26
164 35
26 25
35 144
142 160
25 24
24 23
160 27
35 36
23 22
130 126
106 94
136 138
