5000 856964049
4999 856964049
4998 856964049
4998 856964049
4998 856964049
4997 856964049
4996 856964049
4995 856964049
4995 856964049
4995 856964049
4995 856964049
4995 856964049
4995 856964049
4994 856964049
4993 856964049
4992 856964049
4992 856964049
4992 856964049
4991 856964049
4991 856964049
4990 856964049
4989 856964049
4989 856964049
4989 856964049
4989 856964049
4989 856964049
4989 856964049
4988 856964049
4988 856964049
4988 856964049
4988 856964049
4987 856964049
4987 856964049
4986 856964049
4985 856964049
4984 856964049
4984 856964049
4984 856964049
4984 856964049
4984 856964049
4983 856964049
4982 856964049
4982 856964049
4982 856964049
4982 856964049
4982 856964049
4982 856964049
4981 856964049
4980 856964049
4980 856964049
4979 856964049
4978 856964049
4977 856964049
4976 856964049
4976 856964049
4975 856964049
4975 856964049
4975 856964049
4975 856964049
4975 856964049
4975 856964049
4974 856964049
4973 856964049
4972 856964049
4971 856964049
4970 856964049
4969 856964049
4969 856964049
4968 856964049
4968 856964049
4967 856964049
4966 856964049
4966 856964049
4965 856964049
4964 856964049
4963 856964049
4963 856964049
4963 856964049
4962 856964049
4962 856964049
4961 856964049
4961 856964049
4961 856964049
4960 856964049
4960 856964049
4960 856964049
4959 856964049
4958 856964049
4958 856964049
4957 856964049
4956 856964049
4956 856964049
4956 856964049
4955 856964049
4954 856964049
4953 856964049
4952 856964049
4952 856964049
4951 856964049
4951 856964049
4950 856964049
4949 856964049
4949 856964049
4949 856964049
4948 856964049
4948 856964049
4947 856964049
4946 856964049
4945 856964049
4945 856964049
4945 856964049
4945 856964049
4944 856964049
4943 856964049
4942 856964049
4942 856964049
4942 856964049
4941 856964049
4940 856964049
4940 856964049
4940 856964049
4939 856964049
4939 856964049
4939 856964049
4938 856964049
4937 856964049
4936 856964049
4935 856964049
4935 856964049
4935 856964049
4934 856964049
4933 856964049
4932 856964049
4932 856964049
4932 856964049
4931 856964049
4930 856964049
4930 856964049
4930 856964049
4930 856964049
4930 856964049
4930 856964049
4929 856964049
4929 856964049
4929 856964049
4928 856964049
4927 856964049
4927 856964049
4927 856964049
4927 856964049
4927 856964049
4927 856964049
4927 856964049
4926 856964049
4926 856964049
4926 856964049
4925 856964049
4925 856964049
4924 856964049
4923 856964049
4922 856964049
4922 856964049
4922 856964049
4921 856964049
4920 856964049
4920 856964049
4919 856964049
4918 856964049
4918 856964049
4917 892284125
4916 892284125
4915 892284125
4915 892284125
4915 892284125
4915 892284125
4915 892284125
4914 892284125
4914 892284125
4913 892284125
4913 892284125
4913 892284125
4912 892284125
4911 892284125
4911 892284125
4910 892284125
4910 892284125
4909 892284125
4909 892284125
4908 892284125
4908 892284125
4908 892284125
4907 892284125
4907 945264239
4907 945264239
4907 945264239
4906 945264239
4905 945264239
4905 945264239
4905 945264239
4904 945264239
4903 945264239
4902 945264239
4901 945264239
4900 945264239
4899 945264239
4898 945264239
4897 945264239
4896 945264239
4895 945264239
4895 945264239
4894 945264239
4893 945264239
4893 971754296
4892 971754296
4891 971754296
4891 971754296
4891 971754296
4890 971754296
4890 971754296
4890 971754296
4890 971754296
4890 971754296
4889 971754296
4889 971754296
4888 971754296
4887 728815722
4887 728815722
4887 728815722
4887 728815722
4886 728815722
4886 728815722
4886 728815722
4885 728815722
4885 728815722
4885 728815722
4885 728815722
4884 47489615
4883 47489615
4882 47489615
4882 47489615
4882 47489615
4881 47489615
4881 47489615
4881 47489615
4881 47489615
4880 47489615
4879 47489615
4878 47489615
4878 47489615
4878 47489615
4877 47489615
4876 47489615
4875 47489615
4875 47489615
4874 47489615
4874 47489615
4873 47489615
4872 47489615
4872 47489615
4871 47489615
4871 47489615
4870 47489615
4869 47489615
4869 47489615
4868 47489615
4868 47489615
4868 47489615
4867 47489615
4867 47489615
4866 47489615
4865 47489615
4864 47489615
4864 522866984
4864 522866984
4863 522866984
4863 522866984
4863 522866984
4863 522866984
4862 522866984
4861 522866984
4861 522866984
4860 522866984
4859 522866984
4859 522866984
4859 522866984
4859 522866984
4858 522866984
4857 522866984
4856 522866984
4856 522866984
4855 522866984
4855 522866984
4855 522866984
4855 522866984
4855 522866984
4855 522866984
4854 522866984
4854 522866984
4854 522866984
4855 522866984
4855 522866984
4854 522866984
4853 522866984
4852 522866984
4852 522866984
4851 522866984
4851 522866984
4851 522866984
4851 522866984
4851 261433492
4850 261433492
4850 261433492
4850 261433492
4850 261433492
4850 261433492
4850 261433492
4850 261433492
4850 261433492
4849 196075119
4849 196075119
4848 196075119
4847 196075119
4847 196075119
4847 597159736
4846 597159736
4846 597159736
4845 597159736
4845 597159736
4845 597159736
4844 597159736
4843 597159736
4843 597159736
4842 597159736
4842 597159736
4841 597159736
4841 597159736
4841 298579868
4840 298579868
4839 298579868
4838 298579868
4838 298579868
4837 298579868
4837 298579868
4836 298579868
4835 298579868
4834 223934901
4834 223934901
4834 223934901
4834 223934901
4834 223934901
4834 611089627
4834 611089627
4833 611089627
4832 611089627
4831 611089627
4830 611089627
4830 611089627
4830 611089627
4829 611089627
4829 611089627
4829 804666990
4829 804666990
4829 804666990
4829 804666990
4829 804666990
4829 804666990
4828 804666990
4828 804666990
4827 804666990
4827 804666990
4826 804666990
4825 804666990
4824 804666990
4824 804666990
4823 804666990
4823 804666990
4822 804666990
4821 804666990
4820 804666990
4820 804666990
4819 804666990
4818 804666990
4817 804666990
4816 804666990
4815 804666990
4815 804666990
4816 804666990
4815 804666990
4814 804666990
4813 804666990
4812 804666990
4811 804666990
4810 804666990
4810 804666990
4810 804666990
4809 804666990
4808 804666990
4807 104378066
4806 104378066
4806 104378066
4806 104378066
4805 104378066
4804 104378066
4803 104378066
4803 104378066
4803 104378066
4803 104378066
4803 104378066
4803 52189033
4803 52189033
4802 288702863
4802 288702863
4802 288702863
4802 288702863
4801 288702863
4800 288702863
4800 288702863
4799 288702863
4800 288702863
4800 288702863
4799 288702863
4799 288702863
4799 288702863
4799 288702863
4798 288702863
4797 288702863
4796 288702863
4796 288702863
4795 288702863
4794 288702863
4793 288702863
4793 288702863
4793 288702863
4792 288702863
4791 288702863
4790 288702863
4789 288702863
4789 288702863
4788 288702863
4788 288702863
4788 288702863
4788 643473608
4787 643473608
4787 643473608
4787 643473608
4786 643473608
4785 643473608
4784 643473608
4783 643473608
4782 643473608
4781 643473608
4780 643473608
4779 643473608
4779 643473608
4778 482605206
4777 861076081
4776 861076081
4776 861076081
4776 861076081
4776 861076081
4775 861076081
4775 861076081
4774 861076081
4773 861076081
4773 861076081
4774 861076081
4773 861076081
4773 861076081
4772 861076081
4772 861076081
4771 861076081
4771 861076081
4770 861076081
4769 861076081
4768 861076081
4767 895368149
4766 895368149
4765 895368149
4764 895368149
4763 895368149
4763 895368149
4763 895368149
4763 895368149
4762 895368149
4762 895368149
4761 895368149
4761 895368149
4761 895368149
4760 895368149
4761 895368149
4761 895368149
4760 895368149
4759 895368149
4758 895368149
4758 895368149
4757 895368149
4756 895368149
4756 895368149
4756 895368149
4756 895368149
4756 895368149
4756 946806251
4755 946806251
4754 460543600
4754 460543600
4753 460543600
4752 460543600
4753 460543600
4753 460543600
4752 460543600
4752 460543600
4751 460543600
4751 460543600
4751 460543600
4751 460543600
4750 460543600
4750 460543600
4749 460543600
4749 460543600
4749 460543600
4748 460543600
4747 460543600
4746 460543600
4745 460543600
4745 460543600
4744 460543600
4744 460543600
4743 460543600
4743 460543600
4743 460543600
4742 460543600
4741 345407700
4741 172703850
4742 172703850
4741 172703850
4740 172703850
4739 172703850
4738 172703850
4738 172703850
4737 172703850
4736 172703850
4735 172703850
4735 172703850
4735 172703850
4734 172703850
4734 172703850
4734 172703850
4733 172703850
4732 172703850
4731 172703850
4730 172703850
4729 172703850
4729 172703850
4728 172703850
4727 172703850
4727 115135900
4727 115135900
4727 115135900
4727 115135900
4726 86351925
4725 86351925
4724 86351925
4724 86351925
4723 86351925
4722 314325032
4722 314325032
4721 314325032
4720 314325032
4719 314325032
4719 314325032
4718 314325032
4718 314325032
4718 314325032
4718 314325032
4718 314325032
4717 314325032
4716 314325032
4716 314325032
4715 314325032
4715 157162516
4714 157162516
4714 157162516
4713 157162516
4713 157162516
4712 157162516
4711 157162516
4710 157162516
4710 157162516
4709 157162516
4708 157162516
4707 157162516
4707 78581258
4707 78581258
4706 78581258
4705 78581258
4705 78581258
4705 78581258
4704 78581258
4704 78581258
4704 78581258
4704 78581258
4704 78581258
4703 78581258
4703 78581258
4703 78581258
4703 78581258
4702 78581258
4702 39290629
4702 39290629
4702 39290629
4702 39290629
4701 39290629
4700 39290629
4699 39290629
4699 39290629
4698 39290629
4697 39290629
4696 279029060
4696 279029060
4696 279029060
4696 279029060
4695 279029060
4695 279029060
4694 279029060
4693 209271795
4693 209271795
4694 209271795
4694 209271795
4693 209271795
4693 209271795
4693 603758074
4692 603758074
4692 603758074
4692 603758074
4691 603758074
4690 603758074
4689 603758074
4689 603758074
4689 603758074
4688 603758074
4688 603758074
4688 603758074
4687 603758074
4686 603758074
4686 603758074
4686 603758074
4686 603758074
4685 603758074
4685 603758074
4685 603758074
4685 603758074
4684 603758074
4684 301879037
4683 301879037
4682 301879037
4681 301879037
4681 301879037
4681 301879037
4680 301879037
4680 301879037
4679 301879037
4679 301879037
4678 301879037
4677 301879037
4677 301879037
4676 301879037
4675 301879037
4676 301879037
4675 301879037
4675 301879037
4675 301879037
4674 301879037
4674 301879037
4673 301879037
4673 301879037
4673 301879037
4672 301879037
4672 301879037
4671 301879037
4671 301879037
4670 301879037
4669 301879037
4668 475970366
4667 856099951
4666 856099951
4666 856099951
4665 856099951
4664 392513875
4663 392513875
4662 392513875
4661 392513875
4661 392513875
4662 392513875
4662 392513875
4661 44824318
4661 44824318
4661 44824318
4660 44824318
4660 22412159
4660 22412159
4660 22412159
4660 22412159
4660 22412159
4661 695379114
4660 695379114
4660 347689557
4660 347689557
4659 347689557
4658 347689557
4657 347689557
4657 672966955
4657 672966955
4656 672966955
4655 672966955
4654 255164128
4653 255164128
4653 127582064
4653 127582064
4652 127582064
4652 127582064
4651 127582064
4652 127582064
4652 127582064
4651 127582064
4650 127582064
4650 127582064
4650 63791032
4651 63791032
4651 63791032
4651 63791032
4650 63791032
4650 63791032
4649 63791032
4649 63791032
4648 63791032
4647 63791032
4647 63791032
4647 63791032
4647 63791032
4647 31895516
4647 31895516
4647 31895516
4647 15947758
4648 15947758
4647 15947758
4647 15947758
4647 7973879
4646 7973879
4646 7973879
4646 7973879
4646 7973879
4645 7973879
4644 7973879
4644 7973879
4644 7973879
4644 503109116
4644 503109116
4643 503109116
4642 377331837
4642 377331837
4641 377331837
4640 377331837
4640 687788095
4639 687788095
4639 687788095
4638 687788095
4638 687788095
4638 687788095
4638 687788095
4637 266279983
4637 266279983
4636 266279983
4636 266279983
4635 266279983
4634 266279983
4633 948393252
4632 948393252
4631 948393252
4630 948393252
4629 948393252
4629 948393252
4629 948393252
4629 948393252
4628 948393252
4627 948393252
4626 948393252
4626 948393252
4625 948393252
4624 948393252
4624 948393252
4624 948393252
4624 474196626
4623 474196626
4622 474196626
4621 474196626
4621 237098313
4620 237098313
4619 237098313
4619 237098313
4619 237098313
4619 617671333
4619 617671333
4619 617671333
4618 617671333
4618 617671333
4618 617671333
4617 617671333
4617 617671333
4616 617671333
4616 617671333
4615 617671333
4616 617671333
4616 617671333
4616 617671333
4615 712814588
4614 712814588
4614 712814588
4614 712814588
4613 712814588
4613 356407294
4613 178203647
4612 178203647
4612 178203647
4612 178203647
4612 178203647
4611 178203647
4610 882336000
4609 882336000
4609 441168000
4608 441168000
4607 441168000
4606 441168000
4605 441168000
4605 441168000
4606 441168000
4606 441168000
4606 220584000
4606 110292000
4605 110292000
4605 110292000
4605 110292000
4604 110292000
4604 110292000
4604 110292000
4603 110292000
4602 110292000
4602 55146000
4601 55146000
4601 55146000
4601 55146000
4601 36764000
4601 36764000
4600 36764000
4599 36764000
4599 36764000
4599 36764000
4599 36764000
4598 36764000
4597 36764000
4597 36764000
4596 27573000
4596 27573000
4596 27573000
4595 20679750
4594 20679750
4594 10339875
4593 10339875
4593 10339875
4593 10339875
4592 10339875
4592 10339875
4592 10339875
4592 10339875
4591 10339875
4590 10339875
4590 10339875
4590 504292114
4589 504292114
4588 504292114
4588 252146057
4587 252146057
4587 252146057
4587 500845489
4587 749544921
4587 749544921
4587 749544921
4586 749544921
4585 749544921
4585 873894637
4585 873894637
4585 873894637
4585 873894637
4585 873894637
4585 749544921
4585 749544921
4585 749544921
4584 749544921
4584 749544921
4584 749544921
4584 749544921
4584 749544921
4583 749544921
4582 749544921
4581 749544921
4581 749544921
4581 749544921
4580 749544921
4580 749544921
4580 749544921
4580 873894637
4579 904982066
4579 904982066
4579 904982066
4579 904982066
4579 904982066
4579 904982066
4579 904982066
4578 904982066
4577 904982066
4576 179614373
4576 179614373
4576 588929363
4576 588929363
4576 793586858
4576 793586858
4576 793586858
4576 793586858
4576 793586858
4575 793586858
4574 793586858
4573 793586858
4573 793586858
4573 793586858
4572 793586858
4571 793586858
4571 793586858
4571 793586858
4570 793586858
4569 793586858
4569 793586858
4568 793586858
4567 793586858
4567 793586858
4566 793586858
4565 96067967
4564 820734240
4564 820734240
4563 820734240
4562 820734240
4562 820734240
4562 820734240
4563 820734240
4562 615550680
4561 615550680
4561 615550680
4560 615550680
4560 615550680
4559 461663010
4559 461663010
4559 230831505
4558 230831505
4558 230831505
4557 422684717
4557 710464535
4558 710464535
4557 710464535
4557 710464535
4557 854354444
4557 427177222
4556 427177222
4556 427177222
4556 213588611
4556 213588611
4555 213588611
4555 213588611
4555 213588611
4554 213588611
4554 605916482
4553 736692439
4553 736692439
4552 736692439
4552 475140525
4552 475140525
4552 475140525
4551 475140525
4551 316760350
4550 316760350
4549 316760350
4548 736692439
4547 867468396
4547 867468396
4547 867468396
4546 867468396
4546 433734198
4545 433734198
4544 433734198
4544 433734198
4544 433734198
4544 433734198
4543 433734198
4542 433734198
4541 433734198
4540 433734198
4540 433734198
4539 433734198
4539 433734198
4540 433734198
4540 433734198
4540 433734198
4540 216867099
4539 216867099
4539 216867099
4538 216867099
4538 216867099
4538 216867099
4538 216867099
4538 216867099
4538 216867099
4537 216867099
4536 216867099
4535 216867099
4535 216867099
4536 216867099
4535 216867099
4535 216867099
4534 216867099
4534 216867099
4533 216867099
4532 216867099
4532 216867099
4531 144578066
4530 144578066
4530 144578066
4530 144578066
4530 144578066
4529 144578066
4529 72289033
4528 303777863
4528 303777863
4528 651011108
4528 651011108
4528 651011108
4527 488258331
4526 488258331
4525 116632660
4525 116632660
4525 116632660
4525 116632660
4525 116632660
4524 116632660
4525 116632660
4525 116632660
4525 116632660
4525 58316330
4525 58316330
4525 58316330
4525 58316330
4525 116632660
4525 116632660
4525 116632660
4526 488258331
4526 488258331
4525 488258331
4525 488258331
4524 116632660
4524 116632660
4523 87474495
4523 87474495
4523 87474495
4523 542859424
4523 542859424
4522 542859424
4522 542859424
4522 542859424
4522 542859424
4522 542859424
4521 542859424
4521 542859424
4521 542859424
4521 542859424
4521 542859424
4520 542859424
4520 542859424
4520 542859424
4520 542859424
4519 542859424
4519 542859424
4518 542859424
4518 542859424
4518 542859424
4517 407144568
4516 407144568
4516 407144568
4516 407144568
4516 407144568
4515 407144568
4514 407144568
4515 542859424
4514 407144568
4514 814289136
4513 814289136
4512 814289136
4511 814289136
4510 814289136
4509 610716852
4509 610716852
4509 610716852
4508 458037639
4508 458037639
4508 458037639
4509 458037639
4508 93967141
4508 93967141
4507 93967141
4507 93967141
4507 93967141
4507 93967141
4506 93967141
4505 320036444
4505 320036444
4504 320036444
4505 93967141
4505 728140996
4504 728140996
4503 728140996
4503 728140996
4502 728140996
4502 728140996
4502 728140996
4501 546105747
4500 546105747
4500 93967141
4499 93967141
4499 93967141
4499 187934282
4498 187934282
4498 458037639
4497 93967141
4497 93967141
4496 93967141
4495 93967141
4494 546105747
4493 546105747
4492 160018222
4491 160018222
4490 160018222
4490 160018222
4490 160018222
4489 160018222
4488 160018222
4488 160018222
4488 160018222
4488 160018222
4488 160018222
4488 80009111
4487 80009111
4487 80009111
4486 80009111
4485 80009111
4485 80009111
4486 80009111
4485 80009111
4484 80009111
4484 80009111
4483 808690098
4483 808690098
4483 808690098
4482 808690098
4482 808690098
4482 808690098
4483 808690098
4483 808690098
4482 808690098
4481 808690098
4481 808690098
4480 808690098
4479 808690098
4478 808690098
4477 107395397
4476 107395397
4475 404345049
4475 404345049
4475 404345049
4475 404345049
4475 404345049
4475 404345049
4474 552819875
4473 552819875
4472 552819875
4471 552819875
4471 552819875
4471 552819875
4470 165053818
4470 165053818
4469 165053818
4468 165053818
4468 165053818
4467 165053818
4466 165053818
4465 165053818
4465 165053818
4465 165053818
4464 165053818
4463 622912540
4463 622912540
4463 311456270
4463 311456270
4463 311456270
4462 311456270
4462 311456270
4463 311456270
4462 311456270
4461 311456270
4461 311456270
4461 155728135
4461 155728135
4460 155728135
4460 576986244
4459 576986244
4460 769314992
4459 769314992
4458 769314992
4457 769314992
4457 769314992
4457 769314992
4456 769314992
4456 769314992
4455 769314992
4456 769314992
4455 769314992
4455 384657496
4455 921934566
4454 921934566
4455 921934566
4454 921934566
4453 921934566
4453 921934566
4453 921934566
4452 921934566
4451 192328748
4450 192328748
4450 192328748
4451 192328748
4450 192328748
4450 460967283
4451 460967283
4451 460967283
4451 460967283
4451 729605818
4450 729605818
4449 729605818
4449 729605818
4449 729605818
4448 729605818
4449 460967283
4448 307311522
4447 307311522
4447 307311522
4447 307311522
4447 307311522
4446 307311522
4446 307311522
4446 307311522
4445 307311522
4445 307311522
4445 307311522
4444 307311522
4443 307311522
4442 307311522
4442 307311522
4441 307311522
4441 307311522
4440 307311522
4440 307311522
4440 307311522
4440 307311522
4439 307311522
4440 307311522
4440 153655761
4440 153655761
4439 153655761
4439 153655761
4439 575950057
4439 575950057
4438 575950057
4437 575950057
4436 681523631
4436 681523631
4436 839883992
4437 839883992
4436 839883992
4435 839883992
4435 839883992
4435 839883992
4434 839883992
4433 839883992
4432 839883992
4432 839883992
4431 839883992
4430 839883992
4429 839883992
4428 839883992
4428 419941996
4427 419941996
4426 419941996
4426 419941996
4425 419941996
4425 419941996
4425 419941996
4425 419941996
4425 419941996
4424 419941996
4423 314956497
4423 656600425
4423 656600425
4423 656600425
4422 656600425
4422 656600425
4421 742011407
4420 306947467
4420 306947467
4420 306947467
4419 306947467
4418 978893865
4419 978893865
4419 978893865
4419 988569109
4418 988569109
4417 988569109
4417 988569109
4416 988569109
4416 988569109
4416 993406731
4415 993406731
4414 993406731
4414 993406731
4413 993406731
4413 993406731
4412 993406731
4412 993406731
4411 993406731
4410 993406731
4410 995825542
4410 497912771
4410 497912771
4410 497912771
4410 748078562
4410 748078562
4409 748078562
4409 748078562
4409 748078562
4408 61936745
4409 61936745
4409 61936745
4409 61936745
4409 61936745
4409 123873490
4408 123873490
4408 123873490
4408 123873490
4407 123873490
4408 123873490
4407 123873490
4407 123873490
4406 592027294
4406 592027294
4405 592027294
4405 296013647
4405 647129000
4404 647129000
4404 647129000
4404 647129000
4403 647129000
4403 323564500
4403 323564500
4402 323564500
4402 323564500
4402 161782250
4401 161782250
4401 161782250
4401 161782250
4401 161782250
4400 161782250
4399 161782250
4399 161782250
4399 161782250
4399 161782250
4399 80891125
4398 310229432
4399 310229432
4398 310229432
4397 232672074
4398 232672074
4397 673626232
4397 673626232
4397 336813116
4397 336813116
4397 336813116
4396 336813116
4396 168406558
4397 168406558
4397 168406558
4397 168406558
4396 168406558
4396 168406558
4396 168406558
4395 168406558
4395 168406558
4395 168406558
4394 168406558
4394 168406558
4393 168406558
4392 168406558
4391 168406558
4391 168406558
4390 168406558
4389 168406558
4390 168406558
4390 168406558
4390 168406558
4389 625427095
4388 625427095
4388 625427095
4387 625427095
4386 625427095
4386 625427095
4386 252609837
4386 252609837
4385 252609837
4384 252609837
4384 625427095
4383 625427095
4382 625427095
4382 625427095
4382 625427095
4381 625427095
4380 625427095
4379 625427095
4378 219509233
4377 219509233
4377 608876793
4377 608876793
4376 608876793
4376 608876793
4375 706218683
4375 706218683
4374 280102924
4374 280102924
4373 280102924
4373 140051462
4373 140051462
4372 140051462
4371 140051462
4370 604160773
4370 801202563
4369 351340834
4368 351340834
4367 351340834
4366 351340834
4366 175670417
4366 175670417
4366 586957385
4365 586957385
4365 586957385
4365 586957385
4365 586957385
4365 586957385
4364 586957385
4363 586957385
4362 724053041
4362 724053041
4361 792600869
4361 792600869
4361 792600869
4362 724053041
4362 724053041
4362 724053041
4361 724053041
4360 724053041
4361 632655937
4360 724053041
4359 724053041
4359 724053041
4359 861148697
4358 895422611
4358 895422611
4358 946833482
4358 946833482
4358 946833482
4357 946833482
4357 473416741
4357 473416741
4357 473416741
4358 473416741
4357 473416741
4356 473416741
4355 473416741
4355 473416741
4355 473416741
4355 473416741
4355 473416741
4355 981107396
4354 981107396
4353 981107396
4352 981107396
4352 981107396
4351 981107396
4351 981107396
4350 735830547
4349 735830547
4348 735830547
4348 735830547
4347 735830547
4347 867037450
4348 867037450
4347 867037450
4346 867037450
4345 867037450
4345 433518725
4345 433518725
4344 433518725
4343 433518725
4343 621760601
4342 715881539
4341 715881539
4341 715881539
4341 715881539
4341 715881539
4341 715881539
4341 715881539
4340 715881539
4339 287350066
4338 287350066
4338 287350066
4337 287350066
4336 287350066
4336 287350066
4335 714634726
4335 714634726
4334 714634726
4333 714634726
4333 714634726
4333 714634726
4333 714634726
4332 36853868
4331 27640401
4330 270291389
4330 270291389
4329 452279630
4329 634267871
4330 452279630
4331 270291389
4331 270291389
4330 270291389
4329 270291389
4329 270291389
4328 270291389
4328 270291389
4328 634267871
4327 634267871
4327 634267871
4326 634267871
4326 634267871
4326 634267871
4326 270291389
4325 270291389
4325 270291389
4325 270291389
4324 270291389
4323 270291389
4322 452279630
4321 452279630
4320 452279630
4319 838331899
4319 918288126
4319 918288126
4319 918288126
4318 918288126
4318 459144063
4318 459144063
4318 728694208
4318 728694208
4317 728694208
4317 728694208
4316 728694208
4315 728694208
4315 364347104
4315 728694208
4316 728694208
4317 728694208
4317 728694208
4316 728694208
4315 546520656
4314 546520656
4313 546520656
4312 546520656
4312 546520656
4311 409890492
4311 409890492
4310 307417869
4310 307417869
4310 307417869
4311 307417869
4311 307417869
4310 307417869
4310 307417869
4309 307417869
4309 307417869
4309 307417869
4308 307417869
4308 307417869
4308 307417869
4308 652831111
4308 825537732
4308 825537732
4307 825537732
4306 825537732
4307 825537732
4307 825537732
4306 825537732
4306 412768866
4306 412768866
4305 412768866
4306 412768866
4305 412768866
4304 412768866
4304 412768866
4303 412768866
4303 412768866
4303 412768866
4303 412768866
4303 412768866
4304 550358488
4304 550358488
4303 550358488
4302 412768866
4302 412768866
4302 412768866
4301 412768866
4301 412768866
4301 825537732
4301 825537732
4301 825537732
4301 825537732
4300 825537732
4299 825537732
4298 825537732
4298 550358488
4299 550358488
4298 550358488
4297 550358488
4296 412768866
4295 808698826
4294 808698826
4293 808698826
4292 808698826
4291 808698826
4290 107401943
4290 552823148
4289 414617361
4289 414617361
4289 414617361
4289 706430857
4288 706430857
4287 779384231
4287 779384231
4287 779384231
4286 779384231
4286 779384231
4286 779384231
4286 779384231
4285 779384231
4286 779384231
4286 852337605
4285 852337605
4286 852337605
4286 852337605
4286 852337605
4286 852337605
4285 852337605
4285 852337605
4285 852337605
4285 852337605
4285 852337605
4285 852337605
4286 852337605
4285 852337605
4284 852337605
4284 852337605
4283 888814292
4283 888814292
4282 888814292
4281 888814292
4280 666610719
4280 832427536
4279 624320652
4279 624320652
4278 468240489
4277 468240489
4277 468240489
4276 468240489
4276 468240489
4276 936480978
4275 936480978
4275 936480978
4274 936480978
4274 936480978
4273 203238557
4273 203238557
4272 401990006
4272 401990006
4271 401990006
4271 401990006
4271 401990006
4271 401990006
4270 401990006
4269 401990006
4269 401990006
4268 401990006
4268 200995003
4267 200995003
4266 200995003
4267 200995003
4267 200995003
4266 200995003
4266 200995003
4266 200995003
4266 200995003
4266 200995003
4266 200995003
4265 200995003
4265 200995003
4265 200995003
4264 200995003
4263 799492904
4263 399746452
4263 399746452
4263 399746452
4263 399746452
4262 399746452
4262 399746452
4262 399746452
4262 399746452
4262 399746452
4262 399746452
4262 399746452
4261 399746452
4261 399746452
4260 399746452
4259 399746452
4258 399746452
4258 399746452
4258 399746452
4258 199873226
4258 465996935
4258 465996935
4257 643412741
4256 643412741
4255 732120644
4255 366060322
4255 366060322
4254 366060322
4254 366060322
4254 366060322
4254 366060322
4254 366060322
4255 366060322
4254 366060322
4253 366060322
4252 366060322
4251 909536450
4252 909536450
4251 909536450
4251 909536450
4251 909536450
4251 454768225
4251 454768225
4250 454768225
4251 939105751
4250 939105751
4250 939105751
4250 939105751
4249 939105751
4250 939105751
4250 939105751
4249 454768225
4249 726506289
4248 726506289
4248 726506289
4249 968675052
4249 484337526
4248 862375321
4247 862375321
4246 862375321
4246 930309837
4246 930309837
4246 930309837
4245 947293466
4245 947293466
4245 947293466
4246 947293466
4246 947293466
4245 947293466
4245 422695846
4246 896342579
4245 896342579
4245 947293466
4245 947293466
4244 211347923
4244 211347923
4244 211347923
4243 211347923
4243 211347923
4243 211347923
4243 604796138
4242 604796138
4242 604796138
4242 604796138
4242 604796138
4242 604796138
4243 604796138
4242 604796138
4242 604796138
4241 604796138
4240 604796138
4241 604796138
4240 604796138
4239 604796138
4238 604796138
4237 604796138
4236 604796138
4236 211347923
4235 907194207
4235 952719280
4235 476359640
4234 357269730
4233 357269730
4233 178634865
4232 178634865
4233 178634865
4232 119089910
4232 119089910
4231 119089910
4231 238179820
4231 238179820
4230 238179820
4230 119089910
4229 119089910
4228 119089910
4228 59544955
4227 59544955
4226 59544955
4226 528894654
4226 264447327
4226 176298218
4227 176298218
4227 176298218
4227 176298218
4227 176298218
4227 176298218
4227 88149109
4227 88149109
4228 88149109
4227 88149109
4226 315672920
4226 315672920
4226 315672920
4225 315672920
4226 315672920
4226 315672920
4225 315672920
4224 236754690
4224 236754690
4223 157836460
4222 157836460
4221 157836460
4220 118377345
4220 118377345
4219 118377345
4219 118377345
4219 78918230
4219 39459115
4219 518851734
4219 518851734
4218 888260977
4218 888260977
4218 888260977
4217 888260977
4218 888260977
4218 943252665
4218 943252665
4218 943252665
4219 259425867
4218 259425867
4218 259425867
4218 259425867
4217 943252665
4216 957000587
4215 957000587
4215 957000587
4215 977622470
4215 488811235
4214 488811235
4213 488811235
4213 743527794
4212 743527794
4213 991370392
4213 328165477
4212 495685196
4212 495685196
4213 495685196
4212 371763897
4211 371763897
4211 685004125
4211 841624239
4211 841624239
4211 841624239
4210 381657091
4209 381657091
4210 381657091
4210 381657091
4210 381657091
4210 381657091
4209 381657091
4209 689950722
4208 689950722
4208 689950722
4208 689950722
4208 689950722
4208 689950722
4208 689950722
4207 689950722
4207 689950722
4206 689950722
4206 689950722
4206 689950722
4207 689950722
4207 689950722
4207 689950722
4206 689950722
4206 344975361
4205 344975361
4204 508292609
4203 508292609
4203 508292609
4203 508292609
4203 508292609
4202 630780545
4202 630780545
4201 630780545
4200 630780545
4200 447048641
4200 447048641
4200 447048641
4200 447048641
4200 447048641
4199 447048641
4198 447048641
4198 447048641
4197 447048641
4197 722646497
4196 722646497
4195 722646497
4194 791545961
4194 894895157
4194 894895157
4193 894895157
4193 929344889
4193 946569755
4193 946569755
4193 946569755
4193 972407054
4192 972407054
4192 972407054
4191 981019487
4191 989631920
4191 494815960
4191 494815960
4191 494815960
4191 989631920
4190 989631920
4190 989631920
4190 989631920
4190 494815960
4190 247407980
4189 247407980
4189 247407980
4189 247407980
4189 123703990
4189 61851995
4189 530048174
4189 530048174
4188 896658307
4188 896658307
4188 896658307
4187 896658307
4186 896658307
4185 896658307
4184 896658307
4184 896658307
4183 896658307
