99 0 10 888888 987654321
410724 1
561695 -1
164422 -1
507955 1
562086 1
265386 1
151302 -1
163566 -1
794105 1
443433 -1
156805 1
870437 -1
371526 -1
763130 -1
46760 -1
130388 1
427482 -1
81768 1
214627 -1
155613 1
193538 -1
699161 1
674712 1
88731 1
4659 -1
458333 1
341503 1
120893 -1
371936 1
766471 1
150663 -1
564646 1
484369 -1
491204 -1
740584 1
196297 -1
545445 1
329666 1
884342 1
177141 1
636061 1
335313 1
202537 -1
415857 1
360907 1
699356 1
664762 1
755375 1
640967 -1
412672 1
26335 -1
98405 -1
247793 -1
295831 1
7937 1
391320 1
518945 1
843270 -1
878363 1
452342 1
518159 -1
716072 1
119823 1
744903 -1
602475 -1
307611 1
696415 -1
216581 1
751487 1
614558 -1
14891 1
564233 -1
751140 1
266529 1
538460 -1
812283 1
523176 -1
601989 1
327053 -1
299075 -1
316849 -1
681060 -1
767852 -1
872012 1
294847 1
666588 1
366989 -1
683135 1
264832 -1
351879 -1
623162 -1
237498 1
516553 -1
284204 1
589191 -1
396439 1
539317 1
590430 1
687290 1
52871 54877
61345 93332
120344 164641
225716 263484
391924 404151
467520 469707
475956 514464
578323 648378
708969 721715
723859 887321