0
67
0
8
13
19
1198
558
6
26
47
20
8
3
14
1
0
6934
18
7
434559
127
627218
10
879
7
26
10
1
699
41
23769
6
2
4
20
15
401
14
921
14
458839
2
0
340817
315
33
40
563336
8
21
0
120
618
18525
1291
17
0
68151
4
4879
2376
3
3
830903
15
8
4
417
55
387821
1
5269
7
0
1
224026
4
0
260006
20
741287
3
62
48
215495
2
3
221
43
18
11
6
33
5
5413
156142
2788
16
1
131186
500782
2
7
921
18
7326
1
194
Impossible
6
413071
0
12818
34297
16
27
2600
5
6
12
164
106821
0
3
0
51714
698377
18691
12
88166
1
8
0
14
316790
662
1
3
1
12
15767
3
3
28
3
63700
374
10169
84341
5
7
2
17
4
1
11
56
171323
103836
898
5
9307
90
0
0
57
24388
98434
2
3
1
9
1
8
2
12
29
6577
8
11
31
171316
0
2
4
117
7
7
6
4
35
4
614
30
Impossible
1001
63232
0
109
46045
0
36171
0
9
9
2
2138
1393
2
30
8
21
1809
3998
1678
9
116
796397
444140
9
5426
8
6
0
7
110
29
403924
44558
4
14
610
0
2245
13
3
1
9
5
Impossible
131
8
14631
42
2
89
8432
15
0
11
8
7009
43
1206
32
38
0
1078
173656
133270
90
603
23
40
2
57
2
469
23
301
6189
75
1022
74
25
98
7
10
48481
62
18458
31
2
8
1
2
13
6
40
3
5
11468
3
179
88663
336426
160325
67
15
3
5
91
1893
17
518194
8
4
17
6
6
106
74
1512
65
15068
233
12
77582
2
15466
1025
14
1
515595
5
571
20
2
9
2
47
34576
645
4
0
24650
0
44
160523
101
8
1
9
4
Impossible
91
21
361
39043
29871
92099
1240
16044
1
3
70
12
205
7
32
51
4
17
2
151
1255
0
58374
52268
82
4
289659
4
10
1559
0
0
302665
30
14
55
22870
724
460279
782630
16386
901
4142
19711
15
22
5969
5
4048
16015
81
5
12894
17
841
360647
613
7
24
13
16
4
0
13
8
1
0
1839
5
302
15
7
16
573150
305005
21
0
Impossible
51
8
16053
8
0
53
19
189602
16
5
10154
13
1
220
0
61243
8
5651
75082
610143
1858
24
2538
9
2
222
823775
14
5
16669
121
233848
687426
551
6
16
0
4
0
4
Impossible
153
5
18
6216
158625
13
11440
44
1553
2
0
4
68
0
3
24603
126344
196
12
5
13
2
31177
53
5310
11
24
1
11
Impossible
6
8
195068
478
69
17
527
729
614236
1735
748279
1192
1106
Impossible
41369
944142
121
0
248631
455594
67337
0
16
70829
20
20158
148
85
2164
9
13
57
157
37
0
2
6746
3651
5
8
11
75160
8
6
247264
2
10914
116
7
6
19216
6827
9164
9
514490
261897
24
315
108856
0
8
13
4
0
0
89657
4
68316
709
2
2
15
4
11
3
54007
1
21
8
56127
3
19046
1
174643
0
50606
22
74
27249
8612
1837
13
2221
46
132349
45
0
7
23
3
100
4859
4
0
15
0
8
2
194530
1
814
17
9
16
5
80047
11
1843
174
2
1
21766
Impossible
14445
84
1102
3
5439
62011
4
8233
417
5
13472
5
313725
8760
18720
1006
162494
3
81
12
8
390933
5
88521
5
Impossible
45
17
189183
0
12
27
409
1
5
6864
8
39505
44
19
0
387572
174455
12266
5
0
17
204687
99
5
4
38
6
89
4
3
0
981481
2215
9
933
4178
129
6095
36
0
85
Impossible
516
222666
236161
54
20
29479
45
8
11
138
938
851
4
2
34
11
171
27
68130
16
69
42
10858
0
11
161960
13
7
3
0
12
19
23
631
10861
1
8
18
604
67
22
0
2
3
0
6
17668
0
11
7
2893
110
194012
32
47
0
207
55
58
5
170342
5
Impossible
0
12367
29
Impossible
46
35
4
27
25822
202575
0
25
38
13
0
39
31068
37936
8
Impossible
107011
359
17
442125
2
11
10
32
242
97
5
221372
15414
57
125244
514
9
3260
1
42
2
1
172
9
62
Impossible
0
702
0
68
33
16
24245
27
17
88
22
32
0
101
Impossible
14
12
0
215
26
524509
154
0
19
47
17
3451
0
0
10319
190232
2
604563
1
80
23
5
137439
Impossible
21
11
2
30124
3474
2
111417
36
5
19
4
32
72703
452
15
78
595322
50314
14
236589
6
6
16244
313651
6
751
5
12
5
681
891
8
38
0
96
0
46
1052
458
183
132404
0
147387
1
339785
2772
182906
8
39
112
7141
8695
0
122303
409
1
7
9
24
14
0
3
11
3
22
47627
23
407
31311
0
89463
149773
13
57
3
67
210
67911
202446
13955
15976
6614
Impossible
35921
12
86
120
5
35
62903
3
1
1169
23
0
5017
5
5
1137
270210
0
47
5
Impossible
3
83856
6
26
17
183669
2
Impossible
1
4579
17
8
6
872955
8
14
19
11692
49818
530402
5
9
11246
116
10
64
0
125
277
1914
1628
9
2
25231
451
10
396828
8
88
7
423
41023
9
1
23
30
467
314
7
8
12
5
227
33
14
73849
3
13174
6298
24
11
14
3
7
0
0
11892
1
2109
6
3
Impossible
0
0
0
23
Impossible
12555
833
8
0
323742
21
11
4
11333
Impossible
51920
70
0
1672
13
10858
3
3002
1565
711
15
1
0
30
13817
Impossible
28
0
37
24205
6
1307
0
15
Impossible
511
0
14530
Impossible
4
0
3
3
4
6740
0
1
18464
2
0
14
265954
47551
0
37
55
14
20
8408
664554
75326
5
3544
Impossible
0
9
3
9
Impossible
11
Impossible
2415
111
17
Impossible
95370
940
0
9
0
203
8
1073
5
0
20
2
0
9
3
272
0
Impossible
0
0
11
20
11
Impossible
12
0
10
63
20
0
11
314457
2
Impossible
Impossible
1
0
30
0
95
11
0
Impossible
49
1718
Impossible
2
947
164724
Impossible
4
129
22
1088
7
3
2
7
32619
0
5945
2
Impossible
11
1
17
366
276
1
10491
0
0
4
4
12
139
407489
5
14
12
107840
1
5809
Impossible
76
23
11
52926
103
0
0
1
4
5
17
1352
4274
21956
6
32262
504
7
2
25
130498
12
2
18
Impossible
14
1
2
Impossible
12
171121
83
Impossible
1
7
16
131422
79
Impossible
15151
9
Impossible
0
0
7
16333
5
4067
90
4
13
2824
Impossible
Impossible
821314
8
3
102801
0
3
2
26
18
Impossible
83
40035
27
774
657
85
0
13
0
634069
Impossible
Impossible
41
Impossible
16
6
8
24
0
Impossible
4
1792
11
Impossible
15
4
7
73531
18567
12
Impossible
0
46
Impossible
4
2464
246
0
2
6
43
6
32
5721
0
11
Impossible
1521
0
975
0
16
2
56434
397549
953293
2001
32
104
Impossible
0
1
0
164
Impossible
156
4
1591
6
8
0
2
0
1426
25
Impossible
17
Impossible
0
0
10
49
4
0
488887
0
2
6
3823
2
14
25
6
0
9
2
3
231349
196560
5678
999230
2456
267
14
Impossible
Impossible
1
177
195735
610
13
4594
0
8
2
60
0
15511
31
53850
18222
10165
5773
0
0
4
149643
34
120035
Impossible
Impossible
409114
4
84067
3
0
0
3993
11
6
4
5639
902
4417
3
29
33
474
8183
Impossible
0
6
0
9847
8
76488
Impossible
Impossible
158
242
1429
13
Impossible
20693
2
0
48
45
31
0
48093
3
Impossible
1
3
11
23
Impossible
383
1
9
20
5
200309
271
7
390240
89305
0
3
803
4
Impossible
18
251
9820
13
4
3
178727
3
0
11
55496
Impossible
23284
12
105
2
4
11303
2
3
4
43
2
1
9
Impossible
22
2643
1521
2874
0
149786
3518
0
0
4
29677
4
2243
22092
183
200294
8
526
3619
58542
0
4
1984
5
368
7
4
15
3
9
59
0
1
2
8419
168
16471
4
27
111859
6270
Impossible
24470
113
157221
Impossible
55
12
10
11
58144
6
7308
0
36
3
1
300254
7
12
17
71
578571
781
3
51455
0
Impossible
Impossible
2
Impossible
265
Impossible
2
62923
199741
0
1
0
0
1168
1
652
90
45849
382282
58
29512
0
1
3
10
476003
28
63171
125692
0
0
6
22
1061
20
1
0
2
207958
5
2388
1
0
16861
21
0
116
5
415
307910
385
60795
6
0
Impossible
1312
25619
0
3
3556
0
14665
10
1
0
Impossible
486
91
10
15
0
11
559
49
11
13
49
1
76
25
0
5
43548
6
5
676
866
1
4
298
32
3
419780
18
119166
8332
8
64637
557
24
28
0
44960
6151
189536
17
3419
13
22
1
19
447
15250
122815
Impossible
0
375906
0
0
1008
3
171911
1749
197
28
4
1942
20
78021
Impossible
5
Impossible
0
8
63
0
Impossible
381649
2
87
4987
4
Impossible
Impossible
413650
327
419189
8
244
3
5
410946
616714
1005
573066
3362
Impossible
0
3
1
3
716
2
Impossible
0
10
36426
2347
1892
25
7850
6
0
251
79058
0
131726
90
69
257
10
1122
88
5
42
0
11
50
6847
25
46
18
2
139189
1
1
0
14
14
23706
0
17
4949
6
Impossible
0
0
19
2
0
Impossible
15
1
27399
36054
6
257
2
0
Impossible
14
5
0
Impossible
8277
489
339
0
Impossible
104667
1
Impossible
455925
30110
12
50
4
8
258
13
Impossible
Impossible
0
19231
0
6590
22
8
19
832
4
4
9716
10451
689110
0
0
14
12
7
2
137
53156
0
111514
1248
5
9
740481
2
3
0
95
45533
Impossible
7838
16035
14
3
1
Impossible
3
0
0
37756
4
61783
3
0
0
11
Impossible
Impossible
0
0
0
1
Impossible
1
Impossible
60820
8
0
75
416238
1
8
218592
38
147251
0
0
0
5
3
4
432
13
5
65063
3
14725
128
Impossible
809
932
2
42
4
Impossible
8
20
0
19
2
19856
0
15
17793
5
8
243
Impossible
25
262
999
130482
3041
0
8
9166
28
11
0
36258
226154
1
4
0
Impossible
8
5
5
0
5
5
3021
0
1
3
1
89521
10
3
521
47
13
5243
Impossible
64
2
401989
8
336
0
244985
1
Impossible
24
0
1
644
2
145
0
76693
10
3942
4088
0
30987
9
0
Impossible
Impossible
10
Impossible
0
0
76176
43
11189
33
1
3
1
36557
2
0
1665
6
87919
416
8
5
0
18600
Impossible
Impossible
32
0
7
2
131224
71
1
2
54
4
140
55379
Impossible
0
0
14
82
0
8
4
87
7
120443
12
0
7
15694
0
1
1021
5
0
36829
42
Impossible
58
38526
487780
0
1
479
2
0
2
133103
0
452974
0
14
1
2059
0
1
2
0
4
112669
5
301141
7
2
265
39
20
11
6
1
118764
0
22
3
Impossible
9
1
11
0
3
97
0
5
0
17
31
Impossible
Impossible
0
0
5133
3
2
2
1
148
134
11
0
6
16
13
Impossible
10
111
588785
Impossible
0
0
0
6
Impossible
11126
6
20
9
1932
1
2
284
2
173717
10
2
53846
23
9
Impossible
16
1
3
278
62
0
13180
6
9
0
110
29676
21872
127617
8
178
20
233220
Impossible
3
0
4
6370
7
4
0
Impossible
628
246859
59686
0
592
0
0
427
Impossible
37824
4
167
329
37116
58
0
Impossible
0
500717
44
Impossible
20
472
673436
34
Impossible
4
86
7
21048
2
4867
7140
0
Impossible
Impossible
8496
0
38684
16
777849
4
21538
8
254
1
Impossible
Impossible
0
4408
21
1
6538
0
1
14
2
54
14
0
345
Impossible
7
5
194
7
0
758
0
4
33
0
2995
3
1876
Impossible
1
1887
24
109
9
32610
9
239702
0
40525
0
698
5
Impossible
0
17269
Impossible
1
77
10
1
380329
1539
13
38753
642647
3
242
0
Impossible
10196
1
128511
69725
0
10258
190
0
372
3
142
3
1
573
7
34
62
Impossible
3
10
64
319500
4
0
17
0
Impossible
1538
3660
15
3
2123
20
Impossible
1024
Impossible
7
0
0
14
12
0
15
0
14782
0
2
4
3
Impossible
7513
13
0
7
10
4294
86120
1189
1254
Impossible
3
2
6
25
6
0
11
2
15
10
16697
9
0
21
8
1
52
0
34
53164
29
Impossible
150
3
Impossible
6
Impossible
5
6
8
33831
70
42
0
Impossible
81
16269
582926
0
11
7
0
Impossible
46
Impossible
0
0
25
12
25
Impossible
220
28
7
243705
0
3
Impossible
32
Impossible
10
307
9
21654
39
0
1
0
35149
78
3
54
363777
49845
168704
248428
4
0
59
15
9833
3
241367
Impossible
109
240159
56
20289
5
Impossible
3
83832
45866
4
17596
117840
0
1
0
0
6464
0
2
7
9
0
3119
7
8530
104
1014
2
31
14
0
3981
Impossible
1
50257
42
2
Impossible
259
Impossible
1
5
7
78951
0
14
8
310545
2
2
0
0
75
23
5679
12159
6
24
1150
3550
0
1
0
0
36
61
1
1
Impossible
11
7
28
16
116370
12
3
0
10
18
68433
4
5
960928
11
7
Impossible
0
9
5
2482
1
123788
45883
110060
944
796
0
22624
83
523845
0
1
10
2947
468296
1
72245
11
Impossible
18016
11721
39
11
21
20
1567
0
154
8
212074
2
Impossible
5
12440
11725
2457
2263
80
65
209
3
72118
7
1
5
2
289053
5
3
78
248210
397230
1
0
9
1
43950
407
61702
2578
6
4
51
10
208582
Impossible
Impossible
250
12260
10476
133
18812
3
2
404584
1
4
9859
121
3
6613
16742
260
46
125693
17
107
1
5
1549
0
1
0
18
0
73
57
1
5757
0
2
3
0
2
66
2
24
0
769
4
31065
39
34
6
1
2147
0
5
3
8
Impossible
6
0
13
10
123
6
20
Impossible
34
3814
8121
584595
56
3489
13
7
199
2
29158
1195
10
135744
88453
13
44437
10128
0
9
74
0
39
8
10
17720
5
Impossible
16
8
1
911
81
12
2
252692
10
22
10
5
13
7
0
Impossible
0
57
13
35
17
19
58
12
0
64
6
1
9
1
47307
2783
21598
33
429
190
1
63165
18
0
10
11472
10570
Impossible
21538
14
13
366
0
5748
3319
15
6800
23
206493
16426
9
20
14
10
Impossible
0
67
4
291
0
1
586
1
8
1051
270574
94068
17
0
4
0
0
10
4
52
1
2
0
234
1
5
163
1
32909
201154
102
Impossible
944
1
126
0
829
730
1623
2942
13
Impossible
11
22
2489
6
13201
819
22
1
Impossible
13
88
270549
11
0
72023
4390
4
13
180790
12882
88581
0
165284
27
103
65947
2
3
283
Impossible
9
14
2
1706
Impossible
2
142685
84150
3
2
4
2
0
3
156664
25
Impossible
0
17
2
Impossible
4
Impossible
0
26
15
10
0
5
69
13735
16
8041
1
1
17450
5
1
Impossible
0
36581
0
22222
1
12
23
635551
0
5
17
0
Impossible
0
14
0
Impossible
1194
Impossible
7
11
8
0
82
33
16725
4
3
0
6
4470
2
631
31
379898
2711
177075
0
157
10
Impossible
0
76308
0
3763
9762
6
0
5
0
1
1
2
0
25577
3
5
7
36
33
232052
18
73
62
1472
Impossible
5
2
3
669
6
21
9784
348
Impossible
15235
42
12
Impossible
7
497304
7850
2
7985
5
0
0
98147
0
9888
4761
Impossible
0
1
4
6
54900
10
900
15
0
3
0
15893
1560
2
2520
60276
5
26
60
706067
213095
3836
44
0
165
43
8
71
344
Impossible
74
233
7
3825
2
3
569688
Impossible
466362
1909
5
2
24
28
4
0
Impossible
13
9
1
0
19160
Impossible
24
0
251
0
44
383229
2498
0
30
21298
Impossible
31
403
3
30
Impossible
30
222879
63543
3
2
2
0
30
8
1
3
0
8
15
Impossible
4
5
303827
Impossible
22
0
Impossible
21
8
164414
0
0
56721
3
51
0
1
5233
85
55
689928
Impossible
0
2
8
16431
0
15
100176
5
0
4
0
6508
5
7
1
212712
21
20
1
3
3
789
51
Impossible
Impossible
234459
Impossible
Impossible
9012
8
2735
60325
6
0
6
30219
4
0
10
6206
0
3
0
88931
0
9
54
14600
35
556
2
1
773
10
695
16892
0
1506
13
300437
12
14
15
4
184147
9
0
Impossible
7029
3501
53450
32
0
Impossible
100
394
2
0
0
9
1
6036
Impossible
Impossible
4756
204218
1
3
71952
11806
59653
8
0
0
13
0
2
8
418217
Impossible
0
28
121
3
0
Impossible
13
Impossible
3341
6063
23
15
10
19894
772770
Impossible
45
1
0
Impossible
22
Impossible
9
204773
14
Impossible
7
Impossible
0
0
Impossible
19279
4
1
8
320
21
7
2622
4
0
0
Impossible
2762
0
45
0
1
1
49649
0
276165
25
38
4915
6
2
1
81
7
130874
9
Impossible
6
3681
76347
115
Impossible
2
2
9
245729
206553
5014
3
66
24
44595
1
Impossible
3
17
38168
6
7
9
2
4
20
8
10
0
17
12
0
0
0
Impossible
14194
1
11
8
93
5
134109
Impossible
941
362063
29
559578
197041
227248
Impossible
4
2
5614
Impossible
5129
Impossible
459
0
35
0
8
14
74
0
3408
2
605
17
8
600156
558094
6879
1
100
55262
3
67356
0
6
967
1
6
0
0
7
3
8127
65
0
15
1
149
1
186
7
74
207874
31
21
272
0
10
95893
4
10
9
12
0
6
53
16
4
4
1
10
111771
138
8
1494
4
1
88
9075
0
1195
240251
5
2369
22
5
Impossible
Impossible
0
3
495608
1339
Impossible
Impossible
0
2
2
Impossible
Impossible
14
0
97201
55
57227
3
6
308245
10
15
0
11
3
22
Impossible
Impossible
1
42095
3
Impossible
37173
Impossible
911
160318
0
17
6
3670
4
Impossible
4
1
2
601926
24
0
6
14
0
177807
0
0
400
13
18
0
3
2306
Impossible
649
251
0
0
2
21
4
0
4
432
4
2
5
11
2
Impossible
22
149
5
8144
Impossible
0
1875
22663
7
4206
21
1
18
0
3
9
17
38
4
Impossible
0
3
7
0
4
23
1
0
Impossible
9919
78925
2
6
21
2
2
2654
3
8
Impossible
39
3
48478
9
6
43960
20
8
2
174
11764
889
48
3233
0
3
7
33766
0
0
3
7
15
237905
0
30
0
701
337324
4657
289302
1496
2
0
2880
7
82087
37
0
607
68
20
1
6
0
644522
19
0
3553
10
0
38
0
Impossible
1458
3
0
36
0
5
9
39
Impossible
1247
38328
217239
642
Impossible
5
5
0
0
7
5
34
164841
18362
13362
1
7
66769
29001
Impossible
3195
29
Impossible
361161
21
10926
63
0
971336
50
2123
8
28139
1
Impossible
Impossible
1
1363
25
25
182
Impossible
303
53663
11
2
24
6
5
2569
Impossible
Impossible
2
Impossible
Impossible
7
7516
0
2
0
429972
2
1
1
26365
26
717
3
7714
8
4
84
1
38
0
387
13
16
4
302
7
1
995
9
114
34
7
8
Impossible
898157
6
25
2
0
1
Impossible
21
1430
686076
60
0
33
Impossible
1931
11
3
23
0
35
0
1
0
1
Impossible
2443
3
29
211242
14
Impossible
1
8
2
157791
18304
1
0
365098
1
349
0
Impossible
Impossible
416
11987
0
8
43
10
0
1
Impossible
120
Impossible
9
13
0
Impossible
261925
4441
14517
56
3
1779
8
0
1777
28
2
0
7
4
0
Impossible
Impossible
0
6
394604
5
3
Impossible
35
22386
Impossible
Impossible
13
Impossible
6
0
1
5
0
10
1
Impossible
118310
11
10
3
15
0
8
2
Impossible
15
11
7
0
423
18
15
130
1
1876
0
19
Impossible
16
0
96
39459
3337
439824
0
421
215176
9
290
0
2
30392
0
159745
1
Impossible
2
9
235
35
16
199342
0
3
19
121836
31
2
1
22530
3
2
Impossible
0
Impossible
0
53
5
178
2571
0
1226
9
297
922
868
Impossible
44827
537888
4077
37617
220
1
8348
88
3489
5
15
6594
Impossible
39165
0
7
6
39
42279
7
12
18
Impossible
Impossible
2
87
0
9
0
136
0
4
2369
1016
1439
607369
66814
Impossible
108843
24
434
4
43
2546
0
1
505
0
13
3
7
12
66299
0
244670
0
8
0
7
9
96409
1
4
51
2039
7
28
82
5
5
6
3061
703578
2
5
104
1
8747
21
6
0
31
1
4
42
34
42246
5
26
41
Impossible
Impossible
11566
310359
7695
18
176438
6
368040
1
61422
70
2
440776
4
27
6
0
16419
1948
2
8
Impossible
4614
4
2
2443
96
0
67
7
Impossible
19
2
29
1
1
48
416
8
Impossible
6
5
1
Impossible
9115
66
0
13
243
0
179
63372
Impossible
4
0
54
1
117023
42
Impossible
707
3902
582190
0
Impossible
86659
2
523
0
14731
10634
9
183
5396
7
0
6172
6
11
419
6
0
Impossible
22
70225
Impossible
7
84
7
Impossible
0
4529
7
1458
9
11
7
0
5
1
83472
0
2
581
21
3594
229448
24186
119
0
93075
6078
8
3
1000
732599
1
52
13
1
2
11
3
16
6
10
608
1120
Impossible
0
10
140
6
3
18
106
14514
37990
312
1
8
2299
12
9
143058
39
5547
110865
2
4
260632
610
0
7
74
102
7
23
1
0
21
7
Impossible
111
4
1
0
1
3
0
0
17
18
12
34
Impossible
2212
35
Impossible
267553
12
74888
4274
1
36
4333
1
0
9
10
46
3
4024
0
4
11
12
16
3
961
12
3
168
38
405433
Impossible
30500
5
273
7
8170
46
Impossible
2
31527
21
0
58637
1
11
418618
7
2
0
Impossible
Impossible
4
7
158
33
0
11
Impossible
9
0
1
4
3
8834
5
8
0
585266
1
3
7
30502
0
0
5353
12
1
308553
39
1
38
0
0
29999
2759
8
5
Impossible
Impossible
9
67496
31
22016
698
5
604195
105745
219565
17
2
8
2
1
0
4
0
524
0
0
19
26
2458
0
4
80
109
41
8
288063
207
4
Impossible
157
Impossible
4
3828
322
0
1
25
88
Impossible
2302
187994
6
54982
Impossible
30
92961
9
Impossible
3
5
2
0
3
22
4949
Impossible
1
41137
9
1
489
Impossible
7
7
248005
6
226
Impossible
4
0
75
Impossible
9
1
Impossible
65948
1
5
Impossible
0
10
14
2
13
4203
740775
0
Impossible
7
Impossible
7
35
580
290
0
437778
697690
355287
3500
5
93
Impossible
0
4
4
Impossible
1970
8191
4
0
4676
61326
Impossible
Impossible
0
283
4
1
73
29
17
328
2
6
0
Impossible
0
133654
217761
8
4
8
51
Impossible
0
7415
4
31472
0
3
8
1
9
37
0
3
Impossible
10
26
25
4
0
0
Impossible
368187
7
38
2
2
23
0
0
1
25231
0
Impossible
185
783543
1717
0
0
4346
3
21846
16
1
0
Impossible
89156
6221
11
Impossible
128
Impossible
6
19
26
0
14
2
56
5
17
0
2
4370
24
0
96
171
20
11
7614
3
0
349560
2
0
0
12
66220
201
3928
13
2964
105682
60
42
2
8968
30721
Impossible
72990
4
0
3437
2
9
1
Impossible
97195
297318
23
9
320955
Impossible
Impossible
8
84567
0
0
1
62772
153417
0
15
22
51
14381
161692
Impossible
2
106
0
0
4
11
85
65
Impossible
Impossible
104791
0
103
1
214389
0
5131
0
4
3
84
0
292617
0
95356
2
6
3
14
26
58
17
591
4
0
Impossible
117445
1
2
0
611564
5036
35
3
0
58
3
825461
9
11
0
2969
1
4
8
6
0
0
24
91495
32906
2
7373
3
2255
34
0
6
473
108003
40
3
23975
2
7
0
590
Impossible
34
Impossible
3
4
12
0
0
2
Impossible
22
4
11
583
4
3056
4
3573
4
5
5
24
5
95138
0
24
0
2
1274
0
4366
0
609
Impossible
3078
Impossible
46
1
Impossible
1
0
182140
13
8
0
29
13
0
0
31
1
21
572630
6
24
0
6
Impossible
7
0
2
Impossible
13272
0
43
14082
128111
17
3
0
9952
2
0
5
13
98319
0
Impossible
116098
12
52
661
46
Impossible
13
335258
0
4
118426
Impossible
59
0
9
4
3256
Impossible
62338
1686
1277
Impossible
17
15
6
3
76
3
8
0
14
3253
12
14652
0
2
Impossible
5783
7894
408159
Impossible
1
0
0
28
14
27
5
6
2
588
364
6
4
40
0
18
2
85
3
397
3
3
178567
4
0
4
10
25
9
28
3163
0
116960
6
1
4
4
38551
12
18
Impossible
7
1418
3
2
0
237
0
0
936
7
72
10
1279
53
1
6
17
10
0
779
64
38
1
4
12
Impossible
10
0
Impossible
78
152
Impossible
8
0
35
72832
7
134
30
1
55
0
391
46
0
3
120125
0
Impossible
5
0
11
0
2
46
66269
20
9827
3
0
0
11
13788
9
8900
460764
0
16566
5
3
8
0
9101
2
0
Impossible
5
26007
4468
27
2
251976
90
10
0
101
64
44
27460
2
5
3
51846
12001
0
17348
11
0
0
5437
5058
3
84901
2
Impossible
389
11
7
0
58841
39
1167
0
33
42
167776
143029
2
8
19
9
13
1626
883
0
12
6866
393
53299
5
12
Impossible
0
7764
160089
65
Impossible
33
14
146609
42
9
0
0
Impossible
257005
2834
Impossible
12
3
2088
142835
13513
11
1171
36
34
14
4
Impossible
6
0
Impossible
5
Impossible
22046
52811
1
0
1
75
0
12
2
Impossible
Impossible
0
12
92623
0
9
1
6
0
2
9
103376
9
0
0
16
29063
13964
294
4
3
Impossible
28
26
Impossible
6
307284
Impossible
Impossible
Impossible
3
Impossible
78
1
13
21
Impossible
641
11243
33816
10
334
26
5
0
1325
6
103
130196
352
3
0
214
Impossible
6
0
116006
12
9
43
119905
34728
93
29
0
4
13
Impossible
0
0
6044
21
1
29
Impossible
1
Impossible
3
45
30
2
799
7971
13
10
2162
15345
0
49
28
307441
603
Impossible
7
9474
372470
44
0
1
17
76
7
3
55
265
2
5
523
4
0
9092
Impossible
3
7199
7924
0
2
715
0
10
13
11
8
3
26162
0
18
0
1
10
0
Impossible
2
24
6
64
40
1
Impossible
1
9
16
16
0
9
58
3
13470
49644
128695
1890
3012
50
76131
17731
14
46
63944
1061
312
17
30446
46
Impossible
0
169455
4236
4
4
0
58829
7
3
2
590
18
1
Impossible
1
152204
114949
18
36
9417
28
0
0
1
644
8780
0
Impossible
Impossible
0
508176
Impossible
7
4
0
46583
3
0
5
13
22
13672
3
Impossible
Impossible
4389
Impossible
Impossible
2
418
401
1
18
3
4
12
84445
141185
0
62
10
9
0
245180
14
2
55
66
10
35
15
10257
0
6
313125
Impossible
8
4
0
16086
14
1
38099
5
7
2961
64576
0
23
5
4
0
7
90
7345
24
31
Impossible
0
Impossible
75
11
0
11
1
102956
125251
3
11
1864
0
0
3893
10
69
3262
1
377440
4
1
5
4
11
226
95
0
0
446383
0
4348
15
0
1
36
23
1296
0
4
0
0
7
77616
1
1
4
3
91
69
450549
9740
Impossible
70
471
57024
0
Impossible
506
2666
20
8957
938
35
9
17063
25
0
Impossible
152761
1
43
1
1
Impossible
4792
6
0
4
3
4
1
2
14
32
5
4
Impossible
67
24
2
6
1004
19
5
20
16
515
5
430205
6
2
4
0
0
0
1014
0
12
Impossible
0
Impossible
5
39966
305369
3
5
180
16
1807
0
585458
29
14
9
150
Impossible
5
0
23
7
1
133279
15
572
3
573
13
22
2041
432
Impossible
13
13
14
15
0
10
1
Impossible
2
Impossible
77
97
21
Impossible
0
89027
1
13
Impossible
4
8
1533
0
0
0
74
Impossible
62214
0
8200
Impossible
428270
1369
5
28
0
24
9
49
0
59239
40570
16
2
0
4486
3
27
Impossible
351757
0
16741
0
Impossible
3
8
13
Impossible
410
25
43537
4
Impossible
Impossible
26
686175
18
8133
0
Impossible
3
4
Impossible
0
478919
4
6125
63
Impossible
6
19
Impossible
181214
53591
37
8
37
4
0
1301
Impossible
28
32493
8
19
6
0
951
3358
1870
Impossible
9
5839
0
1020
8
2
24
2638
5
Impossible
3
0
33
0
105887
9402
0
158
17
7027
Impossible
8
311982
23070
2
254
74
7758
13
Impossible
117792
Impossible
1551
3
4
2
16336
683740
Impossible
27685
0
20
0
170
58
11
2
0
2
1
15729
10
676
Impossible
20
18
Impossible
433233
46
50340
5
4833
Impossible
38506
362
0
36974
27
67
45237
13
0
0
50306
17
Impossible
8
106
Impossible
0
437216
111
111049
Impossible
7
5851
112657
0
7
0
25
0
116
49888
3
Impossible
11
6
2
1403
Impossible
92760
Impossible
2
13
2
228
11
576671
0
129223
14
Impossible
8
438247
12
56
Impossible
4
33006
11
4
109138
4
1
48666
Impossible
74796
191
40
11238
Impossible
348
15
1
0
668
208803
4
151358
5
4
1924
606
333682
182
67050
1295
0
1
2
4
Impossible
11
0
2
19
Impossible
Impossible
Impossible
4
755
4
4338
0
0
12
Impossible
0
0
4
51678
441969
572443
4
9
10813
31
2
22819
Impossible
27
5
22
22
443
0
6
0
65
0
171253
8
2
97
9
11004
27
37
540
20654
8
8
53107
77
17211
51
539150
50607
7
8
6131
0
16
146
167068
0
79
4
0
Impossible
913167
313424
2
1033
3
8
2
5
8
0
1
22
0
9
7175
2
46339
3
3
6
Impossible
0
49
92
7
108
223
3
Impossible
388
685
Impossible
0
0
Impossible
13034
9141
0
0
120
86
2304
15
0
0
162
844
152
35230
Impossible
819047
138448
Impossible
6
4032
2
20
2496
1467
210063
2
297
0
19
6
Impossible
3
0
1
9
1
6
0
146
481
68717
0
32622
17
254
10
0
48
23638
Impossible
184
356216
151
8
Impossible
27
8671
11706
23
1
7
207992
99
4
3
0
220
6
1762
Impossible
3377
0
122
140815
63424
52
0
8
3570
520
0
0
Impossible
2
6
0
11
16
Impossible
2666
2
Impossible
337813
0
0
6
5
Impossible
1
98198
6
0
21
10
16
3
7307
1004
1
128015
0
10
9
21
7
10
2
0
0
469542
Impossible
5
1
605969
Impossible
5
31
6
5
4
0
57
12
Impossible
32
0
9
8136
19
5
3
6
16
1
0
12
1
77
76
Impossible
37
2
0
105
Impossible
Impossible
23
234
64
5
5
8
0
12160
0
10
6
2
472
0
19584
588
108004
3
679
5
7
1
Impossible
0
0
78
15
Impossible
0
1
19
183579
0
16
15
0
25
43
1
7
21
0
13
118804
7
318
0
10
3
0
8
1
438840
2
0
Impossible
0
Impossible
2
0
8
136
3311
27514
26004
7
31
1
0
233
95817
47
1779
22
Impossible
10
7426
37913
221478
55633
2166
3670
1
0
6
1
10
1866
6
11
2846
2
1
87
161426
Impossible
26813
0
0
362533
245996
1
145
0
30
9
4
9
129652
1
53396
21
62972
3
0
25
Impossible
718511
0
44260
0
6
0
122
155594
7320
15
1038
4457
0
9030
0
3
35
55439
14
899
9
202104
57
18
0
11
Impossible
Impossible
35
112931
1925
5
931215
5131
0
4
118
261
Impossible
1
223
18937
0
6
0
19
1
48852
53
0
0
Impossible
273431
2
Impossible
22
54919
17
111
4
2
4
438
21
0
14
58
310
109059
Impossible
2
61
7
0
20
219
574
11
527509
1
1
1
2255
64429
15
7
17
2368
314
0
Impossible
81
5
102
5722
20
3
93993
25
0
90305
17
11
0
0
16
428
Impossible
7
10
Impossible
20
21
64
30389
Impossible
3
5
8643
9612
0
Impossible
106
Impossible
0
Impossible
0
9802
Impossible
284
5
6
8
1565
0
1
45831
7
38
4
7
0
274
11
85303
1
0
1342
Impossible
13323
1
0
192860
2557
Impossible
0
Impossible
12308
1034
8
0
92668
345717
0
73259
24425
0
3
59
2
4
5
121348
6978
5
18
92162
383878
4
7829
42
1
6
2
0
7
302550
30649
75
5180
25889
3
3985
4967
4
53
64
67379
3
45437
978
330
3
3317
0
0
32
51628
Impossible
0
55911
2607
2702
0
10
14
4
202679
71
0
4
27737
79231
Impossible
Impossible
315
3
32
0
4
5
0
Impossible
24
54688
Impossible
0
13
81
4
16
0
4228
11646
7
539430
57
7
120291
0
30
1556
0
15
0
9
51
0
49
21
129
17
0
11
Impossible
1521
17267
3455
4
7
3
0
670
799
4
47
0
Impossible
0
1777
41
0
2
Impossible
10
Impossible
68
16
7756
2
38
380791
674887
0
5
0
16844
2
9
51
11
9
Impossible
0
Impossible
0
0
0
8
52776
218180
0
1
3
7
1550
397267
37
121324
4
2
197
11
1
50128
9
0
6
0
143499
5
570114
1112
2
12
5
1527
500
2
31
1984
145
0
1
0
18
472
2
2
0
155780
Impossible
460493
6
10762
877
952
0
Impossible
21
0
9
0
9538
90658
2
85
0
7
Impossible
Impossible
0
4780
4
52263
14975
22
29
12
4
1322
19
0
9
41
1
2
10
2
2
Impossible
1
8
1051
0
0
5
23
0
3
1
41438
14
0
477142
1
0
Impossible
88
27
4217
324457
10808
23290
0
Impossible
5
Impossible
0
26
10
51798
4767
36
19
17
3
17716
58347
24776
9
30
0
12
4
0
1
Impossible
10
11
111
7445
6
0
Impossible
4718
0
279523
27
5
3
4
218974
22
8
0
74
3
Impossible
Impossible
134
Impossible
0
0
2
15996
4
140570
236
0
466
5
437191
10
7
3
14
29
1345
420219
51986
34189
192
2488
87425
Impossible
3
6695
819264
1
0
0
0
3
Impossible
14144
598773
24
7459
2310
Impossible
8
224958
64011
0
0
0
64
0
46289
1
11
6
3
Impossible
56722
3
1
0
40
0
590
4
4
3382
34
20
0
99
0
69
3
29
4
6321
817315
0
0
15
36
0
53
23548
7
4
1
52546
2
114
12
11590
13
23
1908
18685
3
26
12
120218
20788
6
Impossible
11656
1
958
444
953
297
43021
13129
64549
4
14
17
7
0
21
0
43649
175
1189
0
2
6
9
4
2
3
29
68015
6
3
40
39
0
2
4309
18217
37
42
1213
Impossible
1
0
104196
9
0
463
25
375362
10
2
1
799
0
7
13
0
Impossible
0
4
208976
Impossible
84
0
25
0
2
18
1
6
211423
7
1276
25
19
99
438
14599
94
156812
9
9
87533
12
202
9
328987
1
143415
17
4
73121
Impossible
12
0
4
2
1818
11
0
586
205103
16052
845
109
7
2189
0
1
0
0
0
21508
2
4
Impossible
811
37
15914
13
0
Impossible
14231
28
13
159911
297
420690
0
0
5
4
3
400
Impossible
6
17
Impossible
2057
5
5
5
813939
8
193
142308
4
764
0
92
Impossible
15
26
8
3777
684
0
0
1
Impossible
30
0
3432
65
1212
7077
6338
21098
7572
257159
572
496
5
Impossible
37
8
1633
0
22584
774
58
1133
1983
0
37
592
38453
18
0
1
1849
633
3
5
Impossible
Impossible
3508
15805
12231
0
16
153831
0
0
4
2
27
Impossible
75
4
56026
Impossible
432
11
25201
8
7
0
2
24
Impossible
3122
317383
8
1
13
2634
69
9
15
Impossible
3
6
65
Impossible
19
9
0
10
36691
0
1233
62
22340
9
33312
7
6
10002
168200
11
0
Impossible
2
0
0
17
10
74106
33
1517
17
6
546709
4
42774
557
0
12
3589
3
7
45
Impossible
8
Impossible
4
0
2
202584
125346
0
21
238351
3
3
19
7358
59
3
25
3138
102
5388
4
5
0
Impossible
11
14386
165
4143
5495
0
10
10898
0
20
39
57
8
5
92
12
3
Impossible
64
38369
0
11
130226
Impossible
21
0
0
4
0
52675
65
53
7
311956
12
53078
2
58251
Impossible
6
213
Impossible
10
4
2779
25
20539
11
538416
1
99835
2
0
2
10
0
376259
36
19
1
1676
43898
0
9
0
4
Impossible
1
0
10049
0
71
Impossible
25
44
0
48059
7
2742
15
23622
6
8
3
2
4
816480
53195
0
1
17
65
2112
36188
72
37
0
22573
10
0
4
42
697
9
74
Impossible
0
Impossible
Impossible
5
239427
64
0
466683
1
0
0
0
Impossible
55473
60470
5
0
0
6
5876
10
1
Impossible
1
0
22
6540
132085
4
225
2
10
0
2
7
531350
70019
10181
110066
41200
44
4
202
1
37
32
Impossible
278473
Impossible
1
0
14
Impossible
796395
8
6
4
0
7
Impossible
Impossible
155416
3
57
4
65323
4
505852
265
6
11
7
3
58473
0
5
3717
0
24
0
1
5
0
52
4
1
15
Impossible
0
13178
7
0
0
8
Impossible
28
7
0
888
3
4
4
15
3
1
104592
88564
27
102
3
2
10
6662
330
Impossible
0
4
0
0
17
7
13
17
947
7567
48
1
2
9486
5
21
123
664659
88723
2
0
10
11454
38
3
1
4224
1
4
15
257504
0
0
Impossible
0
55307
4
1426
14
22
Impossible
0
5
334817
53562
14898
46167
3
38894
13
0
561867
16
0
6
248357
14
1237
47
41
9693
1
17
0
1
871
245547
3747
12
72
1
163
12784
24
7
33
14
22
561
0
4
11282
83
353612
541934
7
1018
6550
27
Impossible
2
0
Impossible
6
Impossible
6
1
0
105860
2901
12
46308
37621
95
Impossible
2
2916
558846
53
0
7
Impossible
50
18
13
3197
Impossible
3
95
3927
5
0
4
28668
5
10
0
5861
11
Impossible
75
19
80559
45
8
8
0
17
86
11
619
Impossible
0
30
0
264489
4678
0
4796
12688
8
0
24
6
0
15
60
1
2
2
0
4
Impossible
674
182528
0
184
92585
21
32
43
0
7
6
446
57
Impossible
2
814
0
4
36
6
1
1
Impossible
2
4
0
22
3
11
38400
3
5202
10
8562
18
1135
8
Impossible
3
34
47679
185480
1
28
33057
14
0
0
2
313
8
21536
53749
24
51
68877
8
199
378
0
304850
4
11
0
1
0
17
3
70
2
5833
4
816
4562
1
22
35
Impossible
2
256598
28501
73
0
5
43
12
102
0
75
13
10
1
285
111
1
12
17
1
370
134
812
113
1
0
62
0
90094
185
0
4
121
829
26526
Impossible
Impossible
380
44
43
286887
83
16
0
0
0
33
13
775116
6
9
39858
31
1
12
262
0
26
2
Impossible
0
11
2800
Impossible
8838
12
16080
5161
277356
1306
4
0
95
7895
Impossible
57
14
16631
6
2553
Impossible
0
32
Impossible
56
51
52566
2
258504
15016
5
29895
0
3
357
121
3841
104
12
Impossible
0
Impossible
14
649
8762
Impossible
6
18
5
72706
175796
0
Impossible
2
3
16
Impossible
0
2
2
114
162228
267013
Impossible
6559
18
2
38
12
84
32
9
16
8
24
2
0
654
Impossible
372
13
18
910
40
67
0
0
2
3213
8
12
0
3
0
5
0
2
72359
5166
291396
1
0
0
60
2
2
35
32705
0
3
393513
58347
26
3
32409
0
16
66679
Impossible
7
0
75
3
16130
34
0
109021
130
0
Impossible
4
506
6
27557
4710
99
4925
Impossible
682
8
364046
28
0
319660
866
1204
6
1704
1
134592
6
29
2690
1
74
3030
0
0
Impossible
3
0
339000
38
17618
5
42348
2
2
79287
8
71
37
288110
63
8
Impossible
89
0
1
Impossible
37
1
16
3
0
0
13216
Impossible
31546
11
45
0
3
0
2652
0
10
8
101
13
504805
15
88158
0
61256
7
55862
0
2017
4
31
3
10
0
2
13
39
18
190225
Impossible
0
2312
225
0
0
321
6
10
11
21614
Impossible
3221
583950
88098
8
2
131322
2
13
0
741589
32
213
15031
36
3
18
3074
0
30232
1
4
0
2
0
9
13
14030
2
0
36
91173
8
0
1
4
10
0
3111
34
0
1718
56
3
1
24
Impossible
9
Impossible
9
4
5
10
21
Impossible
0
Impossible
0
0
34117
Impossible
11
4
10
225
4712
2
5
49
722
27
19
12
16
19
Impossible
248697
Impossible
589
144667
Impossible
9
20647
0
19
4638
13
4436
27
0
43
14625
Impossible
2
3
420553
193
1
Impossible
4
Impossible
Impossible
Impossible
290
98417
28
4
15
1
0
53
0
14
0
3
22702
4
5
9
135918
18
5
12
38970
0
1284
Impossible
1
8435
263362
0
Impossible
54837
36
31683
191193
10
0
0
0
4031
37711
Impossible
28
Impossible
10
1
0
7
5
521
60362
47
0
92588
9
118019
10
16
703
423842
12
22
60
23
279560
93184
10
42
7
1
1
20636
12491
0
2
20
7955
0
0
5
1
0
0
9
8
10836
8
2
14
10
9
Impossible
0
3
36
29
2
3
891
0
2
46
45525
7637
898323
9
0
24
23
Impossible
782
481
25
2
92663
0
0
2
0
Impossible
75
0
2
Impossible
192
1
43
0
4
0
12728
0
9
4
31
3449
18
0
287417
89
0
9
14
8
72460
0
73291
53204
76079
103
Impossible
7
1
39
42846
0
126
95332
0
6
10
7432
4
5
8
95
1
9
4
4
37
10
109
94
879
0
0
180
329
7
16
Impossible
9
3314
0
15
33417
3
Impossible
3
0
13
0
44
Impossible
2
9
5
369343
17
46
5486
302526
7
677
18
7
0
2
126029
4
29544
3
109684
Impossible
Impossible
222
0
22
388975
245
Impossible
264
567
0
1
3
2
0
33817
1390
8
9
0
30
20
1
0
3
8849
0
12
22
Impossible
49
1
Impossible
4
0
154
2
24
13
1
148063
2
0
105
3
592
5
2
5
0
42139
Impossible
8519
0
2
131010
4504
Impossible
0
0
9
19
34
94
104
27
17318
91371
271733
0
10
46235
2
116870
19231
1
0
239452
3
68097
Impossible
7
0
1
95375
0
15
6
0
66
1
0
600076
235503
40
1
Impossible
5
0
5
0
15
7
832
22
0
8
8
3
311
7
Impossible
0
5
118793
0
0
145
991
23730
189
Impossible
3
0
866
0
4
379404
42
11
76625
0
3
23436
82
29
Impossible
136336
52193
5
0
892
37
9
42
2
Impossible
16017
4
Impossible
0
4
0
23405
198236
35576
1
20190
31
629898
126
2
2181
4
4
4
0
3060
1764
192
Impossible
2
Impossible
7246
Impossible
40
7
369
1
0
298068
7
0
Impossible
7
0
23
0
631154
551170
2287
26
50
21352
65
21
16
27
2
16
9
0
17189
158763
Impossible
0
32
11
105
15
74658
2
7
72
172046
30
1
2
403
3
166
35
131
Impossible
214782
7
1
29
736
69571
8
21
5
0
19
84790
4
63
8916
0
0
3
138
2
16
31420
1
426
2
0
0
2
4585
10
2
93
2261
26010
0
140510
Impossible
2636
8
4
19
4979
18
363
3
529991
94
919
0
2
5
52
7
1
0
29
44
2732
116583
4500
1
348
32053
60485
9
Impossible
1
7
54
335602
655149
8
24
5509
12
10
25
107519
263
3
4
0
0
13
45769
10
5
68
Impossible
15
3
Impossible
4
8
124543
7
11
0
3800
2
90956
3
2
4
4
1
137745
4
7
84873
6
4
1
2
6
9895
0
467
99039
2
13
29
10
647
0
8375
Impossible
378
42
0
4912
5
4923
42870
21
34
21
174
0
52
13664
6
447
7
415
14520
4427
489
11
7
Impossible
675
Impossible
12
2596
Impossible
3469
6008
61
15
0
6
1704
11
2
Impossible
0
5
6
Impossible
429
101657
Impossible
105
2720
3
56702
95626
39
Impossible
33
3392
61
Impossible
115
2
Impossible
146722
0
5
49
9
0
Impossible
0
Impossible
15
3170
0
59
108
2
20
2958
1233
35
108
2
16
20711
0
328751
22
136335
2
782
Impossible
1
35
23
0
436
70831
20
11687
4
87
2788
5911
2
16
149948
4
35
9
127
0
224432
12
5
303
28
17750
9
0
215
7
547999
20
0
10099
Impossible
145
7
3
38
9
7
10979
6
180
21854
6
37
15
0
1
0
291
241
7
2
267
8772
387158
0
0
344250
142566
39
1
53275
3
5
3
0
64098
1
3
0
4707
13
15
0
11
7
0
0
145544
2
1
2
0
1249
42843
85
0
203
Impossible
56206
8707
3
0
191901
2
5321
0
123438
4
2
0
3
16126
18
0
Impossible
16
5
0
6
43672
11
8
102
9
2
102
61
22
117
0
1
124351
6
105660
9740
395967
1
7
0
201
7
11
1
4
9
0
124802
0
2
525381
14
13
4
3
152527
27447
6
0
1
15
5
0
17855
0
0
2850
19
6
Impossible
2
Impossible
3
3
0
3
0
13763
Impossible
0
3
128
15678
45
8670
3
31
7
0
4
10
6
0
9
15
7144
188898
29136
1
Impossible
0
47
4363
47829
2
0
11
3
10
Impossible
2
5
878455
4
2
0
26
13
1288
383
3
4
395
7
3
0
16
Impossible
8
19335
1501
4
27
0
14
Impossible
7
242521
94185
3
Impossible
Impossible
4
0
0
48
0
0
Impossible
10600
17800
4
Impossible
0
15
5
13
6446
7
8
45559
3
24
34
0
133022
1328
Impossible
3
4
0
0
0
89
Impossible
140887
2
0
0
1
2
26
9
0
0
3
12
8
943
73308
4
Impossible
7
14
7
Impossible
9
5568
14
3
0
15
1
Impossible
34
54328
5483
Impossible
10
387
Impossible
712173
Impossible
Impossible
3
0
46
4299
10
7
85
46
Impossible
8
20
0
635
407600
36
33
486
604445
2
0
0
767683
82
16
779790
4
9
Impossible
4
1
686
Impossible
7
2
Impossible
10
6
44
Impossible
13
0
26
2
24400
794
321
Impossible
68
48
96390
153
6
394078
12
61571
10
80
26
1
2
264440
Impossible
141
2
211
2
5
5
6
27
0
57554
0
20
554
625553
0
14
14
93
2
293
215725
2
17
1
5
Impossible
6
79
3
12
1
Impossible
3
17515
0
9
0
Impossible
425
4
76677
21
52
10
Impossible
0
254
7
25471
43454
4
Impossible
Impossible
Impossible
6
6
3
2
203139
5264
179
195
17
7
300
13177
5
9
9
13
398968
Impossible
32082
42
10
7882
Impossible
0
10
0
12
0
10
Impossible
Impossible
15272
7
50783
373
12
6
3
2
76
0
7
0
8
4
18
982
2
6
1
1
613839
16
140
0
3534
1
27
21
Impossible
1
8
141
53908
Impossible
Impossible
0
12677
0
0
9
2
6878
2
1
16
139
7449
158708
10
0
Impossible
447
3
103
4
310
677
973
1
69215
0
7962
0
137
0
10
0
417
5665
1
11
0
18
690735
1
2
3
107031
1013
Impossible
31
8
0
2
Impossible
171
43
0
32
242
57
6
Impossible
9
1
0
0
8
12140
0
29722
Impossible
43595
4
1
0
10
434919
2
6
0
Impossible
Impossible
4
Impossible
148742
14
23
0
0
527283
19765
0
66751
332316
49
205
13
5
47
5
29
154064
4
5
7
35764
7
2
3
2410
44
1435
6
0
0
10
41
4469
1
6
2
0
6769
0
0
11
1
7
47231
1
13
23
Impossible
Impossible
4
72
1
8755
0
37905
6745
881
4
56
1
55
0
1352
447
3
459
3
230533
4
31646
0
8
2
37337
Impossible
0
6
13090
35
1
7463
Impossible
5
9117
7658
1
4
0
270234
98473
44
4
1
4843
3
1111
269
65
841
0
0
Impossible
23646
94771
16399
Impossible
9657
388
536
2
37
Impossible
588095
54269
0
577
45357
215430
81197
0
4
3576
Impossible
40
0
Impossible
0
9
Impossible
0
2
3
Impossible
43
Impossible
12594
2
7
10
14603
Impossible
5
656
72
Impossible
61
25409
43496
0
555
43
Impossible
4
11
3
12
4477
10724
7
19
0
1172
Impossible
0
1
1
2
6
0
4
85028
88
13
748
253003
56236
Impossible
5521
Impossible
1
24
0
Impossible
0
1
17
612099
296
Impossible
Impossible
4
586
0
0
5
103092
1
5
0
5
4
1
125386
15687
1
66857
70280
322
0
0
3
331
54763
Impossible
464091
3
73
25
2691
155
6
10
632
7894
117
14
127
2
5
Impossible
1181
0
140037
145
13
0
24
Impossible
6
9
3
26
0
22437
33723
852
19
5
0
65
1192
25
19
7
2
5357
11
2
26
7100
109
3669
4
10
45
16
0
8
11
1241
12
15
13
24
6
0
70325
16716
6
15
0
76
41
187817
0
96
15688
211
6949
235
27
0
2
19
0
Impossible
12
0
0
18
3
6
122
Impossible
0
0
7974
1
3
18
28
1
64
2
4
5
2463
6
5
28
17
Impossible
Impossible
0
8
3
6
83211
0
32
Impossible
825440
2343
49
877
7
0
112
Impossible
43
324154
91748
0
2
23205
15
Impossible
1
1221
16
Impossible
8
849
336272
3
23
89
5
718
11
0
14
15061
0
175147
633419
11
18
4
5
8
40636
7
14
3
4
2612
0
0
18
395
3
23
922
3
38
34
3
109994
2
208027
0
482537
168678
17
Impossible
43840
9
28
9
0
0
6
Impossible
409
0
20
1
2
417912
0
116
4
3
0
23903
18
Impossible
2
1
295
292183
1
2
16
27
1354
776
121817
2
8
50568
21358
12284
16
Impossible
96
9
20
24
1
4
11
70
9
7
1
24356
4
20
166
398641
13
1
21
0
Impossible
17944
31889
14
97
3
80634
44
274
Impossible
62
1259
0
8
Impossible
0
0
242
34772
0
26
0
9
31806
3
3
0
134975
3
1
0
5
1834
0
3
1018
331194
52
589
2
0
54993
0
16
4
7
0
0
5
3298
65
104031
14
93231
36021
0
561
6
8
35045
5532
Impossible
28005
0
21
0
15
6
0
13
0
31
633
95703
35
80964
0
19
0
1
201
61
6
1
4
317
73601
0
254690
11
20
103649
7
6
1
0
737
0
Impossible
0
1159
148
41017
0
0
8040
1684
481
49
11925
Impossible
3
1
14
1846
3
10
11225
157
0
0
6
0
Impossible
5
14
8410
12091
3
108
0
463
5928
21542
59067
4
1
0
0
5
6
52
0
4
3
301
54779
Impossible
32
4
82154
1
9
23
54364
13
2
0
42
0
184601
4
34
19
1
1362
0
3
3
633
30
Impossible
15
2
292
21155
61
1
9
0
1725
Impossible
8
Impossible
2564
4367
37
1
561
289
10
293639
0
143
4
1
141
81845
Impossible
8
0
2
79545
31445
24
4
1
Impossible
86174
5
0
8
53171
6
2662
4852
6
Impossible
0
Impossible
3
5
84
1
34
854
28
28
1
Impossible
1
18
1
2
68541
24
3
Impossible
173738
0
96
6017
Impossible
1
Impossible
103
571
74
0
9860
10850
14
0
99
1723
2
4
8
37
197
0
3
466180
9
44
0
14
0
0
Impossible
14838
3
6
2
2
Impossible
73
0
4
0
19
3
Impossible
24
153948
0
10291
795
Impossible
8
9
1
299
50
14
10
6
108
6
3
604
1
Impossible
2
Impossible
1
10
9
3588
Impossible
Impossible
33
0
28
Impossible
25
2
4
2
7
6707
130
1
70115
0
3
849136
24
539
12
9
0
2539
0
8
6
0
0
720
787483
329
15
0
2
0
93336
Impossible
11
7
25
0
831
22
1
Impossible
9
1
19
0
2
7
0
507
1042
28
1
4
Impossible
1798
0
Impossible
3
Impossible
22
1553
Impossible
14
0
11
45
0
16
2
Impossible
0
218
5
2
10
535951
Impossible
0
2
32819
250949
6
71727
0
179307
39
55708
744
0
29
1311
0
33
111
6
13
0
6
13
91
4
15
56
5
0
52
1
10
13
2
3
10323
22
0
325105
39607
63772
34
165488
4
19
64734
18
29
17
32
114
0
3604
18
244
256401
28
11
83
1
Impossible
69
103
41
4
0
48
25509
96670
8018
15
Impossible
0
2
0
6
337
20
Impossible
12
10
3
0
797
Impossible
1
192095
1
1126
2900
7
Impossible
15
120903
6861
287507
9
1
8
Impossible
139
0
0
5
0
0
4
60338
50955
22
4
13
7
365638
Impossible
9667
0
4
9
34
316796
2
518325
343
Impossible
94
6914
205
11
0
30
211
Impossible
3754
Impossible
2384
4284
18
6
Impossible
9
0
1
0
5
3902
2
9
4
11
10979
12
0
20
42
38423
3
5
0
6
12
91515
0
272024
0
440209
26
1391
0
0
0
8
81
64086
4
850
Impossible
6
22
0
0
Impossible
378
0
Impossible
0
0
24
0
6058
6
4794
15
3892
Impossible
20043
6
0
982
221
2
Impossible
153333
1361
Impossible
2
238789
16
0
Impossible
5
2
11727
0
0
2
0
752
Impossible
6
2
8
6
0
10
20540
12991
7
3
7
0
4
51
174450
44451
0
43
1
26
Impossible
1
Impossible
0
164
Impossible
7208
0
1373
52
13
31612
76
362
0
1
5
16
2
11
12
4
58134
0
5
530
8
205196
Impossible
7
0
Impossible
26
0
26283
199772
1
650
18543
1346
4
12
11
17
Impossible
1
7
1
53
87339
Impossible
10
577255
Impossible
11
996
7734
517
0
Impossible
387
77604
3186
33
381
2694
0
11344
15142
138
9
23160
9824
5303
2146
8800
24
11
1
2
0
2029
1
3
0
63
Impossible
83
5
0
0
12
6
0
18
378
34
16682
10
255640
14
3756
101642
176361
6
40
7
69529
Impossible
35
23502
42072
0
3
Impossible
2307
0
5
5
75115
5
Impossible
Impossible
17
629567
66
108
0
0
1
3
1
4808
9886
5
5
465075
1
60
58358
3835
36
5148
3
80
2776
8
1
254636
18
273641
79
8
13
242067
280
7628
1
674
101603
137857
1
1
65938
0
12
78473
Impossible
54203
112
5
14
0
84823
3546
211071
924
4
0
Impossible
0
60076
Impossible
6
4
6584
0
10
0
2
0
0
0
5
2
157
6
0
639
3
0
106441
Impossible
52
5
46
0
11
51
16
Impossible
31
Impossible
694
3
1633
0
157733
32
4