6
4
0 1 1 0 0
1 0 0 1 0
1 1 0 1 0
1 0 1 0 0
1 2 3 4
8
0 1 0 0 0
1 1 0 1 0
0 1 1 0 1
1 0 0 0 0
1 1 0 1 0
0 1 0 0 0
0 0 0 1 0
0 1 1 1 1
7 4 2 8 3 6 5 1
6
1 1 0 0 0
0 0 1 0 0
1 1 1 0 0
0 0 0 1 0
1 1 1 1 0
0 0 0 0 1
1 2 3 4 5 6
6
1 1 0 0 0
0 0 1 0 0
1 1 1 0 0
0 0 0 1 0
1 1 1 1 0
0 0 0 0 1
6 5 4 3 2 1
20
0 0 0 0 1
0 0 1 0 0
1 1 0 0 1
1 0 1 0 1
0 0 0 1 1
0 0 1 1 1
1 1 1 1 0
1 1 0 1 0
0 0 1 1 0
1 0 1 0 0
0 1 0 0 1
0 1 1 1 1
1 1 1 1 1
0 1 0 1 0
1 0 0 0 1
1 1 1 0 0
0 1 1 1 0
0 0 0 1 0
1 1 1 0 1
1 1 0 1 1
7 18 3 5 19 11 13 2 4 10 14 15 17 6 16 9 8 12 1 20
15
0 0 1 1 0
0 0 0 1 0
0 0 0 0 1
0 0 1 1 1
1 1 0 0 1
0 1 1 1 0
1 1 1 1 1
0 1 1 0 1
1 1 0 1 0
1 0 0 1 1
1 0 1 0 0
1 1 0 1 1
0 1 0 1 0
1 1 0 0 0
0 1 0 0 1
1 2 3 4 5 6 7 8 9 10 11 12 13 14 15
