10
100
0 0 73 73 89 0 47 0 75 75 43 1 91 2 97 0 0 88 1 73 32 39 84 0 0 72 0 0 0 0 41 15 64 0 9 61 51 52 74 59 35 0 96 47 0 58 76 0 10 73 44 27 0 25 54 88 49 15 93 0 37 16 10 88 11 0 15 0 61 0 79 0 73 94 0 28 0 93 0 0 24 1 0 33 11 37 8 89 47 40 0 22 10 0 3 31 80 56 0 93
0 0 67 34 0 0 42 0 83 0 75 0 36 40 34 0 0 0 0 34 89 81 34 0 0 0 0 0 0 0 51 25 99 0 0 59 26 95 28 22 0 0 2 10 0 71 64 0 0 69 27 89 0 41 24 57 51 91 44 0 0 0 69 0 0 0 0 0 16 0 0 0 61 100 0 0 0 91 0 0 0 0 0 31 45 52 68 41 0 34 0 36 0 0 22 0 92 0 0 97
100
44 93 96 2 85 0 33 0 7 0 0 0 0 0 33 51 86 77 58 36 85 0 63 98 29 10 71 13 0 74 0 8 0 96 0 0 63 5 0 54 51 50 99 24 97 0 60 0 0 17 80 0 0 0 98 0 42 93 100 30 8 0 0 0 55 2 55 78 22 6 12 99 26 0 44 0 0 96 0 0 90 88 0 20 0 37 77 0 100 46 0 0 17 0 44 52 99 71 0 0
94 100 65 0 10 0 0 0 22 0 0 0 0 0 94 0 60 66 0 9 47 0 0 85 35 0 51 68 0 0 0 94 0 57 0 0 0 59 0 0 10 0 0 82 0 0 6 0 0 43 0 0 0 0 58 0 0 72 86 44 0 0 0 0 62 79 29 88 30 86 47 36 18 0 60 0 0 3 0 0 13 52 0 0 0 14 0 0 64 37 0 0 40 0 62 27 13 38 0 0
100
0 96 38 0 0 0 66 8 0 86 93 0 0 82 0 10 22 0 26 49 68 0 4 4 7 67 52 99 20 57 0 67 28 0 23 0 50 69 4 28 48 38 0 0 10 57 79 0 57 0 0 27 0 0 11 26 0 22 6 55 64 0 37 0 0 0 48 22 0 0 29 24 31 24 0 0 22 69 97 0 59 0 47 13 0 17 78 2 86 39 29 75 0 19 47 0 73 30 93 3
0 32 54 0 0 0 0 57 0 0 0 0 0 75 0 0 99 0 48 51 54 0 0 0 42 49 0 9 67 0 0 63 67 0 0 0 76 100 86 0 0 0 0 0 84 0 0 0 22 0 0 48 0 0 0 0 0 70 0 76 38 0 42 0 0 0 0 11 0 0 57 0 45 67 0 0 0 0 48 0 28 0 53 7 0 12 62 0 9 52 21 31 0 0 93 0 22 100 12 43
100
31 50 47 0 73 0 84 73 0 64 17 0 0 99 92 28 100 81 48 38 14 97 32 5 0 50 0 79 18 41 6 78 0 13 0 95 21 87 93 0 71 0 0 100 0 58 0 0 0 60 0 50 0 51 25 0 53 0 46 76 43 95 92 95 82 0 63 67 17 0 42 55 97 0 0 100 61 64 85 46 0 36 0 19 89 61 14 0 76 0 7 70 88 20 41 0 0 75 0 0
26 0 61 0 80 0 90 0 0 0 0 0 0 0 35 0 0 73 2 67 8 92 73 31 0 0 0 9 77 73 61 37 0 53 0 27 0 85 93 0 0 0 0 33 0 10 0 0 0 0 0 0 0 0 0 0 2 0 91 62 0 3 66 92 0 0 98 67 0 0 0 29 96 0 0 0 5 0 0 0 0 0 0 0 0 0 100 0 0 0 27 68 0 25 88 0 0 0 0 0
100
6 0 36 55 60 40 49 0 82 0 94 0 0 46 0 90 51 57 0 12 90 46 44 0 93 27 46 0 0 78 23 0 74 0 0 39 73 58 0 38 62 89 76 81 0 0 8 0 0 23 45 71 0 63 30 74 0 15 36 42 75 0 0 0 0 0 86 0 96 9 0 37 12 0 0 0 84 45 35 0 71 69 21 0 41 45 16 0 66 89 77 29 0 31 0 0 53 40 19 45
0 0 25 98 0 0 74 0 0 0 7 0 0 1 0 0 0 92 0 0 26 0 73 0 54 0 38 0 0 42 0 0 13 0 0 0 67 0 0 85 57 13 13 9 0 0 100 0 0 30 4 0 0 0 0 0 0 62 0 79 74 0 0 0 0 0 0 0 0 61 0 12 0 0 0 0 0 39 27 0 21 45 0 0 9 0 58 0 87 41 0 39 0 0 0 0 0 0 18 82
100
49 19 82 67 0 50 73 52 37 0 0 46 0 86 81 0 94 58 35 99 0 0 92 15 39 19 4 25 82 94 11 0 29 18 81 87 60 97 72 9 42 0 14 96 40 0 0 8 67 0 0 63 2 0 38 0 0 0 20 56 74 28 89 0 61 0 0 0 0 0 46 63 62 0 0 87 28 55 58 0 0 81 57 0 24 50 0 88 0 85 0 3 81 0 36 19 0 63 57 0
0 0 0 37 0 0 57 55 0 0 0 86 0 20 21 0 0 90 0 0 0 0 75 0 0 51 0 26 0 0 0 0 0 98 100 0 46 40 0 54 55 0 0 36 100 0 0 57 14 0 0 17 74 0 78 0 0 0 71 54 66 36 47 0 0 0 0 0 0 0 82 0 0 0 0 0 39 0 44 0 0 0 25 0 0 5 0 63 0 66 0 71 8 0 53 0 0 93 0 0
100
0 15 0 0 0 8 0 0 55 50 18 41 73 97 0 67 0 0 33 57 13 0 0 65 16 0 60 92 0 34 3 0 0 0 87 0 83 0 73 0 34 53 24 0 31 13 0 53 0 0 92 71 0 0 99 22 0 0 100 0 0 0 4 0 0 0 37 0 75 22 0 0 97 0 34 82 98 50 0 91 55 41 33 90 0 0 0 1 0 0 63 55 0 0 96 68 0 65 0 68
0 28 0 0 0 0 0 0 78 10 0 0 81 38 0 0 0 0 0 20 0 0 0 70 29 0 12 10 0 0 0 0 0 0 9 0 0 0 16 0 80 37 78 0 53 40 0 38 0 0 68 79 0 0 0 86 0 0 93 0 0 0 58 0 0 0 56 0 0 48 0 0 45 0 24 0 23 0 0 63 0 0 0 0 0 0 0 15 0 0 0 41 0 0 32 0 0 0 0 0
100
57 0 19 0 0 2 82 0 69 99 41 53 20 9 91 0 0 0 10 89 78 11 42 19 0 33 24 0 0 5 52 0 86 0 0 32 0 65 77 86 58 43 0 56 64 11 14 75 87 95 27 57 0 72 31 100 0 81 42 0 36 50 0 69 0 75 40 7 15 0 0 14 0 59 0 43 0 7 0 8 0 79 63 61 76 31 0 48 16 58 0 96 100 0 41 0 69 7 0 83
96 0 35 0 0 44 0 0 66 53 0 18 4 0 7 0 0 0 79 62 4 0 0 84 0 88 85 0 0 35 0 0 0 0 0 67 0 97 26 20 62 0 0 39 68 92 46 35 100 0 20 28 0 0 30 58 0 24 0 0 0 32 0 79 0 0 0 15 0 0 0 45 0 29 0 47 0 11 0 0 0 98 9 0 34 46 0 0 38 0 0 78 27 0 20 0 73 5 0 0
100
94 49 85 76 0 58 0 58 83 1 34 31 0 16 0 0 94 76 14 2 0 94 21 94 25 0 0 0 66 0 0 0 0 0 53 0 0 69 5 0 47 90 34 47 0 0 84 34 15 26 0 57 37 0 82 71 92 97 56 0 0 0 51 60 6 52 33 46 98 18 0 0 0 0 0 77 0 38 0 35 26 0 0 0 47 0 0 69 16 89 0 49 32 51 66 0 2 19 0 35
63 5 0 0 0 0 0 0 90 52 0 0 0 32 0 0 24 0 35 32 0 44 70 24 33 0 0 0 72 0 0 0 0 55 0 0 0 0 30 0 66 49 11 63 0 0 13 63 0 0 0 0 36 0 91 98 83 56 0 0 0 0 9 12 0 0 0 0 55 20 0 0 0 0 0 0 0 24 42 82 79 0 0 0 0 0 0 88 73 19 0 0 72 31 0 0 0 48 0 0
100
96 86 51 0 0 88 55 31 0 1 0 95 0 0 64 85 75 0 53 73 45 71 0 49 0 0 0 0 76 0 0 0 86 16 0 91 75 0 0 14 79 13 0 49 0 76 0 57 0 63 0 88 86 0 54 48 0 10 0 67 0 53 13 0 0 0 48 0 33 0 11 83 0 55 0 0 59 0 0 0 82 0 50 95 17 0 77 2 97 0 61 0 0 23 1 33 90 84 72 58
0 0 0 0 0 0 0 95 0 46 0 95 0 0 0 1 0 0 0 0 91 43 0 0 0 0 0 0 0 0 0 0 8 0 0 76 13 0 0 59 80 98 0 0 0 93 0 0 0 78 0 83 77 0 56 27 0 31 0 72 0 27 7 0 0 0 0 0 12 0 75 39 0 0 0 0 0 0 0 0 0 0 51 9 43 0 78 82 0 0 14 0 0 0 91 0 0 48 71 49
