10
492
416 173 195
77 291 36
381 134 292
304 90 338
29 286 63
203 258 149
443 403 61
122 9 2
125 102 17
439 282 318
279 30 143
430 201 424
247 215 179
156 313 274
363 95 482
65 104 335
471 153 102
7 53 452
257 15 181
383 297 70
265 20 106
487 254 121
208 293 30
15 281 71
114 75 53
470 232 445
46 21 204
251 308 420
37 225 158
376 289 352
130 149 246
267 370 9
185 391 43
391 386 144
157 300 435
250 101 434
126 71 226
466 249 191
397 264 466
132 485 315
248 334 89
378 304 446
266 491 303
367 97 233
214 49 368
412 484 140
404 414 125
243 166 107
129 68 240
406 3 345
402 430 148
66 51 57
277 442 397
186 60 64
136 301 270
288 81 165
17 125 84
53 320 183
424 186 67
229 388 472
32 328 130
195 64 198
123 420 470
270 448 337
485 372 286
415 251 308
399 193 11
351 362 173
36 187 324
438 31 31
194 142 411
264 175 283
234 371 176
39 306 422
297 206 124
287 395 126
361 275 152
293 296 115
371 333 76
210 103 442
388 450 346
146 470 336
20 416 131
434 252 180
308 37 230
33 437 275
410 34 245
201 239 284
181 164 408
198 58 129
169 43 287
207 6 19
380 111 365
435 171 302
357 312 3
477 331 7
359 279 197
319 483 266
384 94 178
245 342 215
395 87 116
433 79 481
320 256 316
244 459 331
372 146 237
45 477 425
14 465 367
492 128 322
188 253 360
460 203 321
5 35 263
147 255 259
38 12 167
92 319 471
350 44 414
86 287 443
230 273 10
467 156 72
486 179 190
400 190 219
104 269 172
442 45 439
286 408 35
459 91 24
390 271 457
232 375 334
150 39 431
152 311 27
103 322 450
49 277 74
96 456 449
68 154 244
313 40 249
197 61 213
491 70 282
476 127 193
348 129 301
453 467 186
168 419 103
385 374 33
151 490 319
165 426 361
161 338 232
62 321 462
148 18 402
224 303 405
483 309 12
78 341 394
374 481 350
478 204 59
398 24 330
206 126 207
95 199 75
25 212 399
409 460 438
468 2 32
377 67 85
246 464 48
332 359 298
488 22 86
127 382 483
88 351 264
354 486 381
456 160 341
422 433 430
200 121 39
72 376 161
54 427 151
343 288 278
4 55 291
420 8 189
222 384 222
281 229 364
219 106 153
144 92 50
215 88 353
177 50 114
275 214 101
31 332 388
172 310 199
269 457 60
418 326 415
454 83 210
447 445 387
223 25 332
258 432 440
35 455 209
164 257 174
18 294 268
450 345 349
41 316 218
47 230 280
111 392 94
405 440 127
437 96 376
3 361 355
389 220 260
154 243 156
307 349 393
231 489 159
184 290 49
178 93 229
342 335 294
225 145 51
394 423 214
34 139 407
74 23 323
481 198 160
401 245 293
302 409 491
175 65 423
256 399 241
417 299 421
227 237 182
158 150 378
100 131 21
469 241 490
259 177 135
63 435 428
333 406 220
425 268 123
272 274 351
236 272 290
326 155 279
119 358 187
22 110 340
205 458 225
473 207 256
291 117 359
300 365 184
349 69 202
306 107 329
444 368 6
121 238 451
80 7 216
373 347 375
465 285 247
94 124 97
58 396 113
432 242 357
43 141 477
24 259 474
135 33 300
407 74 136
12 174 410
109 62 100
159 385 14
99 324 295
458 329 175
128 10 236
145 283 281
138 46 413
299 421 339
81 236 348
292 196 83
76 439 194
316 151 257
365 59 196
51 305 58
143 152 73
463 140 110
216 118 328
396 191 120
249 66 382
282 210 326
9 452 317
199 415 433
170 340 252
176 222 200
368 185 312
69 38 128
238 478 66
13 451 416
173 135 96
336 209 459
180 278 492
102 28 380
298 265 342
328 397 484
48 346 109
113 302 166
334 284 168
261 48 333
324 85 52
386 317 217
193 412 379
338 422 251
87 86 223
474 482 41
353 182 56
212 462 479
489 136 473
457 413 409
479 219 476
79 247 13
133 469 138
421 360 227
428 393 372
273 208 327
71 266 147
108 115 478
369 429 398
271 82 460
211 261 242
341 461 309
163 80 314
311 144 374
339 431 238
393 453 347
117 404 192
75 234 370
451 36 104
322 240 486
202 73 383
153 178 454
179 487 170
387 76 5
11 112 34
10 363 162
419 330 403
166 114 311
263 5 456
239 366 37
355 167 289
464 119 358
462 202 211
141 307 447
105 411 69
411 475 93
310 221 95
56 4 155
440 356 77
314 183 141
254 405 25
305 57 427
344 231 299
321 394 22
73 16 15
192 168 461
190 109 272
360 157 235
242 267 453
240 444 169
70 218 325
253 350 261
296 381 373
228 147 1
382 248 343
2 19 480
160 172 362
217 122 436
40 113 91
427 211 273
204 263 469
274 318 28
475 327 111
436 170 356
482 161 429
370 213 464
294 410 47
233 89 44
149 339 80
237 181 296
358 262 65
364 143 26
142 401 68
484 473 366
60 314 4
327 192 271
452 472 306
285 52 401
52 216 42
431 428 212
280 235 133
174 14 463
268 188 142
118 138 426
278 276 487
318 407 371
112 189 154
220 98 465
290 233 285
276 197 79
155 390 448
189 260 313
134 468 396
392 120 377
85 148 164
196 132 320
115 223 90
241 295 81
26 443 98
337 357 62
315 130 88
252 479 432
89 78 8
323 159 288
83 217 208
366 11 146
131 344 203
137 27 99
284 227 137
19 337 444
97 373 488
226 425 55
187 389 417
221 116 112
183 323 418
27 454 369
116 42 105
162 165 45
375 226 455
283 379 239
110 105 40
255 476 391
6 228 392
59 158 441
262 354 201
50 176 467
347 99 20
42 77 108
55 56 231
21 380 458
325 436 269
90 355 255
182 292 82
362 1 206
107 26 188
346 298 145
1 398 122
309 480 406
449 163 118
93 446 389
16 447 258
352 194 134
490 352 92
340 449 54
98 434 228
408 463 297
218 315 395
28 195 18
124 343 262
213 417 234
330 325 205
335 72 119
429 418 344
379 137 384
91 224 16
30 438 185
120 108 139
461 364 117
441 184 23
426 29 46
455 280 248
171 492 307
209 250 363
67 123 468
446 180 404
445 162 304
101 400 157
403 32 354
106 378 87
413 84 485
480 377 221
191 336 78
317 383 475
356 387 132
23 133 38
139 200 437
44 348 310
423 47 243
329 13 250
260 244 305
295 369 150
312 488 29
61 100 265
64 169 400
167 466 253
235 205 177
82 63 267
57 54 254
414 402 386
301 270 277
289 474 163
472 471 489
448 41 385
331 367 224
303 246 419
345 17 276
140 353 171
8 424 390
84 441 412
494
59 481 403
363 403 408
104 15 201
231 4 3
142 311 367
214 31 128
246 314 23
475 169 44
434 44 116
40 176 392
171 306 253
424 423 229
451 494 441
278 140 419
453 75 153
389 139 357
180 446 70
372 238 404
412 228 179
440 339 314
199 353 43
327 488 22
286 359 124
333 418 449
367 96 242
272 334 164
17 154 482
30 438 307
234 8 288
155 402 21
170 6 385
76 136 363
320 250 67
288 133 381
56 451 336
181 118 255
168 385 30
121 387 6
220 23 112
390 190 284
324 261 224
315 16 477
326 208 394
235 370 97
284 374 475
131 440 95
309 303 34
202 298 156
194 168 287
444 287 435
73 155 424
387 364 249
47 181 231
374 424 427
129 368 397
61 262 57
247 434 114
370 361 450
68 425 417
443 453 84
232 67 364
319 456 259
149 468 476
365 18 360
63 120 60
310 78 474
165 417 200
93 411 481
340 224 333
223 80 182
268 269 19
66 295 469
43 247 264
462 414 4
494 47 127
7 381 135
273 54 407
267 260 50
299 401 87
260 166 98
463 252 273
266 58 346
378 378 488
198 467 492
359 115 478
473 68 24
262 214 431
490 90 286
89 200 121
111 447 183
396 137 111
158 421 120
376 272 12
38 32 386
77 104 26
335 437 470
423 275 16
233 300 82
467 142 442
37 280 165
493 413 345
137 337 140
385 343 349
252 1 375
6 46 487
39 76 358
276 326 244
279 5 258
295 393 102
125 484 361
207 465 402
417 330 134
18 109 172
122 129 270
50 62 83
287 264 55
484 489 423
330 409 320
143 249 142
454 9 209
75 305 80
19 367 473
358 291 340
124 242 328
461 239 150
21 346 468
420 55 460
134 123 175
105 213 418
300 422 305
337 124 454
14 432 232
321 103 154
33 130 139
209 177 271
382 335 280
26 2 86
456 433 247
161 196 211
322 88 136
23 126 100
306 7 36
109 469 72
20 253 486
140 100 27
439 221 297
429 383 311
84 474 306
455 316 389
430 45 88
215 406 9
377 452 267
421 21 459
447 66 129
312 48 303
80 241 430
123 282 396
270 148 48
301 486 137
269 476 228
248 485 171
44 473 377
107 235 240
275 94 272
290 105 370
118 116 353
253 160 181
311 455 452
410 443 465
208 388 263
160 112 238
69 278 216
334 243 354
145 36 304
237 395 491
477 394 254
384 85 439
114 271 327
27 33 46
189 270 338
323 245 380
457 263 133
82 77 352
476 210 341
174 161 285
314 159 332
127 187 312
479 237 168
466 229 415
388 132 166
148 226 192
281 363 395
465 371 158
222 135 458
10 389 256
243 279 317
91 199 49
305 266 122
343 420 401
197 466 106
133 491 92
468 223 416
486 211 206
487 197 54
395 111 245
449 42 37
369 206 447
178 471 335
221 258 279
138 227 296
29 183 384
317 354 391
257 152 160
448 257 101
8 218 29
407 217 374
345 35 457
185 461 41
292 372 11
41 151 292
392 150 66
136 186 69
391 175 227
386 329 220
4 119 130
182 480 466
117 331 405
11 344 411
478 407 281
205 70 199
426 386 147
74 113 274
173 28 493
342 462 144
256 98 155
48 163 462
210 167 132
204 20 61
132 25 103
344 412 25
249 64 406
259 288 489
71 184 33
157 205 167
169 441 56
265 236 145
296 162 152
492 182 157
150 59 461
483 308 184
313 355 373
195 143 187
36 376 437
57 277 310
293 321 433
49 73 414
53 332 5
298 309 104
203 93 191
274 17 123
2 215 125
418 207 235
116 209 138
238 454 212
184 71 13
239 12 64
12 216 78
339 439 278
316 345 52
81 86 265
458 222 108
100 435 269
351 410 174
147 191 362
112 179 434
87 43 42
212 318 194
236 145 89
450 3 410
328 72 302
34 341 131
459 259 436
130 251 76
95 193 446
225 79 451
422 338 109
92 172 453
196 164 383
452 240 429
119 267 236
83 310 393
413 289 260
482 458 412
436 319 74
224 457 421
308 255 198
55 180 251
16 178 398
65 41 2
227 431 342
432 463 246
211 173 141
362 377 221
416 369 105
350 444 223
62 22 484
229 170 62
5 285 387
263 82 178
25 49 291
156 110 77
338 34 40
491 416 329
435 38 295
97 396 347
446 284 390
113 27 480
401 399 207
408 352 185
373 189 366
200 101 299
415 333 309
474 52 115
303 397 38
251 426 161
411 13 143
190 125 420
400 290 448
241 322 334
9 315 344
101 398 369
294 144 119
167 430 14
399 74 204
32 492 266
79 357 356
489 429 85
54 40 444
341 232 268
297 483 94
329 128 343
280 281 293
64 138 319
441 360 190
282 328 261
433 174 241
186 131 15
419 234 262
244 61 326
304 436 162
383 230 117
115 302 438
332 81 149
348 400 485
94 342 96
445 273 208
409 185 368
285 428 428
357 201 79
45 470 277
1 312 376
90 482 215
291 204 337
277 83 308
28 50 321
162 362 205
405 340 490
86 63 195
175 404 445
464 358 426
110 39 289
3 478 250
152 65 298
258 356 148
431 11 456
177 147 17
394 348 197
404 307 325
78 490 379
353 274 372
206 121 313
88 427 193
226 293 93
126 192 422
368 442 276
414 286 378
67 246 294
135 91 63
219 380 186
163 265 425
366 366 252
153 156 324
485 194 118
397 107 316
471 92 315
166 225 351
103 29 463
35 114 53
406 390 75
42 99 71
480 171 31
187 202 339
188 320 219
85 53 283
403 479 248
15 268 323
128 95 443
58 408 388
355 134 189
60 276 290
13 294 322
488 10 107
402 248 188
325 108 39
70 487 170
72 97 51
250 445 99
108 219 59
96 382 20
146 51 494
98 56 65
264 336 331
217 373 399
31 233 8
381 165 409
346 324 467
302 472 113
360 459 382
192 149 432
191 256 217
438 283 282
356 379 237
216 405 126
318 26 177
352 301 371
99 87 239
481 297 176
437 350 214
255 127 234
230 475 180
271 419 47
361 231 479
347 14 45
218 153 350
379 19 464
442 477 400
336 449 355
24 102 472
120 146 213
307 493 226
193 375 230
141 106 32
139 317 173
183 296 110
179 188 455
398 392 35
375 84 202
172 325 301
154 141 365
472 349 359
176 158 73
371 313 28
380 37 196
46 60 483
349 117 243
425 347 169
213 304 203
159 89 68
51 460 18
427 327 146
289 292 81
393 299 218
106 122 210
52 464 471
164 212 159
428 391 257
151 57 58
331 198 275
144 69 233
102 415 318
261 24 91
245 203 10
460 244 330
201 30 1
364 254 90
470 365 440
254 448 348
228 384 222
469 157 225
22 220 7
242 195 413
283 351 163
240 450 300
354 323 151
494
288 145 32
430 290 34
145 470 28
58 31 371
395 487 280
485 310 266
34 73 387
88 259 375
100 313 62
435 168 181
37 228 413
149 78 148
269 38 308
347 25 484
206 18 229
19 70 487
420 270 149
330 315 211
452 230 44
409 437 300
135 486 456
275 427 299
198 215 341
387 330 165
204 391 248
481 341 295
291 206 336
188 239 180
210 360 409
470 175 74
450 376 431
200 34 128
141 205 355
12 236 386
14 365 235
187 382 354
294 262 6
340 299 432
27 281 48
218 189 373
13 442 146
31 318 368
166 213 204
384 107 407
131 143 462
352 201 459
81 354 161
280 409 400
238 247 94
98 219 349
194 472 69
341 243 461
156 306 257
462 121 332
249 87 447
228 127 191
367 11 73
161 186 220
215 79 488
287 335 236
404 389 175
375 149 274
203 307 78
47 316 24
421 37 127
388 304 391
76 423 260
40 191 187
362 467 252
317 384 232
491 146 158
251 254 492
108 405 33
32 90 39
53 332 76
403 226 17
226 373 37
329 27 169
300 164 270
447 49 242
103 428 330
101 474 199
285 468 119
405 180 356
410 263 460
363 157 43
241 44 366
449 210 262
458 200 142
179 93 363
331 370 63
361 185 466
99 479 256
150 251 312
192 311 172
25 14 27
399 82 133
369 68 68
351 123 435
451 238 285
290 246 239
482 445 453
168 334 347
483 85 224
133 463 470
494 336 101
24 133 450
55 102 455
107 124 5
4 178 249
270 5 273
260 81 316
122 240 420
493 111 243
90 235 96
276 331 144
234 171 441
484 52 303
302 199 104
423 359 251
463 158 29
72 177 301
259 491 89
15 399 288
152 17 310
445 104 45
390 282 55
16 80 467
432 407 473
437 417 258
346 278 294
52 358 259
46 424 171
120 167 357
476 108 65
173 105 353
245 184 343
6 337 358
39 117 30
164 119 314
178 431 86
382 29 489
207 457 167
453 398 283
345 346 117
144 225 182
446 368 18
20 233 418
138 494 334
222 56 197
8 71 399
381 412 105
61 86 344
278 421 429
130 348 430
143 24 468
434 344 98
184 190 103
78 255 57
326 89 261
383 160 474
321 4 398
427 2 350
41 214 389
128 379 277
418 484 189
256 267 271
332 65 284
129 395 327
320 477 226
413 97 137
243 53 297
191 385 60
425 319 326
158 356 269
258 130 475
466 285 54
444 327 448
154 488 168
110 209 306
235 458 40
74 275 215
308 131 481
422 268 396
169 489 7
398 473 109
442 425 125
344 96 360
424 30 383
89 493 95
355 266 372
59 363 333
97 10 222
438 418 378
167 115 23
267 155 458
3 320 451
232 287 151
142 271 417
244 101 131
80 380 442
426 298 438
277 295 412
92 42 41
376 208 237
117 260 427
23 451 380
26 72 25
177 454 234
393 132 382
271 207 123
415 308 338
306 188 174
106 264 348
196 355 309
282 169 166
176 57 223
71 455 439
227 274 416
237 129 293
488 404 162
274 361 53
477 46 46
60 460 311
412 114 446
5 465 135
242 388 376
11 406 245
487 324 141
29 69 217
186 449 321
95 193 87
354 1 233
364 63 99
63 204 485
112 35 157
38 9 14
401 381 4
473 244 154
342 196 307
350 218 445
407 95 483
431 217 340
65 383 463
459 414 291
272 301 228
298 393 426
379 386 108
439 166 26
67 94 176
353 426 345
182 289 238
139 54 20
50 202 173
322 248 16
314 170 405
219 20 64
303 492 85
165 291 298
146 194 493
391 109 49
304 51 97
365 197 302
189 144 388
147 195 472
123 60 286
75 478 59
82 446 490
239 438 397
380 138 19
84 402 231
301 182 51
211 84 319
255 441 369
356 378 213
221 134 275
472 387 365
85 212 200
162 156 80
157 447 156
240 392 147
102 176 205
471 461 434
159 396 410
335 136 206
324 322 12
127 328 454
51 163 393
230 41 328
73 466 320
119 476 478
137 422 230
229 390 121
151 480 178
93 429 379
190 77 183
475 257 246
266 440 126
136 154 190
316 280 13
281 375 390
489 452 278
327 165 214
467 435 179
360 459 219
252 112 408
202 471 61
411 305 140
36 6 457
372 88 188
48 45 77
250 434 15
49 432 304
197 276 440
461 223 370
35 192 201
474 325 116
368 8 52
408 350 155
289 403 184
160 483 296
480 23 323
171 397 433
385 75 244
414 296 143
231 106 90
105 273 195
359 258 337
325 419 469
33 19 351
348 147 313
175 297 210
121 113 423
114 362 152
492 416 35
253 351 203
257 26 112
247 224 36
68 198 83
312 142 102
357 59 186
448 91 381
323 232 331
273 256 444
371 353 491
213 420 290
148 128 92
172 152 268
181 148 221
86 234 118
163 7 265
263 293 428
319 36 11
195 410 111
328 309 254
311 485 486
339 99 325
396 333 361
433 55 163
91 400 292
295 21 170
140 294 267
22 321 322
170 352 31
1 187 225
457 48 464
338 367 139
468 338 385
479 162 164
318 443 471
286 343 1
30 74 272
132 312 395
205 349 88
440 288 402
77 116 352
116 250 264
378 377 75
9 229 494
486 413 364
236 83 247
180 439 8
212 464 66
402 140 241
358 137 198
18 153 145
264 342 113
64 174 159
336 172 425
386 120 479
307 32 47
464 50 42
389 61 3
214 161 56
125 58 193
28 203 67
17 436 384
57 150 194
134 135 130
115 47 93
254 326 134
10 469 406
54 39 138
70 13 422
21 347 185
113 364 82
478 62 107
7 76 115
366 16 58
44 241 282
284 43 84
262 249 449
315 490 240
441 339 346
456 22 10
96 139 79
185 110 106
419 242 392
87 12 81
111 216 202
309 237 114
43 252 22
297 401 342
56 300 50
216 272 367
429 277 436
377 66 207
233 211 289
400 314 401
225 323 394
69 286 411
337 159 209
79 220 465
455 118 415
397 173 216
283 284 315
223 456 218
406 15 122
416 40 374
109 411 208
199 292 403
201 221 100
62 444 362
2 283 335
208 179 339
296 329 212
220 151 124
217 222 305
94 261 120
490 369 421
153 372 136
246 265 424
126 100 287
268 357 359
310 181 324
174 453 482
193 98 253
334 345 72
370 33 377
417 103 276
279 394 177
373 92 452
436 408 9
124 462 91
460 371 255
104 366 38
66 475 414
83 125 129
374 122 263
224 3 317
183 64 250
45 302 437
292 317 443
118 227 150
248 450 318
443 448 281
392 279 279
305 183 227
394 433 71
313 269 21
333 141 477
465 374 196
428 253 153
42 67 480
265 231 70
155 415 192
299 481 110
293 430 2
469 303 132
209 245 404
454 126 160
261 340 476
349 482 329
343 28 419
494
158 321 365
189 452 327
481 304 39
132 460 321
411 224 6
399 87 451
233 104 110
114 131 161
304 88 8
211 269 260
242 217 399
73 80 185
207 282 421
115 468 310
298 328 23
361 448 12
232 349 411
373 403 32
127 95 33
120 367 208
145 315 329
238 137 276
104 175 191
29 283 78
50 284 16
196 400 454
434 123 313
246 60 461
291 89 181
296 465 299
268 74 214
354 248 137
453 440 11
421 94 333
391 429 218
179 16 249
281 419 409
452 337 232
358 6 304
194 136 275
318 275 148
33 351 141
154 366 381
84 262 345
466 14 307
87 115 58
259 381 302
359 59 235
214 146 47
443 172 460
119 457 186
306 386 488
200 385 382
109 114 128
163 414 251
40 176 428
205 39 60
4 50 80
70 23 131
332 345 343
159 186 398
492 150 18
252 487 51
249 484 106
197 133 406
156 416 217
147 348 74
122 204 46
5 305 192
117 295 42
489 218 4
22 156 342
213 347 77
228 19 322
267 377 206
424 285 112
217 192 273
264 441 410
187 365 79
314 412 50
244 342 158
423 35 367
198 393 427
202 205 223
46 371 362
322 313 211
71 438 73
69 244 474
221 181 389
142 65 120
277 279 394
463 396 385
138 437 373
405 395 449
312 327 156
195 78 405
274 179 418
91 420 266
20 451 95
123 134 5
289 221 66
439 96 383
55 384 415
272 344 63
65 54 85
366 56 28
215 486 184
126 376 317
105 289 323
82 291 122
13 383 357
471 409 30
449 101 469
490 325 320
108 350 419
23 75 157
99 417 291
225 257 38
149 202 452
175 394 247
75 194 188
370 338 267
125 86 283
201 255 48
243 72 338
152 241 88
279 148 284
251 359 259
476 456 109
57 240 339
484 266 176
482 191 182
448 92 356
265 372 196
177 9 125
129 220 404
103 182 212
472 52 464
172 481 388
292 330 27
135 469 45
253 301 429
445 459 25
101 40 432
280 362 24
231 292 244
341 356 325
153 369 237
394 471 136
64 401 111
464 317 262
309 102 190
93 207 165
102 170 361
134 446 40
222 483 348
293 165 332
35 63 204
376 126 3
27 168 178
334 299 352
14 38 295
257 62 44
262 53 113
239 226 22
229 319 253
337 397 485
419 247 444
130 461 153
2 212 336
160 322 369
68 390 456
493 66 494
81 208 289
320 91 312
316 354 258
364 406 14
110 61 305
457 107 172
374 82 98
183 236 26
420 466 117
475 398 224
294 153 401
118 268 337
428 428 252
403 491 480
162 154 483
61 120 61
400 434 92
468 47 229
67 127 71
62 130 492
465 478 254
287 20 489
319 110 374
12 37 183
437 418 2
235 214 221
433 309 375
342 340 349
39 225 126
283 216 200
382 174 83
161 439 468
21 31 314
111 306 391
9 3 20
483 474 287
305 106 467
462 111 353
28 234 277
485 2 347
414 173 101
11 488 315
488 375 478
430 210 197
66 135 127
285 68 202
410 431 328
360 415 124
94 472 7
385 447 280
78 265 472
432 81 384
278 44 189
79 197 93
436 139 53
37 164 233
357 41 354
330 64 140
113 426 396
227 11 413
83 129 466
478 458 420
389 476 139
440 85 493
351 300 448
141 294 86
260 21 167
80 329 13
393 8 334
44 58 168
271 46 377
121 379 41
282 435 363
261 296 272
170 235 435
143 10 371
52 374 59
254 158 144
185 405 34
284 141 69
315 227 355
469 264 203
297 163 135
190 33 119
402 333 455
10 140 476
371 467 326
288 432 300
353 421 89
230 353 10
237 93 243
216 373 147
350 1 265
72 311 228
362 171 445
429 223 175
25 229 268
381 453 245
395 28 463
458 161 81
199 310 257
431 443 43
302 43 222
224 252 491
85 485 236
107 69 230
407 326 219
7 162 450
212 26 84
208 228 99
178 77 350
164 112 473
459 124 475
290 116 133
96 339 21
193 433 238
339 231 403
63 98 138
451 7 162
41 273 309
344 55 465
295 363 293
220 314 159
479 360 35
307 449 402
327 138 9
34 404 281
48 368 308
409 128 482
43 25 29
378 392 301
258 188 49
380 13 408
349 155 146
245 272 380
128 5 216
18 303 441
176 411 37
388 475 152
157 237 240
398 151 378
98 308 100
51 331 437
397 389 97
206 149 52
3 251 198
90 97 364
323 230 239
174 243 91
377 286 149
345 335 143
92 12 54
326 463 104
47 479 390
340 22 360
184 276 397
89 48 210
49 159 330
368 100 174
77 494 423
1 152 400
324 239 368
438 177 296
74 121 274
248 477 36
263 183 436
417 196 294
151 142 433
100 464 422
106 249 82
59 242 484
166 190 264
38 455 393
406 270 285
269 258 292
491 34 446
408 287 130
86 378 490
321 302 340
210 119 164
270 430 105
45 263 318
182 312 207
415 288 171
219 105 173
346 193 76
26 198 414
387 422 193
367 109 155
467 341 163
317 323 19
31 436 379
480 425 72
234 57 220
333 18 439
165 27 424
17 73 458
375 361 387
140 42 462
8 473 134
487 233 226
19 281 426
444 492 297
266 83 395
325 99 57
470 17 132
116 195 96
441 293 324
486 391 246
241 245 201
191 4 440
150 388 372
203 334 123
155 24 412
413 280 87
139 67 65
352 45 434
223 259 290
455 118 386
56 399 114
124 76 194
300 180 453
255 316 306
42 29 170
173 298 263
36 122 316
6 260 288
427 445 75
54 203 195
16 189 298
167 402 1
275 413 215
240 274 447
53 370 187
299 346 70
32 250 108
425 493 457
446 49 442
181 185 477
454 364 407
88 187 271
24 408 279
218 427 443
247 450 17
148 423 431
256 462 118
369 32 199
58 222 56
76 178 255
188 201 121
97 324 282
426 144 107
168 232 15
146 256 64
477 36 417
392 410 31
494 213 68
273 352 359
180 278 55
308 145 486
336 113 166
209 167 142
338 199 286
456 277 487
236 290 205
348 79 376
390 480 154
328 70 278
112 200 366
313 184 425
372 209 346
356 489 145
365 71 392
286 320 209
144 267 90
384 318 103
329 387 311
95 108 479
171 117 341
383 482 358
331 454 250
386 51 344
301 15 470
447 336 335
343 297 248
226 125 179
396 444 62
450 206 227
192 380 331
136 490 129
474 355 319
250 407 116
401 143 67
60 238 115
460 442 94
137 470 481
311 254 180
461 147 241
131 169 151
15 219 471
310 307 213
416 246 225
379 332 150
473 211 242
422 103 430
186 90 102
169 166 234
442 343 269
418 357 261
335 84 256
435 253 459
412 160 169
30 271 438
363 132 370
347 358 303
133 261 270
355 157 416
404 30 160
276 424 177
303 382 351
204 215 231
496
241 47 142
404 431 257
372 74 14
123 344 260
296 243 98
70 9 166
412 55 56
166 418 366
204 58 104
362 225 129
333 217 418
438 177 15
211 112 476
256 437 329
90 151 409
332 470 441
52 249 302
190 445 312
253 288 270
24 228 143
39 187 112
229 355 486
468 268 325
214 393 187
209 467 342
75 233 340
244 319 481
53 78 378
363 24 341
77 473 249
93 460 315
147 205 168
96 27 160
420 223 442
487 26 293
205 304 205
286 34 216
19 464 38
174 20 221
432 347 301
9 147 358
167 174 351
281 379 395
297 474 21
406 300 201
344 472 133
13 345 434
453 18 472
382 146 461
102 56 423
300 258 177
103 313 151
14 4 229
43 273 244
216 312 18
446 37 120
99 201 437
80 481 176
73 209 31
49 63 298
210 367 334
208 70 372
316 414 389
227 230 466
239 59 273
452 123 211
38 226 356
272 152 42
156 366 145
247 28 22
172 423 162
222 100 392
8 368 276
252 360 491
314 295 111
170 327 393
254 153 451
154 420 150
430 8 40
405 214 495
242 274 473
273 25 263
236 279 188
114 62 489
479 219 137
81 99 421
261 206 477
145 299 463
125 317 29
218 13 388
148 51 113
260 21 75
85 31 311
320 109 128
313 430 255
225 237 467
234 181 136
201 19 285
185 490 309
381 107 66
312 227 460
334 434 394
340 462 195
417 448 443
257 131 262
482 262 319
387 429 396
22 145 218
419 359 62
259 1 360
104 290 227
321 39 163
34 30 419
378 461 482
78 133 45
376 416 50
266 282 85
494 310 383
84 426 234
146 125 27
280 255 106
492 483 237
66 239 449
51 105 131
194 409 338
308 392 61
120 106 86
11 235 299
175 424 254
388 346 71
243 275 226
140 455 8
493 309 63
291 32 93
353 216 483
238 113 207
466 298 5
341 183 147
480 286 494
335 52 11
44 311 39
132 185 178
287 436 310
33 459 96
157 150 405
481 196 196
124 84 258
285 330 144
329 126 267
10 85 414
370 316 12
301 487 420
159 71 278
109 371 57
447 16 307
360 465 67
385 182 384
440 349 68
180 447 87
83 386 224
407 463 173
371 190 363
12 253 199
16 138 77
268 173 13
264 234 415
32 352 214
217 222 458
279 482 158
64 297 359
392 46 306
386 73 347
460 22 108
408 388 286
373 264 107
336 60 274
457 301 248
347 163 328
383 6 344
138 485 25
37 137 222
422 468 7
442 199 30
330 157 264
490 246 352
118 122 398
119 307 146
213 269 170
350 261 6
356 324 122
129 432 345
374 322 424
184 179 453
459 348 55
160 197 35
305 178 70
290 169 407
322 308 239
223 44 464
107 218 191
152 440 179
2 48 412
6 278 275
349 491 413
67 154 292
126 333 204
317 326 410
375 377 287
94 156 116
325 325 91
179 68 337
127 148 370
394 323 97
496 45 431
162 453 490
46 354 213
23 334 161
105 210 433
198 192 493
449 98 313
389 36 403
186 43 294
366 373 422
134 140 78
195 175 54
121 110 272
139 111 215
183 442 455
352 303 154
384 281 134
351 213 416
319 158 400
283 250 89
269 224 181
346 477 353
263 422 339
436 115 16
196 242 72
425 403 198
235 342 125
288 306 37
450 320 446
59 75 230
379 162 459
92 139 99
178 149 28
224 408 439
58 10 277
130 457 374
189 362 487
202 129 3
74 329 80
68 50 265
456 244 236
101 446 385
418 314 320
86 357 496
400 80 223
4 236 59
393 103 381
294 204 432
275 42 266
445 400 268
318 350 382
5 276 231
315 480 367
429 296 60
29 186 291
451 260 457
215 69 390
326 241 76
397 53 349
153 132 321
284 293 330
181 208 435
106 193 182
342 494 52
357 336 127
414 104 440
72 142 165
368 94 74
71 203 271
495 88 153
31 207 184
200 95 404
491 7 197
207 54 110
76 266 34
169 454 318
276 3 470
89 49 171
443 215 69
339 351 51
311 372 282
3 384 399
57 492 102
69 257 135
472 165 251
323 135 124
199 229 316
163 66 172
28 277 355
176 450 348
473 87 241
91 212 243
474 370 149
475 2 445
455 263 408
133 374 430
48 57 193
278 61 24
391 398 371
251 419 152
262 283 19
122 15 32
324 451 426
343 267 402
113 194 361
17 421 456
144 101 48
187 238 185
228 118 479
50 478 281
82 65 331
88 391 492
423 195 203
255 91 209
426 476 123
396 82 300
345 390 332
274 77 280
231 86 242
171 40 253
267 79 465
155 93 304
212 389 376
26 160 354
467 404 401
295 449 212
61 188 1
302 11 417
111 284 88
115 143 308
355 29 79
338 247 425
158 17 100
100 89 261
377 33 387
310 378 10
150 128 406
143 64 380
328 124 130
470 291 189
337 172 232
307 365 322
191 332 377
137 415 373
289 119 155
441 67 327
161 231 138
18 425 190
112 488 488
434 23 2
63 211 297
265 252 485
87 471 109
221 180 84
465 385 454
97 413 194
177 439 114
348 394 447
277 168 471
15 435 139
20 92 206
117 396 44
131 438 246
41 331 233
182 399 119
395 102 49
56 256 438
203 251 365
271 452 169
45 259 228
469 318 343
25 466 462
55 353 250
110 412 364
435 161 220
365 495 474
248 328 105
304 489 4
309 493 101
188 96 269
485 444 283
128 486 326
463 130 121
359 381 82
116 232 240
1 120 335
390 364 357
232 159 427
98 484 103
454 479 314
79 97 296
428 340 259
237 166 159
42 117 247
233 380 323
458 382 140
240 285 436
249 292 346
197 121 208
416 189 202
488 456 397
250 294 350
402 202 448
149 341 225
54 38 245
142 272 141
306 339 43
108 383 450
415 337 368
401 270 175
462 81 115
298 171 411
36 155 81
21 443 333
173 72 94
433 254 429
484 265 238
431 315 17
483 335 126
303 240 362
193 375 219
245 289 46
367 401 235
471 287 95
327 90 65
27 410 186
421 136 386
282 12 118
141 76 484
219 402 83
478 114 252
164 496 132
246 387 452
299 302 73
151 280 157
358 395 324
292 170 469
476 35 58
136 305 200
489 144 20
403 406 64
293 433 256
40 417 295
427 397 33
30 356 156
424 14 290
410 475 117
65 141 192
380 361 375
437 83 90
192 441 41
461 428 480
364 343 92
477 469 468
331 376 428
399 198 36
47 248 379
486 458 336
62 221 317
60 164 217
411 191 391
135 200 23
409 245 478
413 407 9
448 127 210
398 427 174
270 184 180
439 363 289
220 116 53
226 5 369
361 108 303
354 271 279
95 338 167
369 369 47
230 358 305
168 167 288
258 176 183
7 321 284
444 134 148
35 220 475
206 41 444
464 405 26
165 411 164
497
134 421 128
72 476 388
398 114 61
353 203 455
140 43 201
142 213 440
34 447 433
331 380 155
121 402 420
437 398 137
38 459 24
43 14 324
369 138 4
18 405 46
443 67 101
276 16 120
307 148 106
333 75 480
93 35 471
468 334 210
92 372 266
397 143 284
239 296 364
175 272 237
287 406 280
149 201 230
483 292 138
28 170 360
77 121 21
2 40 436
130 110 308
101 144 278
432 340 213
488 52 389
20 139 104
21 396 466
295 159 40
254 336 470
9 160 226
495 151 74
380 59 229
479 217 143
325 13 116
16 306 63
212 257 195
285 412 196
365 15 412
150 178 458
388 230 386
411 434 450
96 359 366
394 463 445
14 307 293
19 70 66
457 294 443
469 283 27
409 71 17
80 382 45
493 496 367
312 464 394
42 129 456
484 401 89
202 98 327
320 266 288
52 358 357
168 263 345
485 472 467
213 317 193
69 289 118
129 482 130
361 276 302
300 397 442
27 269 107
337 255 426
214 223 70
372 247 80
385 37 79
292 118 232
225 172 297
137 88 247
112 429 84
452 195 312
367 392 484
163 462 382
98 384 144
458 64 205
193 355 304
128 488 178
358 115 231
48 446 305
467 200 139
435 280 212
161 430 336
374 445 485
13 408 339
336 435 277
459 343 211
154 31 5
343 198 149
421 107 417
460 199 492
50 133 350
229 409 12
455 244 380
24 164 279
283 237 132
293 455 69
159 153 322
187 460 374
147 122 114
350 210 494
415 36 202
375 451 461
210 471 25
256 39 134
384 403 281
109 484 26
181 308 49
366 177 18
466 432 378
32 80 287
462 411 222
12 320 307
441 458 121
3 253 449
104 351 434
216 120 330
387 418 387
124 176 264
4 5 243
224 495 171
94 416 194
84 316 216
132 478 488
332 347 38
205 206 182
317 486 477
399 34 358
340 81 457
33 84 282
199 261 94
346 167 272
419 74 32
6 389 8
349 225 242
151 348 1
241 245 93
259 315 329
471 33 181
453 410 285
246 229 37
155 12 276
311 297 90
157 470 383
418 385 102
383 119 402
22 344 441
454 207 174
160 82 81
221 493 77
265 1 341
99 442 292
472 23 58
381 379 115
177 443 186
58 477 221
46 11 483
89 374 179
434 354 337
201 73 423
360 26 98
271 103 489
324 232 283
310 335 326
25 449 479
125 204 6
182 123 173
442 130 407
451 378 496
11 54 462
327 353 439
23 205 162
7 305 57
170 290 296
473 100 97
478 135 289
79 2 491
438 137 340
405 327 354
391 9 363
57 326 338
236 24 86
377 369 153
386 268 67
275 19 404
303 337 54
376 270 473
298 324 253
249 109 127
299 208 224
133 431 390
354 278 218
301 363 408
144 189 52
291 8 342
232 345 309
280 72 493
268 271 147
192 149 377
297 376 53
242 91 192
420 479 219
288 152 19
171 414 310
250 180 169
247 185 295
233 147 100
439 25 3
220 140 469
429 105 252
308 494 431
226 222 142
425 193 384
65 329 315
491 165 236
262 314 396
76 101 432
260 427 44
344 226 291
5 99 401
240 275 156
400 368 356
70 236 223
362 390 244
393 21 344
444 104 418
413 465 446
153 231 83
447 111 172
272 474 409
395 76 140
17 426 351
135 241 474
122 163 136
73 483 334
390 362 463
497 171 259
111 174 381
412 364 16
95 492 249
44 361 238
66 141 393
321 489 96
492 56 320
251 310 73
480 439 82
392 383 51
490 252 352
363 303 375
290 249 353
102 218 109
396 227 369
26 175 20
304 346 447
402 125 255
30 387 129
41 41 459
131 304 373
115 242 56
474 45 30
227 419 398
90 415 448
169 209 256
364 371 318
71 256 271
113 260 11
296 233 425
482 17 414
328 399 452
204 95 371
426 192 110
470 90 262
15 3 39
145 273 47
223 106 411
330 254 476
195 338 33
200 77 332
165 349 355
368 248 258
486 377 113
45 302 313
430 267 10
230 28 191
141 113 317
118 22 163
410 444 22
407 216 9
352 274 260
371 126 85
378 162 159
489 467 429
74 173 217
431 404 154
55 357 204
215 433 117
269 373 464
305 46 410
401 284 428
326 60 376
152 312 208
29 240 487
244 87 415
208 179 368
231 388 413
211 341 41
463 188 62
60 448 346
164 61 76
339 441 166
91 116 273
143 134 71
404 168 294
282 96 60
338 50 175
105 62 486
456 228 227
449 295 298
156 224 203
180 128 65
190 51 177
266 491 235
222 117 444
87 322 185
356 78 28
315 154 200
228 108 427
370 481 299
427 196 108
235 32 87
10 265 254
184 136 274
348 356 55
322 66 361
323 63 188
309 332 152
264 487 160
294 30 239
178 215 31
416 166 199
475 7 184
126 342 438
173 157 43
355 191 325
61 102 145
319 155 437
219 65 131
446 239 475
86 112 112
494 83 482
464 145 348
461 298 158
158 221 122
342 331 240
191 475 286
47 142 303
196 473 206
78 94 478
302 428 176
417 285 300
123 452 319
382 436 241
261 453 34
108 485 430
186 375 50
255 468 148
119 250 365
414 181 29
423 466 36
197 300 88
406 391 228
85 49 335
422 158 251
35 413 103
248 235 250
481 68 311
279 370 180
8 328 301
54 440 150
345 469 370
450 251 135
433 212 48
314 132 306
51 424 123
103 20 495
120 184 161
436 146 349
166 350 422
357 197 198
234 325 95
146 183 453
448 281 270
243 407 23
62 186 399
185 352 362
245 69 392
253 38 246
174 450 454
56 395 91
106 309 220
335 27 214
37 393 68
189 89 405
270 461 92
278 425 403
88 291 400
289 277 424
373 243 359
194 299 64
496 330 151
206 381 233
408 293 316
257 311 13
148 423 99
341 457 275
127 339 170
172 286 435
116 29 419
179 85 187
238 386 75
198 417 321
252 169 481
263 365 167
114 282 7
347 10 72
188 234 105
217 4 215
107 497 111
218 86 119
63 202 379
424 318 421
176 258 245
329 214 197
277 319 472
83 194 157
139 57 331
445 127 190
82 246 207
334 420 209
110 360 497
59 58 391
49 454 460
75 92 225
237 79 168
209 259 78
313 18 15
267 238 397
389 53 141
97 287 385
281 219 406
316 93 323
428 264 395
162 150 372
68 438 465
203 279 328
207 47 125
487 301 35
183 333 164
440 400 126
40 190 146
53 480 59
100 6 416
64 490 42
273 366 14
318 124 183
39 422 333
67 187 343
306 182 314
403 313 267
81 437 347
465 97 268
258 44 124
136 323 2
117 42 234
167 367 490
138 156 165
379 262 265
31 394 257
477 321 133
476 55 290
1 211 261
274 220 263
286 456 189
351 131 248
36 288 468
359 48 269
284 161 451
499
68 447 33
448 267 286
483 404 133
108 472 269
119 63 78
224 291 423
494 372 303
360 216 464
430 262 31
106 306 402
446 135 415
228 460 81
118 406 17
250 69 66
173 79 231
120 195 54
254 150 97
148 37 359
449 139 23
374 186 228
24 228 241
142 250 276
25 436 201
252 16 172
223 385 392
40 345 479
274 76 466
137 254 76
48 133 146
89 349 151
33 175 182
3 14 485
460 65 432
44 383 127
435 221 176
365 320 145
491 5 211
237 8 67
182 315 429
34 281 46
456 411 438
195 412 292
454 391 495
26 128 339
383 358 123
284 78 379
13 217 301
413 382 24
478 106 65
466 311 140
389 230 456
160 489 447
213 166 58
438 499 393
326 264 242
297 426 5
442 191 102
344 299 79
131 163 467
395 415 355
247 167 90
305 180 441
497 469 124
398 476 275
488 199 153
437 370 293
20 296 363
260 326 64
473 26 167
357 494 29
55 366 92
177 448 282
240 19 430
199 30 175
74 20 235
30 482 314
368 143 63
135 252 168
485 66 342
147 74 244
493 214 25
124 240 347
132 408 204
79 473 302
434 162 375
351 246 376
200 227 311
472 395 35
138 7 417
425 497 316
414 125 369
208 442 267
235 140 385
227 31 130
45 57 203
51 464 61
211 364 494
175 1 111
243 446 187
332 49 362
143 124 131
327 490 413
61 437 230
209 452 171
167 274 147
169 121 431
291 295 234
158 194 367
363 477 197
70 219 114
481 33 155
339 147 9
192 297 183
282 105 223
361 378 374
66 81 394
117 273 112
281 389 266
139 429 414
197 45 451
482 416 442
185 40 337
317 280 254
495 381 341
333 350 70
386 396 45
141 223 260
427 97 475
271 353 372
67 374 162
246 424 128
346 400 340
201 467 73
36 68 247
406 234 154
330 461 480
168 34 165
127 441 345
324 208 13
275 407 150
410 188 306
52 6 178
212 386 57
54 148 80
345 197 87
445 172 251
276 282 399
93 84 259
248 410 143
362 488 497
462 178 1
164 409 428
388 25 328
198 402 388
29 341 126
163 256 118
467 258 280
116 305 383
441 397 188
257 495 308
272 61 272
17 73 338
268 52 198
129 151 173
107 100 106
22 492 161
62 475 252
226 2 210
325 164 226
83 314 196
112 375 448
84 308 445
474 270 250
114 307 91
14 107 499
245 59 18
15 179 15
371 203 159
335 286 481
53 77 49
128 144 268
234 18 96
57 329 34
411 457 278
476 205 156
423 182 206
391 336 134
400 319 478
153 119 484
133 344 391
219 15 299
431 123 258
174 398 10
180 453 295
329 401 358
299 134 94
294 449 40
457 196 44
424 181 137
416 27 132
140 392 100
231 95 195
286 193 300
166 390 116
267 24 405
136 300 366
37 321 424
28 36 88
32 468 248
302 474 12
301 425 209
95 220 468
110 231 237
233 239 56
376 114 110
144 154 180
408 245 472
354 260 384
464 165 136
12 458 139
289 160 48
251 420 397
146 323 193
65 117 470
342 294 370
216 287 360
367 17 498
499 340 51
210 185 20
451 212 318
190 60 216
4 327 439
155 226 474
428 169 396
43 367 496
341 271 227
130 377 377
125 248 160
283 430 224
489 483 246
393 334 7
355 304 462
152 118 99
38 98 107
186 104 220
328 338 270
311 346 82
165 155 309
196 91 404
452 443 36
369 265 186
378 153 329
191 277 349
322 86 435
337 414 174
73 421 189
380 310 297
465 301 389
444 440 279
207 330 298
94 444 163
150 357 336
293 354 307
5 142 437
266 101 37
265 232 296
358 418 352
9 356 365
315 64 407
63 177 265
193 149 170
96 46 327
421 207 19
461 80 190
220 257 406
303 259 492
450 269 489
426 54 455
88 302 408
370 90 420
312 317 177
159 21 144
263 88 487
262 493 390
205 200 16
221 145 274
41 342 285
8 328 122
469 371 104
194 333 452
115 399 214
419 35 22
156 146 323
307 283 361
373 445 458
176 465 69
126 224 169
439 423 473
364 99 486
206 3 75
100 428 238
298 478 368
470 431 42
277 173 436
487 455 271
1 479 419
471 303 181
377 28 3
157 298 364
296 417 331
309 422 256
162 261 121
258 190 460
429 89 263
404 170 229
92 243 290
300 75 277
409 96 157
287 471 416
99 111 245
217 292 2
50 275 239
188 312 212
187 53 348
278 82 354
60 373 387
27 309 41
71 130 378
16 313 129
418 251 287
316 93 26
314 288 312
321 339 434
480 213 233
403 388 217
405 393 461
85 355 84
232 58 264
433 463 257
134 23 202
151 289 21
113 485 205
21 363 357
288 189 453
238 110 32
39 369 284
7 359 320
87 376 166
49 403 218
18 439 135
98 126 148
215 347 8
35 362 477
443 470 232
64 137 332
97 496 322
241 112 55
203 210 207
447 113 425
484 122 313
259 218 222
183 247 409
77 51 194
123 268 446
121 71 403
375 225 381
11 238 398
310 379 483
415 405 208
82 48 98
269 209 459
459 387 422
486 192 158
244 322 120
273 324 488
295 83 50
290 380 382
23 413 152
347 215 47
292 102 119
458 481 68
47 55 491
90 171 490
242 13 219
72 62 14
366 284 371
154 115 60
179 266 326
318 332 476
10 432 333
145 236 426
402 293 261
343 56 411
308 161 262
161 242 346
382 4 6
353 152 444
463 237 141
399 198 289
86 331 400
285 325 72
436 462 74
323 44 117
80 316 253
492 38 283
178 253 138
401 285 410
31 43 330
229 116 213
350 176 240
102 335 108
149 484 351
381 67 386
498 249 236
407 174 401
236 85 192
19 201 343
264 10 125
101 12 191
202 184 353
475 480 142
384 72 344
379 351 215
390 272 53
432 435 101
189 39 450
225 434 317
331 32 184
105 22 249
420 290 463
372 29 281
261 47 350
340 279 457
334 438 221
181 361 273
104 384 440
397 454 373
359 187 103
81 459 59
394 159 185
320 94 427
304 427 43
453 202 71
422 129 86
496 348 288
218 365 465
78 244 89
42 394 469
122 157 11
76 87 39
392 183 334
2 456 179
171 276 319
396 450 335
349 368 93
440 498 200
239 211 109
6 206 412
477 486 164
109 131 291
412 108 482
172 263 454
58 451 356
91 466 305
356 92 380
279 337 149
490 103 443
222 204 85
255 343 449
270 41 255
455 360 325
479 352 83
103 158 27
313 127 28
69 109 433
46 278 30
56 42 304
184 50 493
256 141 38
249 229 395
417 318 243
280 487 52
468 156 321
348 136 199
111 9 105
75 255 95
59 70 421
319 235 471
204 222 315
306 168 418
387 241 310
336 433 4
170 11 62
385 132 225
214 419 324
352 120 115
338 138 113
253 491 294
230 233 77
491
69 319 352
360 142 333
431 228 310
477 320 379
293 268 166
176 204 206
239 244 12
50 332 450
395 311 474
306 318 147
132 148 126
123 343 155
387 450 204
444 58 72
334 33 211
298 177 486
28 156 375
342 29 82
167 382 145
489 111 428
308 45 107
44 459 376
159 85 100
152 334 15
419 327 40
456 227 151
78 354 99
316 242 300
337 375 81
309 100 267
427 426 353
223 233 259
228 472 265
12 352 281
136 363 25
201 437 319
60 325 50
195 211 66
301 483 21
333 114 133
85 168 176
245 454 101
192 185 234
11 322 221
9 126 158
73 34 165
24 89 328
10 336 186
43 72 484
300 351 421
382 482 394
457 22 387
338 97 373
51 47 237
105 66 84
115 14 157
271 32 26
248 62 308
178 64 410
124 105 2
238 366 10
470 425 351
187 307 37
186 272 290
99 109 273
263 443 490
106 455 313
414 118 412
286 128 348
369 433 114
324 283 124
34 280 443
436 91 120
405 297 192
385 448 339
321 116 453
348 113 201
341 231 303
314 348 381
296 429 179
158 108 191
482 245 470
40 146 447
391 247 448
220 117 354
474 193 449
204 388 218
31 435 465
402 353 35
429 75 167
249 112 491
189 73 279
267 202 380
336 413 223
362 462 182
384 466 266
452 218 49
351 191 363
347 267 23
93 416 222
311 389 334
339 428 16
443 57 422
49 383 260
418 445 196
13 140 297
379 134 219
160 223 108
289 171 75
194 458 215
154 304 65
140 399 33
354 144 141
408 93 272
153 301 446
118 82 245
262 69 276
150 282 94
76 468 125
107 184 432
281 451 143
198 96 154
211 331 117
388 365 393
266 314 462
114 402 122
468 241 441
465 42 42
126 239 309
110 55 74
116 122 38
75 138 256
265 293 251
441 63 91
163 153 57
172 81 93
442 374 270
155 3 76
216 309 161
343 369 479
88 101 159
365 10 214
404 329 227
146 172 132
151 135 361
432 360 64
53 131 321
252 469 452
278 15 398
292 457 306
430 481 445
45 261 197
90 392 34
305 240 27
81 124 87
258 420 152
191 129 433
26 13 135
475 26 365
149 104 149
264 115 454
434 217 171
134 290 284
250 427 52
284 165 414
138 271 44
367 398 187
488 35 200
145 71 451
285 210 17
86 414 324
256 431 369
5 145 415
147 51 189
182 270 236
237 486 257
304 303 317
129 176 288
428 232 190
79 317 271
157 313 338
356 289 464
222 219 316
91 27 350
352 18 368
283 281 311
317 106 305
412 77 90
357 19 261
94 276 289
483 381 296
224 417 408
373 410 459
479 344 18
389 315 241
294 95 482
62 200 325
480 438 188
445 384 397
376 347 435
450 411 41
20 246 411
17 31 231
119 157 209
386 249 88
255 335 264
318 350 337
378 209 419
420 221 356
415 74 198
212 123 9
109 387 113
446 203 468
164 436 283
236 36 242
52 78 436
460 169 320
199 355 213
64 206 460
244 212 326
205 465 438
374 378 80
393 225 224
268 391 131
423 285 7
291 409 173
440 180 104
144 404 244
407 361 178
48 147 263
272 7 298
55 473 216
331 52 475
257 201 457
403 43 30
32 215 461
100 296 139
302 132 232
451 54 327
358 159 285
261 67 367
4 197 340
422 166 148
95 149 277
399 299 403
112 139 63
313 476 105
217 478 378
36 434 24
57 377 8
368 195 78
2 178 150
372 328 293
303 367 417
71 12 416
111 364 253
400 41 207
310 460 168
120 305 115
133 226 243
29 287 71
128 187 14
421 229 382
409 464 307
173 194 153
437 192 85
89 28 294
68 61 269
274 430 6
35 220 226
188 490 439
59 4 383
104 38 312
438 84 280
168 470 426
208 183 19
332 323 246
288 250 431
56 20 205
8 284 330
102 243 48
280 300 287
425 87 118
259 137 5
121 238 478
3 452 95
397 358 238
297 49 217
1 1 225
491 143 336
327 179 239
466 312 488
135 5 59
275 234 392
269 17 185
364 37 184
254 21 60
325 16 212
6 302 472
241 92 396
417 235 318
14 76 233
270 125 54
390 189 429
21 444 343
15 141 302
207 488 230
277 119 304
234 253 220
22 349 480
74 442 377
54 432 364
42 161 67
459 489 400
273 70 467
320 121 31
185 346 46
47 173 469
396 418 418
96 30 476
361 255 262
346 310 388
486 386 20
381 370 274
143 393 322
328 379 360
122 9 357
350 248 329
18 44 142
215 294 255
117 162 405
156 205 110
67 65 203
322 151 362
202 264 202
478 359 295
209 23 210
371 479 301
353 213 53
130 269 346
98 130 164
23 330 13
169 155 235
161 167 175
330 467 401
210 475 249
326 68 473
39 224 47
240 380 169
279 407 130
197 90 36
213 484 399
37 120 440
108 456 134
233 216 240
260 471 62
231 60 163
416 252 70
295 449 391
92 196 162
113 262 61
319 340 140
472 376 437
487 174 51
58 83 129
410 403 194
349 39 344
82 394 86
219 286 106
398 401 331
193 277 22
435 408 156
196 308 278
30 266 55
439 412 56
131 316 275
183 237 136
166 424 258
200 291 28
370 453 138
175 222 172
165 40 345
323 440 434
380 259 103
345 439 45
229 298 404
16 463 386
170 258 299
447 371 68
424 422 430
70 447 1
454 154 98
84 395 483
203 230 123
218 48 250
7 98 366
464 80 146
232 275 112
77 419 292
83 11 332
243 103 248
449 190 177
63 321 282
25 338 4
340 56 347
180 306 199
38 46 471
33 175 291
359 158 463
61 278 466
242 477 314
221 214 83
461 288 111
101 373 358
80 485 73
471 260 402
377 372 371
476 136 180
485 8 323
484 406 79
174 160 413
299 480 183
246 254 355
406 333 128
251 421 102
355 265 119
214 186 420
137 390 481
329 487 424
469 53 442
19 345 29
127 50 121
230 292 315
448 133 477
190 79 252
235 2 342
411 6 181
97 256 170
287 491 349
41 415 425
383 295 335
312 150 160
141 208 395
473 59 489
171 397 58
307 342 39
290 339 11
366 400 32
375 181 374
206 127 406
179 461 444
72 107 423
177 396 372
401 423 458
276 474 195
142 357 390
181 88 389
363 163 116
453 446 229
467 263 137
462 99 407
392 341 96
247 405 370
227 25 427
87 337 228
394 273 254
253 188 69
413 236 127
65 24 409
315 102 247
148 199 341
225 182 97
433 362 208
282 86 487
481 207 43
66 279 3
184 441 485
463 274 455
426 170 193
335 152 359
226 385 77
162 94 89
139 368 385
458 110 456
27 164 286
46 326 144
125 356 174
344 251 109
455 198 92
490 257 384
103 324 268
500
358 451 337
391 306 244
136 481 134
106 366 213
344 344 216
1 423 94
284 372 491
169 205 200
171 280 267
328 482 204
55 279 265
293 91 188
91 183 278
271 299 14
254 214 346
395 20 459
179 64 486
101 190 327
473 101 368
70 251 189
477 202 126
255 416 276
68 303 391
241 160 333
244 18 150
325 195 245
250 166 104
28 262 344
338 132 431
339 449 366
90 135 256
72 376 145
304 245 247
412 109 180
367 260 219
210 230 159
57 169 198
456 430 7
321 35 73
204 175 191
283 104 443
64 80 476
419 324 403
138 140 470
431 146 28
245 181 285
259 460 361
51 417 419
227 439 26
478 9 416
435 265 112
280 426 289
203 293 298
122 22 231
237 16 494
432 198 318
378 86 273
143 424 415
356 334 170
479 268 365
264 81 359
7 122 223
465 414 1
142 358 241
279 158 215
451 386 454
499 391 260
489 327 102
79 26 175
323 311 367
433 369 296
443 6 398
500 378 169
452 483 466
324 359 307
189 363 357
180 309 90
229 301 205
232 485 29
111 121 293
278 362 360
217 34 60
59 237 427
448 404 127
457 47 8
441 139 242
415 427 149
363 307 47
131 314 394
392 360 356
148 87 50
416 235 160
383 134 248
483 74 123
41 39 442
34 341 206
144 276 384
299 255 217
116 33 211
291 263 35
341 65 45
436 57 225
149 145 376
218 373 252
374 224 177
306 267 236
125 374 352
208 491 286
240 351 66
20 31 378
488 107 54
37 93 120
76 463 122
187 114 433
186 419 87
115 448 338
84 476 36
165 454 49
366 227 179
33 83 483
242 365 372
379 361 397
114 397 22
346 38 413
267 4 68
14 495 93
303 405 111
30 189 218
411 178 456
49 27 182
2 15 439
410 84 435
295 247 173
360 313 232
397 382 140
230 337 313
56 110 115
252 223 220
381 418 500
442 437 477
370 266 453
458 154 274
282 425 133
172 234 42
461 187 418
223 220 226
490 347 471
249 403 381
468 274 317
387 106 326
58 3 349
46 130 152
88 410 275
348 211 57
166 98 478
492 182 430
444 289 214
123 137 462
141 125 5
198 471 316
349 30 33
467 62 310
192 298 461
22 12 139
437 176 13
495 206 130
274 53 141
71 490 164
377 243 77
178 69 479
156 356 23
332 338 429
330 310 261
258 59 227
36 55 233
262 447 272
102 308 10
212 52 96
4 500 172
320 346 74
85 136 291
297 333 329
53 367 81
263 162 37
86 44 484
221 261 300
45 444 51
158 433 386
466 164 321
133 283 447
31 488 240
290 443 434
6 184 371
147 78 117
77 428 230
154 216 295
314 436 308
394 225 53
150 129 221
215 90 76
190 438 153
21 381 9
438 331 161
39 400 437
225 264 404
276 56 118
292 218 426
199 124 336
401 215 302
300 248 184
83 165 481
407 493 279
408 284 339
423 231 451
275 383 162
347 143 6
15 229 84
235 479 243
197 396 441
399 70 424
27 332 306
78 497 268
157 171 448
228 445 314
498 10 167
175 377 322
177 477 355
382 222 143
327 185 369
496 191 290
286 61 382
472 295 95
270 282 340
96 112 138
89 54 105
94 241 487
173 434 436
421 300 428
388 66 199
107 355 353
195 37 11
266 462 55
342 435 142
470 170 32
93 217 396
355 364 464
484 172 387
243 257 411
151 167 52
54 475 374
305 455 12
139 292 299
357 138 34
317 228 106
335 325 207
67 269 325
257 258 156
309 236 284
146 472 301
414 452 203
429 115 192
74 395 287
390 99 202
343 58 224
234 193 266
207 273 100
337 203 264
184 232 61
216 297 71
209 431 132
447 240 474
287 270 452
108 239 151
298 321 498
128 67 455
362 238 64
145 226 463
376 161 63
302 323 194
80 329 89
95 126 354
176 105 460
61 233 183
219 204 48
326 466 222
200 277 24
170 142 489
430 291 341
188 75 343
417 40 137
427 249 59
35 459 364
213 302 408
12 498 472
201 8 345
98 281 124
368 352 208
371 339 495
105 398 288
460 111 178
389 96 379
135 212 311
19 76 493
312 148 168
163 103 121
183 296 348
485 288 294
403 196 259
160 194 334
373 177 234
269 77 101
104 97 154
288 468 332
301 153 305
29 63 328
310 473 385
340 393 2
491 118 422
428 117 440
494 11 201
182 429 269
384 349 131
454 278 239
318 24 389
364 242 157
226 68 56
434 244 417
380 368 235
353 318 181
350 29 136
296 421 315
185 335 119
459 256 72
196 312 467
426 450 85
424 408 420
385 336 342
32 246 67
47 46 277
38 151 212
402 192 18
26 328 475
319 100 280
17 254 473
233 387 250
420 467 103
3 385 421
16 389 444
352 19 324
69 470 406
439 305 457
253 317 304
345 320 335
222 340 405
418 412 98
361 446 39
202 456 62
231 272 40
482 480 414
260 95 492
129 179 438
137 188 43
308 326 82
220 49 135
386 152 41
87 173 110
396 219 186
109 458 292
248 120 450
82 102 255
281 141 469
43 17 185
277 486 253
65 60 392
375 201 399
155 48 263
152 442 58
63 94 373
289 108 283
493 354 377
48 163 65
272 478 401
497 371 88
480 213 270
211 14 20
446 250 163
475 322 297
476 133 488
50 119 210
117 123 445
42 127 246
462 304 388
62 156 423
25 399 402
409 157 319
127 221 129
140 199 323
191 285 458
238 89 176
333 85 281
10 197 19
334 23 116
329 252 370
110 116 482
224 319 91
124 73 155
92 420 350
81 147 108
174 92 38
354 422 97
130 330 78
134 461 303
307 72 30
236 411 331
413 294 113
11 441 17
351 271 330
247 7 70
425 186 229
251 32 375
359 113 485
398 494 144
66 41 83
132 487 480
268 388 171
181 392 347
9 210 320
44 394 400
239 375 147
75 28 3
24 290 499
474 208 16
406 88 25
481 315 148
40 45 409
440 155 99
162 25 309
161 159 128
322 21 362
464 43 249
265 51 490
23 180 351
126 348 410
404 402 109
153 432 196
273 287 21
246 457 92
193 209 262
119 131 407
405 82 395
372 36 380
99 350 46
285 380 31
13 406 254
112 50 358
449 275 383
73 499 158
455 409 80
463 13 312
331 253 166
97 207 79
194 149 393
469 150 412
214 401 390
453 415 251
8 42 496
167 413 174
316 343 195
471 390 15
18 464 193
450 496 432
313 465 4
311 5 258
164 168 69
103 286 446
118 79 86
100 379 197
393 174 237
256 353 238
261 144 165
400 489 497
159 345 114
445 1 125
365 370 257
422 2 44
60 259 190
369 484 107
120 453 468
294 357 282
168 71 465
121 128 75
336 469 363
487 492 425
52 316 449
113 440 27
315 407 209
486 384 228
5 474 271
206 200 146
205 342 187
493
354 461 411
143 310 194
176 46 1
87 160 378
246 37 201
46 437 433
192 231 255
323 267 338
308 277 305
166 130 216
439 369 393
399 265 181
111 41 279
385 110 252
151 491 461
328 455 426
415 315 327
198 458 113
19 165 292
170 47 278
140 209 410
454 372 197
473 134 317
104 285 345
45 236 220
226 223 359
40 359 155
31 253 297
325 171 243
491 167 329
21 132 232
493 107 492
304 92 132
134 469 296
467 30 363
70 404 204
330 346 162
281 392 74
391 403 46
441 276 55
98 81 2
76 195 114
338 318 88
326 390 195
108 189 213
220 290 420
329 182 346
362 354 322
474 366 361
23 340 116
303 147 51
82 279 316
34 412 180
465 385 53
407 85 144
339 446 451
452 309 6
310 321 315
456 248 379
422 360 245
378 39 159
397 396 31
125 382 344
360 104 340
322 214 321
48 256 474
348 101 280
164 423 239
395 493 150
384 18 37
221 463 47
464 229 12
254 489 337
240 408 189
485 205 390
214 78 424
438 261 351
267 296 143
430 284 262
217 119 249
184 374 160
469 481 268
165 349 45
149 16 11
343 72 266
148 212 188
237 196 300
249 180 449
227 320 206
10 375 441
49 141 482
78 208 370
91 343 50
316 242 442
71 449 175
93 192 295
121 348 145
182 255 231
177 442 247
119 151 326
277 122 167
261 441 405
107 445 21
332 217 219
212 386 400
8 436 15
367 91 376
283 294 140
484 35 164
244 138 110
44 388 343
481 379 223
169 275 484
200 355 4
100 377 101
380 434 350
432 97 352
463 50 437
25 262 429
411 433 76
368 164 185
390 79 288
96 254 248
81 203 79
336 429 48
334 313 177
314 311 436
216 240 493
282 389 100
477 358 149
109 9 171
461 471 391
286 244 483
199 432 281
73 49 488
345 480 253
396 293 58
101 32 385
126 67 487
202 421 446
62 11 60
288 225 439
64 95 332
292 116 309
375 215 270
6 207 72
447 90 360
153 370 121
443 251 334
435 142 331
27 87 479
228 401 136
219 129 182
425 31 258
190 105 71
423 77 381
17 295 306
302 263 41
478 227 169
475 145 265
342 61 368
69 381 178
37 45 200
324 213 364
236 467 38
403 264 304
331 186 251
431 176 489
80 472 371
245 410 44
218 439 406
285 447 174
57 124 83
154 364 118
270 238 134
315 350 39
383 114 33
83 15 415
133 278 133
150 419 366
223 427 414
225 86 403
230 353 320
446 406 22
344 243 89
36 474 409
318 334 452
4 266 475
9 24 36
251 149 184
402 6 467
102 69 272
335 411 61
42 99 168
92 148 417
258 89 139
55 338 170
173 435 464
142 218 205
387 464 303
235 19 356
376 479 97
238 420 80
157 335 257
353 336 82
405 300 287
410 98 29
389 34 462
180 174 54
61 328 273
341 314 172
99 477 435
7 418 302
357 384 151
120 425 261
195 42 147
29 344 157
68 305 425
186 409 161
429 172 75
358 14 19
188 71 362
457 239 380
482 25 325
306 28 96
300 357 59
488 319 367
144 443 478
189 154 153
247 428 308
175 126 324
115 58 463
14 395 103
35 33 384
487 483 131
66 448 87
224 150 383
185 157 86
116 438 193
459 59 283
90 299 16
112 199 389
206 302 286
132 246 27
174 191 457
210 175 299
181 260 176
2 216 485
460 451 313
72 426 382
470 44 328
417 456 209
458 52 387
453 259 377
448 43 307
279 184 465
127 146 156
128 405 28
313 201 427
60 143 438
232 345 354
296 484 67
401 352 9
351 53 481
350 304 90
468 54 407
450 48 386
161 140 99
366 219 26
408 368 40
420 135 148
113 96 404
39 113 202
167 387 190
63 1 291
16 221 8
26 269 119
203 250 421
28 466 229
5 206 335
418 179 271
275 100 64
84 121 392
269 220 444
30 312 20
54 399 341
160 268 152
117 417 416
400 68 117
22 475 225
234 473 5
449 330 434
52 139 234
159 400 237
379 185 192
483 273 124
289 112 166
205 307 469
260 106 10
197 332 456
290 478 472
257 444 154
365 324 165
374 120 285
241 323 18
321 424 106
264 322 342
88 38 290
346 292 142
146 363 210
183 169 221
298 26 333
295 198 70
24 211 173
445 168 374
231 237 298
333 60 319
172 40 73
388 152 222
123 166 81
273 153 447
33 341 77
168 281 111
455 327 108
259 487 476
428 173 256
301 325 473
490 88 418
307 136 13
97 7 109
340 288 217
371 452 241
242 301 310
194 76 198
294 70 137
18 329 24
47 94 358
466 454 443
489 181 56
392 422 254
451 161 25
124 108 401
15 470 211
106 241 480
211 482 440
43 131 349
79 367 163
138 249 453
409 462 236
370 460 69
419 23 277
265 431 348
406 194 422
271 373 84
347 226 233
476 8 215
359 490 301
293 416 314
179 286 179
434 5 486
256 202 122
382 73 323
319 257 388
204 10 284
243 224 130
11 36 244
262 271 260
156 63 49
268 210 66
472 316 115
171 178 3
480 51 63
110 93 431
147 440 454
349 274 62
136 453 289
89 21 459
352 156 282
479 308 477
215 234 238
462 27 450
442 270 353
20 3 432
412 56 235
38 183 138
386 193 275
239 347 141
437 430 466
75 82 43
213 137 224
250 125 470
297 297 445
414 57 355
413 397 460
122 298 428
135 233 105
3 4 104
393 2 490
253 155 347
85 65 146
416 84 34
105 289 196
361 413 240
196 55 127
158 361 430
209 80 448
440 252 183
266 362 398
59 109 330
130 333 267
305 331 23
355 468 250
337 128 375
312 272 129
471 476 369
114 287 187
309 74 57
222 391 397
233 291 311
398 306 227
486 22 98
32 103 95
50 326 203
311 414 408
433 204 372
363 62 112
381 13 68
276 187 402
53 66 94
163 127 264
299 393 186
12 222 394
118 111 294
187 457 128
426 383 423
155 380 125
137 398 399
248 102 65
208 162 30
369 402 158
94 258 357
364 317 14
356 376 7
86 247 207
65 197 135
320 159 242
327 342 395
141 12 35
191 117 85
103 170 373
229 123 293
58 407 274
372 371 199
404 17 413
421 235 78
193 450 123
492 283 120
74 488 32
274 190 365
280 485 102
51 492 419
56 158 93
252 459 246
278 337 318
427 339 214
152 118 412
263 303 126
1 356 269
139 465 91
424 378 230
207 415 191
129 282 336
317 83 468
145 351 52
284 245 263
444 230 218
201 188 92
162 29 107
95 232 491
131 133 42
373 200 212
77 394 228
394 144 471
67 228 396
13 115 339
255 365 312
377 163 226
287 20 276
272 64 455
291 486 208
178 75 458
41 280 259
436 177 17
