10
14
13 8 1
10 10 6
14 14 9
8 1 5
7 6 2
11 11 13
1 5 11
9 9 10
12 2 8
5 3 12
3 13 14
2 4 7
4 7 4
6 12 3
20
20 2 2
10 3 8
15 14 20
2 12 1
7 10 16
12 18 14
11 1 12
8 4 18
4 20 19
6 19 17
16 17 15
18 7 11
5 13 5
3 16 6
1 15 4
19 5 7
17 11 10
9 9 3
14 6 9
13 8 13
15
5 2 6
4 4 15
11 1 2
6 9 1
1 12 9
10 8 10
14 7 4
13 14 13
15 5 5
7 15 11
8 6 8
3 11 14
12 13 12
9 10 3
2 3 7
11
10 4 8
2 1 3
8 2 11
4 5 9
6 10 6
9 8 5
7 9 2
11 11 4
5 3 10
1 7 7
3 6 1
16
4 8 8
6 12 14
15 16 5
1 7 10
9 11 11
2 2 4
16 13 12
5 14 3
11 9 15
12 1 6
7 6 16
3 5 7
14 3 2
8 4 9
10 15 1
13 10 13
13
1 6 11
12 5 9
10 9 1
3 11 3
7 2 13
4 13 4
11 1 2
9 7 7
5 3 10
6 12 6
13 4 8
2 10 12
8 8 5
19
13 6 6
18 4 13
19 3 4
2 8 5
8 9 7
3 19 11
17 16 3
9 15 17
11 2 19
1 12 14
16 10 1
7 17 12
5 7 9
4 18 15
6 13 2
10 1 18
14 5 8
15 11 10
12 14 16
10
1 3 5
4 5 2
9 4 1
5 2 9
10 7 6
3 1 4
6 8 10
7 9 3
2 10 7
8 6 8
17
5 4 9
1 15 1
8 13 4
7 7 6
3 12 3
10 17 7
15 5 2
9 16 16
14 11 13
13 8 10
4 9 17
2 14 8
16 1 12
12 2 15
11 6 11
6 10 14
17 3 5
17
7 13 4
1 4 11
9 15 13
12 9 12
13 16 5
11 1 15
5 8 3
15 3 14
17 14 16
8 5 7
14 2 6
2 6 2
6 7 1
10 17 10
16 12 8
4 11 9
3 10 17
