10
99
49 61 94
56 52 47
38 94 14
14 23 79
51 55 86
92 92 76
4 76 11
66 3 16
41 85 84
80 90 93
64 44 53
42 83 25
9 2 7
60 56 75
39 60 82
63 98 52
20 16 68
34 54 3
53 47 41
74 1 29
57 20 58
79 39 43
46 82 88
90 51 97
76 40 1
62 75 98
88 58 69
23 93 81
17 34 70
36 36 90
81 26 5
50 65 78
33 14 50
44 17 19
30 9 89
69 30 64
48 69 37
31 77 24
45 48 35
35 67 36
43 91 15
71 97 27
61 74 77
32 64 39
8 13 6
96 22 91
83 5 9
11 88 30
37 38 33
67 79 59
82 4 46
59 95 54
70 70 49
89 6 83
55 37 95
6 96 72
73 78 13
18 59 44
21 49 61
5 73 21
28 18 23
2 31 4
87 50 66
97 7 12
94 29 26
13 89 63
84 53 10
25 32 73
54 66 17
68 87 48
12 24 42
19 84 22
7 41 18
16 8 60
93 19 34
47 62 31
95 35 85
15 72 71
3 57 56
72 68 99
10 46 67
22 45 96
24 42 92
40 25 80
86 11 38
85 28 65
58 43 45
52 71 57
27 10 62
98 99 28
99 15 87
26 33 2
1 81 51
78 12 20
91 21 40
65 63 8
75 80 74
77 27 32
29 86 55
91
46 45 5
57 19 60
45 67 83
17 81 65
48 29 9
89 42 8
25 62 66
30 10 6
76 41 30
62 22 51
74 87 52
33 75 17
60 77 43
13 3 37
49 55 46
37 49 77
5 51 14
16 6 64
71 64 59
59 24 86
35 17 75
40 74 91
4 47 25
2 30 29
91 72 85
38 90 1
12 80 45
26 56 81
21 50 56
23 73 58
65 37 89
61 4 23
1 20 39
84 82 82
73 46 88
36 34 38
70 71 24
14 53 31
31 58 42
72 65 4
87 66 79
42 12 68
88 13 15
54 60 28
20 28 48
78 15 49
79 9 50
19 8 67
67 85 32
39 23 13
68 32 90
90 76 76
44 52 26
58 16 41
81 35 3
63 89 19
80 27 69
9 14 35
86 54 40
41 26 44
10 83 7
85 38 63
32 88 62
34 44 71
8 57 18
56 70 27
83 33 33
66 61 20
24 31 74
7 91 16
64 86 34
69 11 10
77 43 21
11 68 36
82 40 55
53 79 2
6 18 72
51 2 61
47 1 70
55 7 73
15 36 84
43 48 54
28 78 78
50 25 47
18 39 57
29 63 53
3 59 22
52 84 12
75 21 11
27 5 87
22 69 80
90
44 26 15
22 75 80
45 29 58
28 37 63
90 78 65
9 25 43
83 12 51
57 1 79
36 66 68
47 61 5
66 5 66
11 73 12
6 84 55
88 42 38
86 34 37
60 52 30
39 82 69
34 62 17
73 57 85
25 11 53
54 76 27
82 15 62
5 36 32
50 68 14
30 86 16
75 89 64
35 55 83
87 14 61
48 70 44
49 28 29
65 6 20
67 85 71
20 24 49
80 33 87
33 44 42
31 10 84
43 20 47
32 90 90
76 88 88
74 3 13
18 23 75
52 17 59
27 72 54
85 43 72
3 39 45
16 87 7
78 32 25
24 27 4
26 48 8
12 64 86
38 69 56
1 81 19
89 9 78
62 31 40
59 46 22
40 51 2
77 21 36
15 79 31
13 47 35
79 30 50
70 59 81
71 8 6
4 83 24
14 63 67
17 65 82
51 19 21
21 38 10
61 80 9
8 58 34
19 60 18
81 40 23
23 54 73
42 71 33
29 56 28
55 35 11
46 13 89
84 4 52
58 22 76
69 50 46
56 74 3
2 18 1
7 16 70
68 49 48
53 41 60
37 53 57
41 45 41
72 77 39
64 67 74
63 7 26
10 2 77
91
56 78 50
42 79 19
36 45 5
71 30 31
10 23 46
69 76 74
79 40 9
2 42 82
7 17 78
90 74 21
37 2 38
41 46 20
80 82 69
8 16 61
30 64 1
21 57 70
38 51 40
64 48 65
67 1 3
13 11 10
73 22 7
35 24 54
4 41 87
52 87 52
16 5 44
32 69 32
49 56 68
12 29 75
65 52 91
75 65 55
55 68 4
31 7 71
18 12 56
84 43 76
27 88 15
29 4 2
43 10 48
6 31 22
59 63 42
58 25 33
57 47 26
3 81 11
46 90 28
78 83 36
72 3 88
61 91 51
51 21 13
76 53 67
68 28 57
11 72 84
20 20 66
85 33 17
74 54 49
1 50 25
54 61 35
62 19 60
39 80 81
82 44 64
47 39 39
88 62 14
5 58 24
40 6 79
63 84 27
45 89 43
25 18 86
15 77 63
33 36 83
34 13 77
87 60 29
24 14 12
9 9 85
17 55 72
86 37 6
22 35 80
48 75 62
14 26 18
89 59 89
91 27 90
60 73 16
81 34 53
23 38 45
26 8 73
28 49 58
83 15 47
50 32 8
53 67 34
70 86 30
44 71 59
77 85 37
19 66 23
66 70 41
92
85 58 70
76 86 36
39 62 45
49 17 17
89 28 15
64 51 56
84 11 67
83 72 85
11 92 63
1 33 29
48 41 75
68 89 37
9 73 46
66 46 82
15 81 21
23 9 84
35 56 40
81 44 1
38 3 78
16 63 44
51 55 88
32 66 57
52 74 90
40 80 33
31 23 7
62 71 58
44 64 2
19 91 60
61 76 74
29 57 26
53 77 59
75 52 27
2 42 12
14 24 47
57 6 73
71 5 79
17 59 11
10 53 19
25 30 81
13 35 77
92 21 66
54 79 55
63 43 51
43 12 91
8 70 13
12 10 42
28 1 14
59 36 87
22 39 18
74 54 32
56 29 68
20 13 5
5 45 62
41 4 76
24 67 10
88 50 41
77 32 35
86 84 9
70 2 72
69 69 4
65 18 69
87 87 8
60 40 22
73 83 64
42 19 25
50 16 20
27 38 49
26 26 65
4 25 48
30 7 89
55 47 31
80 65 92
3 48 83
47 37 28
58 68 24
45 27 80
18 22 43
90 20 38
78 15 61
46 90 86
37 31 3
33 34 6
91 78 39
36 61 50
82 14 34
7 49 30
79 88 53
34 75 16
67 60 23
6 82 54
72 8 71
21 85 52
91
36 12 58
61 84 73
22 89 90
28 64 7
72 62 5
20 39 52
14 19 48
52 45 38
49 1 75
86 6 15
48 43 20
90 68 41
83 17 59
45 77 16
5 50 17
82 69 64
62 27 61
16 20 70
31 51 30
47 65 9
30 18 24
66 86 89
70 49 76
37 4 83
13 44 51
84 61 55
38 47 13
57 42 54
7 16 39
33 48 1
65 26 4
26 10 10
74 75 6
34 46 21
64 54 43
39 3 42
18 31 49
42 57 46
71 23 31
6 73 8
32 56 86
1 9 67
55 13 87
80 70 35
76 91 37
59 37 66
91 38 12
21 36 25
79 60 44
77 67 53
9 40 26
53 41 33
63 5 56
11 52 72
10 87 19
51 71 27
4 66 62
3 82 23
46 2 84
24 28 18
35 22 80
41 34 77
12 29 22
23 85 60
54 72 29
19 33 68
25 74 65
88 15 40
58 83 14
44 25 69
60 7 2
40 32 11
15 14 32
81 24 45
85 90 47
78 79 88
68 81 57
67 59 34
50 8 74
89 63 79
87 76 36
75 21 3
17 55 63
27 53 71
73 78 78
29 11 50
2 58 85
69 35 81
56 88 28
8 80 82
43 30 91
97
53 72 59
51 18 10
19 68 50
69 12 82
25 49 39
55 44 36
43 11 40
34 6 6
3 48 13
33 1 80
4 69 2
11 41 61
92 37 17
41 8 94
96 43 73
50 33 14
22 80 88
46 13 41
68 31 51
91 55 55
9 86 68
79 60 20
94 21 3
76 29 96
12 39 44
73 66 18
15 50 9
23 19 42
10 71 25
82 14 79
31 76 24
61 46 87
74 40 30
13 91 29
38 93 31
35 85 67
18 27 83
47 28 35
63 38 5
21 26 72
52 3 19
97 17 4
65 87 16
90 95 7
59 24 74
14 88 64
32 30 89
39 2 32
57 79 48
83 89 37
16 51 78
75 73 33
5 52 47
80 47 34
20 32 97
7 94 66
8 54 53
86 16 60
72 36 62
24 34 69
42 57 15
37 97 92
88 22 91
30 64 23
89 35 70
84 77 86
49 84 21
56 96 71
64 62 95
71 65 12
54 90 63
28 4 26
81 61 46
36 70 75
17 74 54
78 23 57
93 25 38
67 67 84
77 75 76
85 82 65
70 83 28
62 58 85
66 10 43
1 42 93
45 92 27
87 59 8
2 20 81
6 63 52
29 53 90
58 15 49
26 56 58
44 9 22
60 81 11
48 78 77
40 7 1
27 45 56
95 5 45
100
87 89 91
18 39 93
34 16 87
32 13 38
14 50 9
17 71 1
39 100 5
55 72 41
64 78 83
23 61 10
6 14 43
27 59 8
9 40 50
89 58 13
37 54 98
71 70 29
72 36 36
92 94 82
56 29 70
31 30 78
52 46 24
29 44 64
45 28 15
79 43 35
86 52 34
63 9 84
30 85 65
98 56 60
44 2 12
95 23 66
65 51 23
40 38 7
47 42 31
12 25 18
91 87 68
84 99 100
33 41 80
19 74 88
97 53 67
49 93 21
76 96 54
81 88 77
54 79 97
16 48 71
93 45 72
13 47 4
94 19 86
75 27 81
4 65 32
25 67 17
58 63 76
1 69 42
70 97 37
51 26 40
20 90 16
100 18 25
48 60 62
35 32 73
5 21 69
96 22 89
68 92 95
80 83 85
28 77 46
7 84 58
11 17 6
66 68 94
57 7 47
61 12 92
99 66 44
83 3 55
62 1 20
53 86 52
2 98 26
73 37 96
43 8 90
67 10 51
88 11 53
85 95 59
46 15 79
36 34 63
77 33 61
74 20 48
21 31 27
50 6 74
60 57 99
82 81 2
10 73 3
38 75 49
59 76 75
8 49 39
42 91 11
69 55 14
78 80 28
41 35 33
26 62 19
90 82 30
15 4 45
22 24 22
3 64 57
24 5 56
92
86 38 21
68 92 81
39 31 4
64 36 45
88 54 59
72 57 39
15 46 75
31 12 30
76 24 71
6 7 57
48 8 78
57 77 27
69 83 19
52 29 53
74 78 64
82 49 86
59 72 63
44 18 49
91 55 3
50 68 80
51 20 31
24 84 34
84 34 9
18 19 52
80 1 43
83 64 68
66 51 1
27 17 32
28 2 36
4 16 16
73 39 8
7 60 25
45 73 35
60 30 65
79 35 13
54 59 24
55 61 12
13 4 70
87 42 56
2 87 7
56 70 41
17 6 84
16 89 87
77 5 28
53 75 15
36 80 48
67 47 51
30 41 77
63 88 23
29 23 89
58 50 61
10 71 79
32 43 14
40 69 20
12 53 33
61 11 88
81 45 82
35 26 90
11 3 54
3 22 37
14 74 47
23 67 38
92 58 62
37 28 6
33 37 66
34 79 10
62 81 2
71 91 58
43 14 42
22 40 55
78 85 17
42 48 60
5 21 40
20 76 18
75 13 44
19 82 83
47 10 22
25 62 74
90 52 29
8 33 92
26 25 69
70 56 46
21 15 5
65 27 73
46 66 91
41 65 85
38 32 67
49 90 26
89 63 50
1 86 11
85 9 76
9 44 72
93
44 53 75
27 74 9
89 64 63
46 25 66
69 2 91
86 92 15
5 52 38
34 88 43
24 67 40
58 73 89
40 5 3
61 3 56
74 41 12
92 56 17
26 91 54
32 13 26
16 69 78
57 30 86
87 16 33
48 63 70
7 93 30
51 87 52
52 58 59
25 8 32
54 80 1
81 28 45
21 60 44
47 57 35
55 76 87
83 29 64
80 55 2
42 7 39
19 61 10
63 44 42
38 12 61
62 50 84
60 46 23
3 48 7
67 6 77
65 22 27
30 90 29
78 83 55
12 86 46
18 17 19
66 68 49
28 43 24
73 37 5
11 27 80
2 49 16
91 26 25
23 42 34
50 9 69
8 19 81
79 35 11
10 33 74
88 36 92
22 31 68
15 59 60
9 47 22
41 38 21
76 81 67
59 78 6
75 1 51
72 89 4
37 10 31
14 34 88
31 14 20
77 65 83
6 51 65
56 21 71
17 70 14
1 4 62
68 20 28
29 32 8
93 82 82
71 66 53
39 54 41
33 40 18
13 39 37
70 18 57
36 71 13
90 45 50
4 77 79
45 24 58
85 15 90
53 79 47
35 11 73
84 23 72
49 85 36
64 62 76
20 75 93
43 84 48
82 72 85
