1000
737204323
537041900
758663317
860153149
987283637
15770825
362635849
6770404
231659903
727305786
482162000
49336576
665705123
248601116
20105983
16890536
959670481
237924769
963658471
16032016
505890064
115168768
127824797
24893568
368846409
908963219
17164449
275507168
463191706
627771163
977986296
417924888
258999737
494301303
497513025
672124448
893172996
441127691
11059200
42614912
1904400
866761
4740147
678917641
400987335
860697945
60220973
110733529
533775744
952955916
119385349
247892472
897395927
793453448
96614633
65895200
149250583
93123573
823165043
127609452
993363721
151963501
53747712
432441900
487917027
975010291
432696578
374719186
571640281
559842921
44020789
925378597
214066300
34980125
335000419
875379572
312458371
471544821
365344996
638421289
149160992
152829824
655553089
683288989
649522542
139381329
630469087
790024500
58623041
482734592
385218504
633025600
637447357
58192579
870323033
314370437
28132416
145418087
300120976
954686404
205266991
497004259
135084919
730080000
879623629
20405320
657624409
557377272
512417761
64700208
670863173
306752507
925531685
345599719
940035749
287560733
120589931
505080676
684226121
986308272
146341312
787028427
167314225
381725644
11612608
453728771
159549727
39050001
956423536
20712199
847857924
368304201
843618888
763230125
977010521
12581209
521349490
570711961
292905343
586317796
778633216
582699325
161803008
857384167
712943401
609542569
410710756
572490990
24760576
995125543
281686363
604815649
338500951
454882193
340624589
722881889
244078129
511460083
619561881
84303137
12299049
434341163
615466033
149631726
284400331
153924747
109767529
615486481
946915984
782153089
717419357
79715483
70227
876096
440779526
80061912
331994912
87759424
249184787
376586568
589259327
283360193
46851200
241501523
329207903
623854427
55547209
891780125
17957179
833245956
123884178
9253764
451141052
570409088
275980887
186513649
14531344
107402101
216684071
16807393
535287691
57912100
41917167
803324077
392066263
343074411
16020500
4401604
232379536
519875924
182547121
886797747
751157599
861935453
646329379
6508832
601426576
679702880
24764600
887469433
127961883
200037600
66477560
994642622
550309751
594435200
728298169
129777664
121076369
763363391
41725025
175824500
493169221
765588348
93625928
842068548
82215125
498464064
22902912
560742400
331527424
985369019
834244741
251589275
97973
20655628
267747769
74530297
328132881
291381841
471884467
10322717
9954025
301793312
323576083
312895213
351337032
30459361
14586075
12167
52067287
757682796
595251103
981117157
655291302
24542116
427191408
14016589
638163437
975023341
458302464
197318039
57990601
349142832
660005083
218511851
763230125
75186241
7840000
362026729
225350667
667137241
674041
638876176
137783187
769099577
779358889
977549484
80391200
281883375
415996816
1337481
782015869
346709113
496264729
443305088
49519369
651249000
543513317
4579153
243260651
113145769
200577353
297036577
760325476
511358463
420119537
84383488
92725709
356445000
891525600
37950125
918598753
129005630
837923258
234492827
16497105
991193288
4359744
21943231
192100033
145197737
394618225
713359013
52708931
865529057
607228164
919007543
389017000
544347580
704265444
683101571
434301772
911815808
544706473
731149357
49973976
143748
982131200
79174404
34420736
915562189
467127927
106981057
99732907
284216689
671098248
918877969
995650688
6344936
574421257
672136009
399760036
566126947
551452687
720815104
573533900
502681000
8958049
423734803
19616041
524776464
3115225
106606441
635763641
325606691
131102500
429881443
408375000
175403536
45696800
152423716
427274757
19321000
480023007
273770116
26635921
933561743
148011239
574198272
749774088
915874793
19830744
536477768
593523793
705729222
27848
364676613
657212800
253265000
2819876
480218010
955868107
485098952
161243136
784185263
459529928
534164965
939470783
14182756
172328449
684904639
30305192
11378737
103507272
817837632
530917727
99065311
814825557
272004488
276623424
26873856
134554608
724890888
660027481
736630709
276125
391728987
589409929
15178816
440605625
41977441
295977616
553474391
225196732
141554683
187893803
924599317
702493829
185667876
192550688
284117629
863386425
412941419
815801897
237032951
22717712
231856382
99065732
889321483
538379481
540021248
134786651
134360437
918916733
970618387
498453077
343842849
47628
367652238
778942913
46312687
420049261
492033413
323351711
100340289
835822802
480624008
15813251
975722441
410561321
9659664
974076141
386700571
10063571
204304000
152108287
359458037
714046897
893512230
546530884
241694053
582496712
689692644
154594656
304014096
593333773
685878529
952929961
55444500
353114569
779693929
906617275
238630876
470169103
929917897
403672079
995399423
973776821
608736503
432450000
660969
886610176
886024216
81440399
28619136
334717344
182651616
20608200
846023630
299904383
70785930
578628370
474467328
476257739
271166981
501984025
653279719
296941485
912100401
397152893
141052808
25725184
390549799
869111432
104892487
513430281
935401176
118919025
50580544
975696091
647896608
790653541
582958447
62991169
846810000
293848164
967102313
323366317
427166224
199204996
256328000
964253809
70997177
51842000
823883849
113040648
4313929
590149849
407034107
897807714
82227488
28422252
539261284
727716991
357210000
862185769
401124488
827942661
3504384
400512500
104582143
435276091
42928704
39866791
46450432
452372310
111640356
689662937
307984769
91034623
795804100
550754333
9126000
915674521
421401080
301484311
415803375
24298531
610167409
342163453
114253067
280908
30858025
469871119
188464428
638876176
955158331
47775744
85936141
772614218
401561521
21874329
149572900
652262863
104649451
21705624
484528144
325734743
451127737
197289248
384591321
776857392
99479021
327935881
132068475
234012672
647517103
535302233
830060000
421401749
120780100
115025625
225184504
828316188
986767773
499662189
802416366
511796743
296694144
836352
12743163
12716356
563684041
182095371
364504464
781476743
462028597
343768681
918003283
983960251
186525421
151211869
814952751
368266673
253912213
776904129
240187331
862264237
331067912
399360256
618714963
643580603
354238727
322783232
528302292
267267200
697000233
374796787
239557697
636417675
778128125
9856800
122412096
808112191
84875283
22226400
534050351
176223469
162460516
887552712
36023072
826007126
864952799
85909832
996928128
12420128
937002575
469288811
874773857
166513216
644068544
77299003
945185113
326154162
435793697
187637192
233096701
126786817
802848453
310919201
39237696
600887169
402627500
394737424
2125764
658720426
963487000
59522663
71384652
566228552
980359200
205607497
95133937
846951125
568556669
218750317
81044800
206156736
20199368
626648233
810389747
274291056
445454655
607236367
218093824
406585183
213872723
42758521
400322033
796854871
11678072
211755413
372505543
412769287
835024130
836352
827526796
505725457
356989036
954845000
311134321
415303641
305178647
342378125
819104400
221761800
84143929
403286724
159925123
404391319
258423149
14407712
869474044
954459553
814874116
892377027
939990199
612500000
889060553
12737761
157929489
565152200
796322089
12090125
677456603
339514127
111388397
726895521
981756889
507600900
89888
822656953
842692414
542237796
59290000
645978340
297220500
246118513
42356808
132285073
74146321
44944
408586291
10598408
711687113
765535632
113221152
172141875
309798031
3164841
579246523
187244861
420742144
712282943
542155871
155791687
69424517
883904093
109503
160483788
942306011
171400464
952956900
396474048
74235456
153884025
891895202
632684854
906091397
803684551
307476833
801987731
37039396
718722481
839779083
240460412
386201104
384875669
765797023
698707516
508241137
622552401
930189001
749737559
374499904
833245956
434191789
422407241
746457228
629759025
493672752
177102864
318801025
998106097
786746401
2146689
862771649
54432864
855395479
736125212
757331711
36917776
382156902
503651547
884941875
1372000
767979281
69043841
655922124
47692609
147598201
2387025
388112009
869688027
579186011
404492544
109744000
6170256
37221192
948811968
531964484
971128871
310249000
235530409
716669461
133194681
831295987
686529163
466353072
17799961
862714441
21406346
790047404
605786608
421383379
866684734
248297677
29053568
708784129
614813793
493683391
314255801
190897587
964645733
549057799
689482564
324735197
185096025
104284944
978250729
526100941
936199431
360093053
465003008
264760273
580638631
934162069
805519391
1357952
927324227
909425952
525739041
912958043
757836197
451584
46288853
767172979
956977711
488146608
177310125
644854094
879676829
762728219
617030413
710968896
300993874
961148168
378518830
100661089
905289253
718186401
688314368
130637448
863190751
69761672
344340132
291857491
58675512
328486913
868531903
156029207
460196281
6796449
737267821
283015843
530844697
120494529
721137316
827065223
301041941
296660700
231890299
41012233
795344747
152171147
225900900
570827664
426532592
961849800
406086313
799799530
39853969
186814224
244028453
351375025
9504889
498325963
232749619
6154544
425899511
294534244
571783744
372203201
847161443
475152804
918603157
72771125
134704487
507285529
480435667
974935739
949194481
54867456
364895821
920457245
455468603
541587900
332923208
494291141
656179456
380016036
69322276
438048
952694003
39376304
850416773
551620800
20205025
564917824
821142253
948886416
508006521
846873941
1597696
331195392
576365897
930702368
4177487
214739716
502394525
452282888
60093504
170829128
441776471
987860336
553040977
243204025
957952327
424664691
114404416
419348484
56320386
913490639
101465329
152358389
18022203
432348849
9480375
919683973
1063348
677095021
964643941
375050326
51740207
413183300
430147600
732453307
103089132
20322064
