
513 3000 328174
205 71 6308
74 96 8498
399 141 830
119 271 6599
138 483 1069
496 128 6366
230 79 9635
291 281 4575
472 335 9438
127 496 2063
362 459 1682
44 344 2998
62 277 8348
307 181 3668
348 455 3187
389 194 7270
193 121 8039
10 437 2171
214 359 5930
387 439 9896
212 499 5440
376 135 8598
261 354 4062
451 98 9332
375 298 7769
363 379 7451
220 452 6950
275 470 9433
303 363 6733
486 200 2106
401 415 130
412 11 2430
254 450 4628
328 415 7825
238 275 9326
1 274 1327
87 251 9124
462 296 9364
266 451 2040
291 360 8141
390 140 9437
27 41 2357
37 511 6225
198 423 5332
418 499 1897
228 37 4243
28 421 1441
144 424 1300
418 219 6759
467 350 6011
115 210 5053
478 256 6492
58 423 8111
130 134 9929
161 106 201
183 177 441
219 457 9056
222 464 3901
226 28 5011
207 243 5767
118 200 2107
329 204 1549
83 495 1456
142 177 1139
397 466 3353
420 253 9781
486 120 6814
180 482 4827
283 489 4783
69 231 1425
361 483 3133
495 265 2544
497 331 3086
385 252 9037
294 367 6306
413 261 2162
30 465 1805
444 210 4785
101 471 4697
353 398 7077
462 192 9954
52 377 5032
505 167 1741
417 30 846
104 241 3478
303 507 374
418 358 8092
484 285 4180
450 375 9267
434 131 1798
477 406 1945
285 470 7939
489 240 1979
267 6 8700
172 394 2425
242 450 93
203 205 548
423 179 5166
432 355 5126
218 164 8204
500 163 5247
457 275 9694
422 462 2049
212 171 7704
175 505 9751
206 446 4675
71 110 5864
139 12 6797
465 218 9437
85 84 6179
99 259 1873
342 260 7049
233 308 8898
450 268 1283
389 179 3834
466 299 6470
429 203 6250
71 511 7612
268 216 971
443 405 8460
242 356 3473
292 375 1057
148 138 2674
1 109 7981
393 157 1082
267 74 2675
292 299 1627
471 293 9306
504 466 6039
74 496 80
183 493 7043
331 300 2455
257 230 1311
492 345 4043
513 62 2013
373 4 7323
107 164 6738
353 258 742
235 286 9728
363 380 9008
420 144 3700
235 460 7652
415 368 9892
272 71 8647
281 244 7884
375 336 7065
89 329 7622
123 274 8083
436 485 7499
270 485 7198
84 254 6221
101 129 4659
279 388 4847
323 182 823
186 338 672
380 399 9570
336 448 2208
229 243 315
513 144 6386
373 415 8932
98 456 454
391 406 8071
408 298 427
446 342 163
367 338 1481
216 198 3149
206 197 8471
195 366 42
136 267 1257
194 293 4765
200 184 5646
144 464 1672
226 174 9951
238 358 8700
318 23 5545
182 16 9525
153 457 2377
501 426 8654
393 402 8377
217 463 5197
343 393 519
500 443 7909
371 427 4930
153 16 223
457 494 8102
418 108 2384
180 250 6317
472 378 1825
344 214 7954
154 444 3380
249 319 294
297 384 3383
198 343 6332
34 334 9352
64 249 65
291 303 4324
140 185 2240
253 259 9428
424 382 1539
60 159 4098
238 441 1695
428 63 7450
371 403 6909
274 389 1755
462 299 5521
246 345 6499
239 334 8022
27 224 9802
16 293 1437
465 241 9128
27 456 4048
356 58 8756
218 89 8365
224 101 4256
215 436 3306
290 422 3832
509 52 6045
77 302 5414
335 307 7393
342 459 3119
466 436 276
253 376 3952
385 437 7604
472 241 1387
171 391 1586
18 275 8691
303 400 4954
158 394 2169
138 67 2180
311 303 7772
209 239 6835
233 238 9174
83 30 1130
423 184 982
343 444 23
27 102 5629
442 59 7832
162 409 1659
323 446 6371
327 299 8384
357 108 9279
281 137 4594
279 315 6579
54 91 2391
36 265 2343
140 204 8644
393 374 5155
368 356 1495
214 134 7930
391 329 4778
300 41 3085
408 349 5806
249 160 3224
46 55 1740
373 191 2984
437 169 276
265 219 6176
174 403 8082
265 512 7248
389 455 9081
43 2 6252
23 277 8793
72 76 5491
195 192 5315
387 28 7094
311 492 6575
173 146 8115
388 282 2351
366 280 2227
18 287 3088
381 258 5836
39 426 9643
512 471 298
389 73 5814
242 258 4409
381 20 449
487 397 1921
457 191 9094
288 75 9181
392 329 9788
428 68 172
416 388 8913
395 306 9409
124 456 1895
272 29 4619
489 217 1094
443 420 4522
140 512 6264
358 285 7803
484 116 6103
173 434 810
143 255 989
273 129 2561
69 234 9429
436 241 1460
350 285 2483
297 187 462
494 199 3202
313 257 9545
323 221 6136
117 377 6134
169 205 1537
499 398 3195
369 1 8108
196 122 6725
12 121 8273
174 213 6842
293 218 6270
327 369 3388
276 78 5754
450 236 9732
44 340 4027
21 428 9057
415 235 2289
243 246 7209
482 496 6748
114 364 4663
122 198 6151
457 79 1832
346 100 8636
184 128 9434
253 229 2533
422 509 2520
363 497 606
335 445 5150
480 92 4158
12 352 3767
2 49 547
355 440 2894
292 301 8403
200 151 6068
454 415 5991
10 491 1192
48 52 7749
460 206 2088
93 271 4669
234 425 8723
456 25 2102
341 243 6032
427 258 5998
49 18 8602
24 375 9722
291 148 8125
332 373 8604
86 158 6320
238 420 7316
208 262 7972
55 237 402
210 282 1723
153 297 4957
84 239 1262
236 332 6132
360 398 7967
350 249 6208
354 133 5645
340 191 4006
327 393 925
353 308 7538
103 193 7500
340 487 1645
351 238 7382
107 509 1624
280 304 7415
174 262 9129
171 230 9118
213 119 2205
492 4 2620
251 477 2587
185 116 1416
281 428 6644
317 434 6394
370 26 9363
252 512 1750
394 200 1201
93 314 2150
142 37 4963
382 175 2901
511 415 3729
263 378 7647
132 116 6345
163 137 6422
248 101 5645
64 209 9079
120 489 3639
93 383 6180
99 322 5070
161 349 4260
209 330 8263
193 439 6475
485 361 3442
275 330 5095
200 151 3179
22 405 980
310 210 9206
182 463 9967
56 390 5461
254 270 3624
22 461 7770
452 370 2080
424 499 4226
87 326 5583
226 483 6633
316 272 44
450 303 8617
486 208 6154
214 202 7396
287 311 9374
402 93 8232
314 394 7928
480 241 3536
422 499 8097
225 88 6627
4 487 1144
154 238 1318
493 1 9319
268 386 3390
392 121 1937
281 349 5032
507 207 5191
271 424 6037
147 409 9911
171 435 2784
492 305 8635
199 139 8871
332 94 9463
129 290 2815
21 168 771
178 89 3807
356 384 1533
382 244 5308
117 461 6008
35 194 9538
489 12 6639
271 354 1348
392 138 3926
206 249 5837
164 180 4053
375 319 8256
135 131 4264
501 277 3704
457 329 4547
213 219 5909
68 388 1554
303 277 2370
305 499 9279
19 409 5249
456 56 714
119 152 4823
199 297 2238
433 508 1631
387 333 4478
259 168 343
300 243 6705
359 277 7475
72 344 8093
267 399 2111
42 79 2089
485 185 8963
400 505 2664
20 110 8763
129 423 7500
425 403 8784
449 467 5765
78 445 3799
330 229 5850
398 394 9005
258 489 5719
256 116 4830
436 503 8126
368 195 3180
283 89 2347
361 315 8234
360 401 5985
242 299 1634
237 237 3813
451 111 3343
279 275 5706
175 404 5416
392 406 6613
197 207 7925
258 38 1535
237 235 9901
151 198 7754
361 258 2780
423 422 9138
230 228 5989
171 112 2726
481 257 3798
289 107 6973
247 131 9218
167 221 8338
388 129 6662
104 363 8838
216 344 9611
342 60 7520
273 351 8721
137 208 1039
171 472 5581
129 42 251
513 196 1113
184 409 7809
234 264 1016
441 494 5506
335 395 9585
41 349 123
354 396 5161
475 252 4603
191 211 6551
153 2 4843
423 370 2025
220 141 1710
392 433 8491
255 78 9223
207 410 603
501 303 4995
196 194 5102
241 209 9038
324 503 5431
172 265 6328
435 125 7964
280 219 1852
361 426 6487
347 284 6519
143 91 1366
110 511 5107
274 490 5051
175 106 1412
468 133 4393
497 281 9088
486 164 345
339 387 874
426 175 8697
358 212 9105
156 464 6341
103 134 758
433 446 5426
369 488 8419
85 102 1305
368 340 5580
255 222 2306
488 107 6394
129 499 8990
327 202 7729
322 130 9810
504 430 1527
444 341 5404
361 417 3301
398 220 2697
480 196 2301
502 244 7853
199 168 1162
259 144 5222
330 305 9521
333 135 5002
346 259 7042
223 98 7336
109 344 8637
381 363 7091
184 481 7374
384 185 9816
389 279 4240
233 318 4438
268 150 9685
201 306 1195
115 20 577
114 277 9466
143 147 616
181 442 3095
356 237 5190
469 322 7924
114 161 972
309 435 6435
175 474 584
451 508 8413
157 387 3902
200 437 1644
447 412 5074
395 436 825
206 510 2356
513 393 2582
122 316 6943
513 162 5471
438 283 495
70 165 5895
496 384 2413
491 467 159
422 387 5083
461 347 8377
246 264 9570
319 370 7791
393 222 4457
230 501 2034
361 28 9918
304 503 3811
445 198 3459
331 400 9206
177 65 3972
476 34 7278
458 127 3844
382 481 406
252 116 1045
495 497 8169
101 335 4729
280 400 7425
109 58 5052
457 255 4130
315 148 7260
97 476 5059
481 78 5995
337 230 5709
324 30 897
462 207 6811
220 150 5144
292 361 4278
397 215 6203
298 140 8369
451 123 7197
373 252 9696
47 54 2611
512 102 8123
325 144 4047
387 375 172
146 416 3432
457 392 7197
90 122 8270
342 307 7331
226 456 7914
444 428 5864
27 402 7509
304 472 5526
433 48 5188
352 439 2377
369 371 8402
459 434 123
457 212 6433
458 87 1398
119 106 4581
346 381 3376
453 399 5809
7 79 8639
464 295 6413
246 315 9606
352 192 6132
248 462 9514
420 48 3025
194 25 3213
447 466 1221
382 498 473
290 280 4382
281 130 9726
75 181 6299
197 421 6474
492 178 5532
513 153 8764
448 473 2028
378 399 2402
482 184 8211
288 504 7987
22 316 1596
293 384 8019
464 424 9019
105 20 6014
490 300 1876
359 362 5365
248 182 8375
167 125 7109
389 370 8507
433 205 7221
414 312 5838
485 202 8862
121 61 6098
438 445 7250
411 160 7004
190 195 1568
195 239 7522
329 211 1024
354 309 7487
184 407 3710
52 269 7092
354 360 6888
7 465 2605
290 7 8171
359 111 7340
270 149 1972
361 287 6510
272 175 172
510 143 5737
176 408 2064
433 155 6538
461 471 6039
100 471 8115
213 169 3779
365 404 7888
25 187 3627
258 30 2533
464 51 9282
298 184 6712
306 148 4749
211 112 4
306 469 3018
172 511 3501
473 324 7155
346 503 7345
373 233 8706
351 482 7203
129 246 1627
26 315 1825
239 420 3031
79 231 1493
79 117 5359
311 230 5610
339 355 8608
193 395 7889
171 315 7155
404 162 5163
156 108 5102
345 153 4598
475 95 47
450 333 6116
448 483 8566
348 436 183
121 272 4204
413 442 3048
121 470 5470
427 139 3369
112 112 4920
505 380 2062
319 272 5939
123 223 5259
508 273 2930
453 375 6299
438 424 598
128 498 1948
35 91 6351
336 206 8587
149 488 2837
323 439 8252
236 245 8436
354 361 1700
225 124 9386
257 400 9549
486 102 9869
422 294 350
223 431 6327
29 307 2653
398 196 6959
212 341 2581
202 129 1168
254 294 2905
316 426 9408
509 187 4456
285 396 3737
316 508 7260
105 282 9121
177 297 6529
336 259 7415
29 304 8321
447 416 5762
441 455 6090
248 507 7706
482 440 9673
368 358 2582
501 385 7689
408 309 3065
180 374 6498
488 504 4303
186 124 5347
477 132 6130
206 59 5063
100 252 1689
418 204 1162
487 251 7720
284 342 8376
368 289 8197
37 29 6154
218 262 326
86 429 4189
370 11 2261
135 421 2252
338 394 7532
225 198 1938
282 258 6865
301 373 1426
22 362 5322
415 436 3314
259 402 86
311 138 4967
445 238 3513
145 310 8719
316 190 5854
123 508 9896
19 311 5205
271 159 5274
368 320 2693
200 250 5630
510 405 64
279 195 9167
387 396 3723
426 477 1579
225 172 9918
225 430 1080
84 375 2327
438 57 4136
510 480 6109
256 407 9843
358 398 5724
93 421 9279
111 232 8266
155 444 3917
100 125 7016
152 13 627
311 45 595
175 234 4310
179 122 3513
186 512 7473
263 90 2989
412 366 3972
139 347 5066
186 204 5209
346 462 6886
370 479 7815
292 488 3189
389 468 1918
373 192 5849
470 87 1493
375 70 8879
436 260 748
335 469 9019
80 58 1216
268 253 6273
437 275 2184
277 146 3872
353 176 6563
355 439 9642
261 400 8691
468 146 8731
392 173 9761
253 49 2354
360 170 651
199 217 4790
266 402 430
318 508 6183
345 296 2072
300 308 2706
137 288 5185
503 151 410
104 511 9861
168 193 793
476 153 1329
12 154 7281
201 345 7026
474 380 9096
209 94 6749
411 253 5263
71 142 6263
203 206 7856
271 402 9679
47 323 437
161 76 7003
502 30 8360
115 483 1052
275 272 2385
284 418 3435
296 505 533
243 96 8341
311 360 2157
110 102 4253
233 332 3055
320 229 3605
449 415 9956
302 53 3626
349 135 4599
318 490 2963
489 467 9893
462 330 2322
26 90 5329
428 513 323
418 130 2515
432 184 4617
513 361 9672
386 113 4994
49 191 3653
450 327 1130
20 409 7173
469 493 586
167 98 313
284 166 820
469 198 521
303 438 157
185 210 2197
475 513 2950
252 297 1299
326 87 5069
348 307 7668
446 416 347
371 433 1003
412 165 3549
258 497 30
308 26 1159
348 134 1214
367 311 9256
458 448 1379
196 112 5486
339 445 6594
199 345 9694
486 235 7411
379 130 1071
355 100 7713
154 363 4946
305 293 5756
360 371 436
442 478 7699
133 15 2173
262 354 8075
58 401 1806
362 130 2940
388 139 713
422 178 1928
437 198 1497
12 336 523
179 426 7443
512 145 21
316 111 5298
133 382 3745
390 38 9422
67 456 1158
306 55 815
119 408 2812
352 239 7183
348 431 4885
16 267 5232
502 147 7735
485 467 8415
337 104 9400
137 24 2609
261 357 870
309 76 843
457 300 4143
341 124 2083
370 281 1302
415 456 8193
431 206 5668
25 368 1347
114 156 6039
163 175 77
356 184 8255
504 120 5012
73 337 1556
397 332 5113
302 354 200
136 219 9961
444 324 617
457 219 8141
448 412 1648
264 245 66
23 40 6021
82 301 6240
216 161 5118
232 190 7569
426 187 3794
41 429 1525
183 292 7612
397 347 4033
149 149 6209
27 320 420
485 56 5840
307 479 9952
399 463 8561
180 134 1200
52 119 3917
502 451 4473
28 173 2056
361 220 626
278 133 3387
370 44 8633
389 347 2766
232 294 2456
113 488 8314
285 159 7265
367 236 3490
60 220 2142
87 212 2840
23 139 3127
162 314 7098
155 85 7181
114 99 3012
380 137 9060
198 461 5188
318 427 4206
46 140 5660
211 18 9745
513 244 3130
166 432 9058
297 274 8147
279 452 7455
487 411 4654
416 374 1444
282 268 8137
408 487 5217
187 206 6564
359 472 1302
500 365 3050
142 114 2013
103 76 8550
375 232 905
277 415 7920
364 478 834
79 355 7206
148 148 3572
51 259 2229
84 137 4143
352 468 7393
510 288 9312
132 421 1422
500 465 4213
260 401 6686
202 244 406
101 289 4648
256 262 5423
219 355 2472
420 339 6143
511 359 9
172 160 1509
200 505 390
352 408 8308
368 150 9938
373 160 6288
260 315 2953
304 415 4026
158 353 9592
192 167 7867
347 311 8702
395 449 2156
307 232 9225
86 436 5758
209 35 4126
86 455 2796
157 375 8792
149 465 2442
193 389 1395
152 375 8731
275 243 3956
350 296 908
327 417 7817
13 7 3138
439 366 4559
119 341 7737
222 194 5848
262 134 9917
75 177 3247
209 213 3777
241 167 522
497 398 9236
87 2 5205
274 170 5376
475 37 7072
63 50 7815
185 437 518
494 458 9936
241 368 1913
327 339 5235
480 115 695
106 380 9649
277 455 1988
445 449 9763
396 129 8999
228 86 8959
357 459 8221
316 160 4211
171 507 5406
191 192 5725
322 498 3743
308 216 7798
479 159 8615
480 204 8407
363 458 6117
325 291 7978
494 351 6147
421 419 5789
303 32 8739
107 230 6396
461 446 9035
310 500 7227
47 287 8311
175 314 5132
426 181 1641
30 159 1873
72 337 9277
387 328 9089
115 241 8312
297 366 3405
508 429 4721
103 488 1387
259 474 7519
175 145 3561
262 300 4782
66 373 9783
30 485 3825
208 384 2424
263 217 2345
485 118 7610
105 310 8539
112 251 5350
271 15 3258
336 440 2432
194 262 2747
399 278 2078
237 502 2620
183 324 9085
513 490 7562
221 163 8044
216 289 7504
179 141 1124
37 123 1565
481 508 9614
141 92 7400
14 342 1060
279 338 7774
410 309 2163
415 485 8643
454 290 1255
247 277 4898
227 103 33
399 484 4574
502 417 519
297 143 1604
381 117 9534
350 217 8658
391 351 1573
239 358 5033
501 181 9240
370 230 6184
52 218 3370
495 469 1446
456 378 9076
214 424 9438
494 356 9874
489 220 3824
397 316 75
512 235 8033
175 474 157
432 270 4531
326 419 1203
481 342 8279
261 487 8363
302 193 6804
257 272 8405
330 296 9194
448 382 1527
445 451 4896
119 322 8
371 230 1105
433 415 8223
209 296 6675
154 203 4470
236 178 581
496 152 6340
321 465 8754
222 134 2348
344 244 6358
306 337 5447
132 112 9132
356 373 9273
437 414 731
411 172 1089
22 178 9916
51 98 117
336 470 9318
282 456 580
435 280 3965
372 443 3285
300 246 3965
361 11 921
378 28 2857
131 480 1489
51 245 2766
392 442 1284
493 408 2333
265 157 5313
204 400 9380
242 513 6065
242 382 2206
210 94 2802
487 144 621
299 315 4503
377 433 2944
272 210 8756
431 88 3096
125 440 6441
274 131 7902
274 442 1974
378 128 2618
263 296 9856
266 236 4802
114 392 1566
361 75 3531
153 210 6138
277 419 8040
332 138 411
412 294 8157
439 53 4445
463 164 6197
503 96 856
238 394 9785
410 453 8955
329 203 2644
319 195 4025
142 482 5113
236 205 4519
186 487 8447
329 134 9229
241 258 6135
362 394 2145
322 335 4050
24 474 7658
508 322 8777
508 125 6308
478 238 5114
468 345 3698
127 182 4513
280 114 2648
58 406 5507
287 135 8
400 145 3885
409 343 2484
287 481 8697
196 325 901
38 77 2079
429 391 6253
261 1 8200
374 245 7580
58 421 6913
361 344 2562
315 202 6673
497 443 8097
157 432 6829
411 422 9575
444 175 4674
435 499 18
225 318 244
305 48 1319
105 498 8306
79 173 5986
320 296 3664
434 102 1162
127 479 5659
299 297 6187
395 368 7184
325 180 977
159 358 10000
137 193 2432
317 158 3123
228 3 3241
468 134 9252
476 371 2397
264 49 5716
103 301 1252
17 231 3442
236 20 62
239 74 7490
271 507 1522
325 249 6824
12 435 94
510 133 3211
418 404 3887
214 269 8921
160 41 2372
385 314 6598
480 203 810
248 485 8703
472 134 1560
66 362 1927
1 202 7202
370 304 7727
43 398 6888
356 259 4475
115 392 4372
374 161 46
1 151 2826
205 244 9640
267 217 6063
322 240 8534
179 31 2430
380 201 6151
481 394 7976
481 350 5796
415 158 5469
430 195 5050
244 414 4928
392 227 7111
481 488 9498
370 136 3562
213 341 8789
258 154 7287
488 364 9299
389 469 7642
354 225 282
437 148 7910
341 185 3339
224 152 1499
237 513 8161
198 130 2485
403 369 9761
135 38 6644
433 323 5615
238 422 1787
316 116 5191
407 69 9326
140 103 6471
488 350 6221
397 166 2499
278 78 577
492 475 1859
471 315 2522
153 161 8176
468 4 4462
271 192 8052
185 244 645
344 207 6272
295 384 8823
385 249 7993
367 492 2019
137 468 3619
140 208 4874
445 236 9517
385 212 1721
375 272 5158
158 201 7735
190 112 9295
481 259 2021
271 357 515
229 470 9639
11 345 3577
460 288 8285
340 409 6482
290 431 5480
278 178 9188
457 415 6372
275 431 23
474 414 3636
405 345 5074
217 140 5500
304 255 341
506 204 5684
408 307 5300
202 503 6268
119 57 2343
290 426 9361
223 344 6970
275 238 7942
362 110 3299
268 243 475
123 158 8965
397 476 7232
212 267 6359
295 233 6257
438 337 9290
130 188 6587
85 351 7501
221 433 5446
303 121 5545
166 180 7152
135 449 5629
413 472 5370
464 408 3763
305 194 6776
298 513 3367
162 314 3084
293 78 2808
418 143 3942
203 336 9631
263 96 7350
13 191 9049
166 1 2193
338 207 9453
177 344 8353
127 58 8952
66 470 9688
120 336 2502
54 305 3693
83 408 9442
64 133 1008
330 39 2411
120 369 8643
238 177 9473
263 247 6948
489 502 6695
446 233 4529
490 303 8386
390 247 5658
30 434 8833
108 447 2309
185 488 1594
26 81 6230
501 384 6282
121 245 1989
159 169 9915
440 302 3117
81 262 7074
251 366 2145
367 343 9773
389 293 1232
453 351 2575
363 160 5665
48 105 6964
13 133 706
180 70 5569
312 103 1125
339 342 1451
187 511 7297
381 324 7132
112 242 8602
315 385 9087
149 489 5053
309 134 5603
110 44 7263
460 25 5107
81 8 1506
251 117 479
200 79 7292
266 432 6703
40 390 7073
182 390 549
347 252 9105
270 351 8232
489 18 2049
117 465 3478
129 491 9608
188 97 6931
278 503 9269
156 415 4960
360 451 5203
196 110 149
460 110 2511
428 153 6134
422 243 4846
178 312 8560
500 85 8924
123 240 6231
157 87 6430
455 463 8193
461 60 4994
504 44 1304
381 286 3171
286 397 4136
486 480 5595
242 314 1423
399 319 9408
264 17 2447
373 234 9819
425 260 5058
132 374 1284
155 235 4451
331 120 2830
239 506 857
178 443 929
241 415 3250
375 415 7406
256 481 8919
481 491 4882
53 451 4725
339 445 6305
293 163 7300
268 471 591
193 314 7420
210 55 2963
214 198 7440
454 32 7483
439 386 628
85 321 9816
409 72 9973
273 418 2046
435 318 1420
327 170 5689
368 511 128
324 334 6685
376 315 8169
453 476 7307
329 269 1133
116 234 4571
346 331 3313
387 272 5994
114 117 1130
1 164 2573
318 277 1660
368 123 9650
62 370 3344
429 454 1912
476 153 9453
431 140 8706
240 178 6223
379 230 6396
176 212 9708
379 295 3502
354 389 9827
371 300 7462
451 349 8057
438 442 2797
116 451 9376
43 401 740
112 169 9348
366 330 7548
429 226 6215
139 296 775
243 184 6443
194 461 1467
36 239 2964
193 501 5948
462 359 5805
207 29 5413
221 109 727
510 11 4878
501 230 494
154 342 4628
275 469 6990
320 122 8530
331 30 6317
1 343 8089
327 269 1958
444 12 1698
512 351 5909
43 44 4672
260 364 9626
225 116 2642
275 116 3883
58 248 5764
437 501 5846
513 40 5027
116 329 2416
459 51 9052
216 274 7815
122 334 6907
399 264 5258
170 223 5212
231 395 6282
114 325 8767
296 450 7902
451 139 7238
197 436 9471
346 256 9352
251 254 2051
281 449 7862
290 417 1307
457 463 8883
482 298 6043
192 223 6248
270 339 2842
458 27 6916
43 513 9567
107 246 9540
228 24 8400
377 90 4794
348 354 1604
282 492 7034
319 497 8295
172 113 9078
498 451 7505
208 400 4334
257 497 1871
199 483 6057
78 31 9388
364 284 9692
103 115 3910
187 231 4100
507 404 5681
13 466 7469
242 116 6192
495 338 8186
98 315 2659
162 325 9052
245 410 2221
437 139 7206
312 432 5236
282 368 4655
440 130 6390
283 304 1194
146 184 8217
82 317 1784
399 444 4388
50 37 388
422 53 9628
56 172 9944
444 354 747
66 202 5006
30 241 3552
507 151 2848
373 168 2053
450 49 9062
425 357 1735
368 36 6174
370 219 5709
259 212 1437
83 194 2548
128 438 4588
77 336 4601
326 149 7638
243 168 2504
424 127 8158
368 415 688
286 263 4362
376 158 5190
483 492 3676
242 299 9781
234 462 6395
294 258 9171
464 471 2715
139 245 23
401 143 8958
194 389 97
240 32 3088
177 353 8569
15 12 7182
253 501 9102
334 192 998
392 454 9393
36 361 3645
82 431 1934
328 190 6421
309 176 4097
260 230 4982
166 468 7930
310 321 7625
249 293 8507
140 301 4363
148 142 818
298 431 2881
410 493 3416
377 235 936
125 353 6235
309 180 6804
450 146 2989
154 400 8291
245 9 366
289 338 8046
482 113 7362
335 197 2225
416 491 3783
137 104 4424
137 496 1219
179 121 604
362 165 5002
144 382 1275
210 162 3256
411 198 3134
200 245 6857
76 412 5847
234 160 211
183 139 9435
478 440 8315
12 118 1135
462 436 145
154 298 1664
51 481 1861
80 271 8319
320 404 6823
7 132 1072
488 214 6472
220 180 2786
253 113 1177
321 103 9021
428 319 9292
321 428 1871
302 371 1225
46 103 5395
138 437 8842
375 495 4699
67 414 8851
37 466 738
275 258 8084
264 327 2829
388 315 5930
395 136 732
366 448 7814
484 229 9362
25 180 7838
14 248 7863
437 431 1592
106 453 6981
229 341 6568
290 325 5582
260 170 4945
255 97 5197
43 171 3566
299 105 2373
461 322 6688
182 446 6651
144 54 91
243 417 7898
143 241 7703
8 108 3985
500 222 6812
501 474 1874
200 336 6932
483 132 4746
92 233 698
59 364 2751
202 134 1184
243 268 3381
117 41 8393
423 60 9038
333 274 7492
216 387 9047
298 33 5236
406 438 4818
245 12 4679
104 183 6042
153 368 534
2 183 9019
198 72 6470
416 336 4572
101 279 3752
282 140 985
327 309 946
474 393 2798
160 389 4599
448 116 2213
376 100 1864
282 382 6672
480 132 102
128 136 8124
340 454 6529
367 114 4820
410 508 7711
494 185 5631
155 119 4214
75 134 8332
381 185 5128
449 76 8325
113 369 6839
479 179 478
373 206 4779
509 354 1326
274 417 3597
34 416 7258
333 455 2447
144 361 2714
507 385 6125
455 255 3406
242 221 1695
62 267 7836
489 162 9263
380 384 8697
393 143 2680
274 384 7869
101 490 8262
434 500 9411
74 495 8432
263 207 102
374 358 3045
130 136 4321
195 368 7389
365 319 1663
325 508 2427
284 346 577
160 365 1593
353 301 3365
175 315 7933
313 296 9418
16 450 819
260 243 761
328 420 1601
28 343 1847
122 295 9971
170 419 1649
129 171 7956
305 249 7915
18 369 4073
135 323 3780
281 423 5433
466 486 1972
421 499 3608
247 267 6292
239 403 256
65 470 5569
383 368 884
430 244 879
109 297 2055
135 296 4129
26 445 7718
50 276 4176
287 352 1141
178 380 6269
425 296 4754
237 36 5993
111 443 4198
455 237 5053
385 354 5868
272 9 2651
3 135 3997
87 477 2938
153 323 1467
241 92 4511
156 315 9324
321 225 3035
511 152 9226
432 331 8715
359 495 6057
28 308 4707
376 220 9029
373 486 6245
205 264 9747
233 460 8207
485 157 4913
147 411 5269
241 261 9879
171 35 7049
174 203 9476
390 194 4795
31 220 1101
302 375 3370
205 242 8395
86 487 2124
117 377 5336
336 81 4404
500 180 5869
115 371 4807
266 26 2391
186 5 8538
18 297 5476
393 484 670
97 386 3158
235 399 5920
202 260 4197
258 390 5471
381 289 8680
215 292 7093
297 80 4110
143 215 2629
279 419 735
385 433 1682
101 457 2113
477 448 7213
509 278 15
439 11 6568
485 494 7998
91 160 7574
343 205 1559
376 509 7448
103 253 1678
179 315 9007
145 485 9108
421 409 3185
232 400 4790
488 441 7487
118 293 258
209 438 1316
172 101 4879
147 190 4102
323 357 7471
222 350 3374
513 352 8858
397 110 1646
400 157 4077
292 491 528
250 148 4050
238 313 4378
157 464 5682
490 429 8259
339 488 918
223 283 2006
281 366 2866
150 414 9310
349 397 9843
303 227 8081
324 230 3615
269 506 767
262 412 4191
348 429 9617
167 325 690
450 488 3021
441 470 1739
410 476 6077
374 141 4458
270 280 4707
381 155 6320
238 455 1127
498 373 3748
51 149 3000
452 416 1732
140 53 4433
19 270 7830
76 378 6047
271 284 1170
452 329 8417
330 71 7835
82 139 1393
194 254 6275
81 289 1389
213 441 1285
120 40 3132
42 373 7395
142 202 5707
185 288 2182
75 418 225
300 496 67
216 174 7960
133 374 2252
448 115 3010
192 438 6085
108 94 1525
483 204 3702
334 388 8149
373 307 8879
133 323 4711
374 242 315
106 89 2597
191 385 2012
164 281 4554
290 39 2007
4 92 9693
282 425 4059
258 293 3472
155 267 9402
157 344 7155
445 394 1458
502 144 352
308 430 5347
265 493 7681
462 498 3511
114 132 4329
390 405 9423
56 501 684
139 291 211
427 457 610
209 293 4607
5 107 6967
427 58 8446
423 116 5506
227 466 6282
220 509 414
5 453 5330
249 119 5639
298 481 3529
300 147 3424
158 205 4422
234 343 1692
310 319 5727
251 403 7197
469 16 8852
513 293 5385
163 495 4330
504 273 9424
330 277 6766
4 288 2930
356 413 7724
139 239 7472
305 218 5045
239 476 3293
168 311 9295
192 476 7438
474 205 9826
47 258 7912
382 265 1668
122 364 2887
175 398 8669
181 441 353
258 510 7855
418 154 8584
203 270 4290
205 148 5285
489 397 8178
107 263 8032
128 267 3120
368 372 9207
497 336 22
1 328 3443
209 115 3604
456 74 7187
6 101 1018
295 35 2697
104 220 3843
185 233 265
200 159 2485
33 273 4427
106 168 375
287 434 8399
139 10 1409
421 261 8187
433 96 6983
495 384 5180
469 376 2171
290 247 9034
18 472 2805
405 461 6987
17 209 7907
201 296 3646
308 494 6360
226 56 2288
224 278 471
236 356 9636
413 440 555
373 423 7506
485 18 5294
385 301 2188
180 84 7915
390 482 9517
87 164 2654
314 382 1749
343 366 2732
250 418 8610
82 134 4446
212 202 8001
122 377 4156
35 369 7140
113 150 611
513 475 7196
150 235 3444
235 479 4029
166 378 1275
1 227 9356
456 372 7000
110 457 2877
363 271 4500
182 227 749
80 90 1675
274 477 8975
192 292 4159
350 216 1746
199 409 8091
481 429 9898
415 173 6449
497 176 8997
130 210 10000
458 279 9160
451 232 7125
223 294 3136
406 309 5082
194 165 2993
248 285 1437
409 1 5497
335 383 4061
230 402 4329
491 71 5478
215 193 9731
10 407 9782
233 297 966
415 421 4439
208 329 2970
297 210 1009
428 385 6240
333 337 5172
281 392 7621
384 10 3604
78 108 9185
451 325 168
123 316 5455
325 171 1174
369 388 3595
240 226 8327
238 503 9372
36 480 430
381 324 4474
307 266 3182
283 48 1804
264 232 6022
140 162 464
13 124 5057
300 229 66
196 476 2809
226 467 180
281 390 1078
313 466 4070
216 450 1428
105 177 7707
358 204 4342
65 237 2843
194 50 9974
430 262 2638
394 171 8544
356 482 3267
325 85 986
132 343 3247
89 443 8145
360 387 3918
443 260 5798
506 312 2087
500 125 4242
141 37 7099
147 395 1060
346 350 4506
261 477 4475
125 500 9038
297 499 7357
303 385 8851
299 150 1312
433 311 9040
188 421 1301
371 234 9465
232 154 7702
278 234 7849
442 188 4314
306 289 6648
481 312 8311
360 79 6504
205 77 9918
214 497 5144
143 196 8670
181 468 6864
414 136 8742
239 462 9267
249 121 9259
275 145 6406
197 512 3709
244 155 3907
152 183 4568
125 309 8452
141 124 6113
278 361 7982
214 5 8321
232 83 145
68 483 8199
416 58 148
289 284 1605
14 303 234
424 63 6863
159 455 1816
345 476 1838
377 154 4966
338 281 9999
262 311 2026
242 354 4739
443 366 95
483 253 3416
223 407 9855
346 213 4980
408 106 296
502 260 5941
161 140 5521
322 443 6076
486 1 4381
466 148 8247
70 354 9974
166 181 6278
406 270 3042
347 239 2574
120 263 8494
76 41 1047
45 162 8136
166 12 421
88 417 9096
382 206 3537
473 36 7885
420 403 1031
220 360 7502
488 163 1661
495 250 5414
268 436 5316
310 231 5402
15 484 9159
297 366 1242
348 336 4578
194 397 3873
215 505 6074
326 370 5495
424 446 2628
400 506 6522
167 383 6635
75 283 4827
302 406 1331
364 202 1610
91 351 8076
211 126 8526
282 32 3750
247 275 6919
355 315 9994
253 207 4470
309 209 984
333 193 6467
170 453 716
421 460 6218
327 387 7836
285 135 2136
488 388 2756
273 272 5555
199 91 5810
85 343 8043
301 467 6325
94 379 2739
468 407 6747
383 297 1411
121 418 7039
434 218 5206
133 260 1139
423 161 3751
361 274 3515
452 124 2177
177 106 7394
374 102 5632
441 233 6252
149 164 138
143 83 3007
420 262 5120
209 127 9592
50 341 9801
167 199 7601
177 265 4970
113 279 1695
243 480 4284
362 440 5721
115 317 3483
190 130 8625
317 96 7130
170 29 1950
56 207 7518
113 337 1482
26 19 9733
246 252 1206
308 209 1471
306 338 92
224 17 268
259 286 3990
459 312 7459
237 161 7961
226 113 1640
69 164 1040
474 369 4697
318 154 5591
307 266 7646
278 322 2836
369 195 8502
507 253 4839
495 155 3013
133 434 3863
299 513 9360
153 192 2451
98 475 6318
258 408 9122
323 393 9828
433 351 6691
401 390 8504
79 455 7908
195 490 9847
479 393 9108
466 226 7460
359 206 3953
393 511 2681
191 276 5582
388 186 9370
468 60 8031
374 360 94
55 92 8784
512 57 4117
170 357 2399
191 173 851
108 299 3755
166 14 2220
457 504 9029
377 370 6253
325 239 3606
215 183 1058
325 159 9116
82 452 9178
460 431 2348
438 451 2611
232 398 9648
489 31 4782
298 49 2220
65 176 3666
218 64 3279
298 148 3109
341 158 5321
214 131 3116
246 210 7259
41 234 3280
72 230 5049
332 126 4706
212 349 4895
284 358 4853
425 467 3363
478 391 8171
67 36 8100
480 303 2320
410 430 1441
454 425 9147
375 452 6092
420 454 5336
73 393 5222
301 440 3532
272 279 557
48 440 4346
58 302 1546
145 59 8
412 203 7272
464 224 4037
67 226 4162
434 174 3353
331 32 8549
317 329 2540
229 176 9015
389 282 7066
219 211 8646
337 463 242
354 133 2188
341 32 946
300 377 2030
401 130 3438
242 334 7302
68 141 7558
207 232 76
200 307 8307
303 247 2697
279 367 682
16 310 966
415 426 3846
280 297 4460
55 155 9897
290 7 9595
403 293 8195
222 471 5116
118 274 2896
402 191 3957
238 140 6865
312 192 9218
341 226 5271
256 288 1991
1 398 9032
378 53 5736
467 427 1747
495 40 8512
298 197 4273
42 127 3617
496 361 1222
107 78 8344
245 379 2096
183 500 8805
399 297 929
360 481 6681
362 259 2185
159 247 7948
425 165 6872
106 232 3856
240 53 2134
31 285 6647
328 69 8784
32 3 822
512 203 4155
392 228 3027
220 505 540
484 408 4805
231 376 130
238 419 3467
28 398 3460
175 118 8725
157 276 6528
498 61 1694
393 13 7127
482 391 5675
480 279 9167
347 112 7238
117 271 9400
294 309 3
402 121 783
363 377 9057
200 180 9809
17 422 9039
279 378 2653
66 420 7875
101 302 6964
406 452 630
27 363 5462
71 405 9195
427 93 5619
428 455 1848
82 276 272
122 367 1357
223 243 1305
57 437 1894
423 343 1737
512 68 5897
466 472 653
225 46 2781
157 468 7097
315 374 3666
483 382 5722
202 489 5233
408 168 3274
342 146 5343
109 169 7753
154 492 6846
12 512 5221
497 215 46
313 325 4081
47 192 3301
170 277 4832
271 109 7986
434 319 1817
476 469 7270
322 437 267
3 344 2293
137 37 6508
99 344 5142
147 126 4481
410 336 9014
357 300 8814
185 208 4248
116 397 2340
359 434 6959
402 215 1421
486 333 8282
447 245 8032
357 383 2092
419 243 7403
450 312 615
476 440 1942
62 136 6315
346 231 1831
385 373 7135
387 107 4181
418 456 9190
471 16 1760
462 505 6466
96 507 6431
367 216 5741
74 69 6562
262 38 337
323 128 9987
208 420 9141
380 350 8102
421 246 2056
48 490 4651
240 411 9589
114 403 2853
357 203 7015
212 282 2260
360 372 4548
148 477 5303
303 63 5166
482 324 9671
318 212 397
329 466 671
131 284 282
330 474 8162
143 159 6422
376 228 8242
184 461 1864
103 415 2236
240 317 2908
130 99 2645
415 71 4773
126 120 5006
470 332 4754
291 244 4336
37 274 1863
168 200 4306
141 258 2656
264 187 1410
422 416 3440
335 510 6276
417 177 6924
187 412 5931
307 288 4386
462 252 168
396 439 7275
394 450 2397
109 119 1900
130 187 5968
134 455 4922
341 24 5557
6 488 506
394 206 4425
205 265 6316
332 108 1578
36 163 7631
171 154 678
193 317 7537
155 187 1990
464 251 8428
411 365 8756
255 384 2183
100 144 6682
293 244 7066
416 112 1028
280 471 1624
297 511 6120
179 507 2808
335 4 5228
513 496 3289
325 185 3810
130 113 7989
256 310 1245
38 366 6557
381 72 3332
218 35 4017
183 155 2541
236 270 7569
181 34 5620
5 368 3438
80 262 127
73 199 4378
57 358 6499
112 291 7840
328 178 570
202 467 2928
147 405 8602
238 232 7536
470 58 47
275 314 3302
411 14 2405
244 163 3703
323 97 5336
341 278 6078
13 142 9093
185 282 9900
230 271 5506
463 245 6765
76 132 1150
304 263 5323
198 126 6484
287 408 8932
302 78 1711
392 281 262
411 155 2077
413 307 3486
353 6 4326
369 279 3804
388 508 9243
67 101 9575
117 454 7139
352 282 1667
200 146 4058
409 313 3928
106 289 3825
469 377 7224
143 14 6085
353 497 6206
491 65 2378
490 438 5461
457 189 9939
323 451 248
303 429 4456
490 293 4761
196 392 8304
244 270 7866
221 482 1002
326 419 755
282 151 6662
324 190 5793
368 52 5199
500 257 5079
362 436 598
7 178 1341
495 406 1576
71 243 1755
236 245 7898
266 382 3081
190 332 8242
462 162 9121
171 506 2049
218 384 3809
172 95 3503
227 305 6950
483 390 7528
362 69 1816
228 211 715
11 278 4359
275 102 9915
21 407 5661
465 339 134
217 138 1945
368 207 9050
153 160 933
306 112 8665
64 445 1479
495 320 2828
286 364 8624
124 470 987
201 366 8762
186 254 8081
125 422 157
375 224 6751
107 184 8133
267 405 5167
440 353 5844
335 506 8222
91 133 3560
274 268 8724
500 176 6520
297 64 6121
25 383 5619
505 376 84
385 13 5713
138 1 1842
198 256 6226
203 185 9631
403 508 3876
320 248 9708
462 86 1276
61 312 5050
295 244 3990
166 154 9162
284 473 1126
206 447 5106
29 423 5339
3 72 298
303 106 5741
193 6 2095
194 276 5786
87 473 9198
279 240 1607
391 408 9927
62 293 5526
109 451 7504
316 480 2205
504 37 8333
367 188 6289
454 220 6094
83 317 9010
146 347 681
23 120 545
306 114 7552
325 83 3390
373 168 8703
337 386 8523
148 154 1565
387 242 9834
336 493 759
208 496 1809
327 303 3893
412 214 4641
269 295 1294
145 507 5717
389 185 7304
153 42 6818
359 343 1513
267 137 1284
225 383 9302
94 278 9684
327 69 9272
390 459 7319
190 374 503
431 280 2667
204 159 2786
199 373 314
186 304 6090
340 265 308
324 129 8781
492 471 1326
180 266 1395
222 114 2060
415 291 4153
423 402 2508
79 269 1771
2 439 8318
479 354 1431
478 268 7436
456 486 9121
380 138 1123
265 289 9228
352 141 3907
499 482 7194
478 333 5493
283 452 7830
108 277 3313
190 492 4298
75 381 8777
219 411 9087
452 199 2695
36 249 288
130 198 1718
246 323 4206
310 317 4855
379 329 9422
134 472 2753
513 438 6995
222 427 5981
211 303 9355
168 312 2250
410 284 1205
209 168 6228
262 182 4508
112 220 5449
462 470 5158
159 265 5125
190 184 3809
440 356 3812
468 9 1524
85 146 6933
157 473 7272
120 116 5728
102 231 2967
251 190 7867
159 412 7502
169 275 5756
263 334 1956
119 222 980
381 201 5101
165 147 1429
296 117 1528
399 85 385
379 9 2026
70 243 1507
291 150 3571
159 478 2656
262 420 7631
495 287 8911
483 327 6109
174 407 8933
440 173 2561
419 355 287
491 393 6202
243 444 6734
232 273 5911
142 310 1244
373 116 4219
509 172 741
144 330 3135
33 250 168
68 145 4503
173 505 5438
465 188 3068
202 250 7142
84 471 8894
245 458 3780
17 215 4635
294 106 9619
319 120 5584
51 422 8272
464 266 9846
344 319 2814
124 459 2397
380 2 1315
85 97 6609
434 169 4449
295 366 1161
243 121 2516
27 409 9028
378 209 7629
132 159 3445
331 209 2948
18 130 5229
252 232 1159
90 219 3047
181 290 3504
198 336 310
91 19 5598
343 125 1959
380 22 7611
62 356 3294
413 273 8311
224 208 8453
164 21 3489
136 147 789
371 425 675
483 394 5539
352 462 1331
233 362 2259
80 190 7616
213 111 2490
58 317 8682
447 250 502
467 190 4915
154 143 2257
261 423 1666
386 138 786
165 118 583
243 175 9128
32 482 7391
427 361 455
143 63 4154
365 496 6248
450 456 9467
143 113 1521
277 28 1185
349 289 8773
422 16 5540
178 133 3177
170 311 6882
156 126 1766
467 106 737
86 151 85
256 253 8984
419 37 1024
456 155 2106
384 397 1318
165 508 9369
269 122 7376
408 180 6163
450 348 1598
414 304 1801
172 122 2594
203 352 2295
197 349 898
123 262 7587
359 334 9961
28 500 6796
494 388 7132
491 262 5691
473 451 694
485 195 4693
146 507 4487
115 466 8334
148 141 3481
350 336 1808
144 211 9137
368 208 8116
344 209 9994
202 417 8628
427 361 6200
304 38 6323
438 410 2536
160 112 2167
444 92 8887
18 194 4901
438 308 6277
322 116 8958
237 42 474
390 292 1257
360 445 1644
264 284 9931
337 376 1879
182 182 1770
16 296 9402
19 449 9707
58 503 3413
322 245 6231
247 202 988
261 418 896
354 471 4432
374 107 3284
487 489 9296
212 262 9464
477 274 5149
359 225 7691
463 470 6571
228 500 7345
284 117 6321
206 298 3045
14 360 6520
252 120 2997
402 181 4558
380 168 3186
442 350 1180
172 322 5175
281 451 4242
479 195 4170
432 272 1862
388 151 9278
100 232 8407
450 105 4803
265 277 5151
394 45 9110
400 428 8713
155 106 3181
277 273 5044
231 508 377
317 209 674
511 164 2674
232 272 9471
231 76 2898
455 475 793
68 135 9365
116 392 2820
497 351 7036
18 505 7186
110 306 1088
37 282 7556
408 429 5280
469 50 716
336 111 9163
411 247 2888
153 53 8484
273 372 6566
398 513 7171
350 391 772
350 228 8195
478 109 3870
94 304 2153
473 140 7181
33 238 3274
498 80 5062
323 55 3923
509 341 3771
415 109 641
127 120 2664
133 374 3202
72 367 6325
127 395 9333
239 292 8566
334 113 7030
188 381 3799
481 91 487
276 402 1868
157 183 6404
155 408 947
370 313 1989
263 352 6877
180 401 2034
339 148 1225
265 114 436
396 163 6117
188 263 1932
248 35 9612
113 165 7720
197 140 9085
223 119 5431
365 35 1268
102 265 6752
387 495 7401
273 368 6953
296 11 4884
98 177 1302
375 169 5698
94 129 9111
513 251 2386
92 244 4409
215 412 6789
314 376 4903
509 136 371
436 345 725
165 125 1584
125 271 72
106 210 4232
453 488 3531
268 105 8467
96 342 8052
118 213 3342
167 468 5504
162 149 9434
296 269 3419
343 363 3981
101 109 5273
123 458 1977
385 390 8114
415 308 1230
198 350 5198
179 209 2136
289 1 6130
318 331 571
272 297 3860
323 214 295
507 327 2210
352 101 5848
282 237 4542
283 493 6975
491 331 955
126 78 408
346 47 1030
226 389 5007
366 137 5308
430 441 1698
286 312 1266
185 40 5295
487 345 6573
282 244 2594
272 192 7889
302 439 3973
447 357 1495
325 81 9597
22 146 9039
303 324 5649
240 370 8232
185 268 8728
423 73 7862
133 264 9340
220 219 1920
337 431 6574
507 200 9277
300 64 4298
164 143 6242
417 295 2062
498 316 4212
231 457 66
178 246 4126
294 211 6556
388 409 7088
372 185 1159
345 333 3130
320 149 7744
100 334 6791
61 374 7537
448 323 3708
40 496 2428
395 498 7249
307 280 8080
342 173 6978
44 43 823
43 482 578
320 241 4411
251 191 7116
370 199 6434
33 31 3814
353 179 2570
246 330 3977
266 252 2061
143 376 2231
268 325 8091
460 172 3678
231 121 3821
226 134 6792
37 484 9280
115 178 7015
513 417 4402
308 76 9930
352 30 3301
442 434 4427
377 198 4363
356 197 198
357 423 1692
427 388 4937
300 304 8429