1907 1962
1 693 1481 8933
2 452 661
2 704 1745
2 1065 1515
1 1323 1694 6541
2 204 471
1 1810 1836 3737
1 770 1011 613
2 1633 1703
2 356 1408
2 1719 1777
2 254 1364
2 1045 1050
1 758 1618 1043
1 905 1207 484
2 1016 1348
1 948 1225 6522
1 243 776 1592
2 484 717
1 1336 1376 2105
2 147 659
1 537 1033 9965
2 1031 1156
2 1428 1724
2 428 1718
2 1346 1809
1 295 1440 5550
1 342 505 5684
2 148 309
1 30 181 1764
1 7 1038 686
2 333 1000
1 98 204 2486
2 1456 1671
2 1391 1815
2 793 1113
1 43 1106 7834
1 285 360 8178
2 606 1240
2 593 1754
1 209 1625 3504
2 268 478
1 1079 1252 629
1 514 1636 7820
1 798 1369 2204
2 1773 1800
2 1730 1773
1 1535 1663 9759
1 188 240 6514
2 1136 1571
1 407 1589 8440
2 219 1193
2 44 78
1 1334 1810 2345
1 1528 1811 2725
1 102 155 6673
2 1346 1775
2 572 1844
2 655 1606
2 213 378
1 1308 1386 501
2 205 1697
1 594 1683 7841
2 384 931
1 970 990 1077
1 562 872 7974
2 132 1605
2 604 1756
2 147 1316
2 619 930
1 844 1505 5948
2 852 976
1 963 1074 9412
2 874 1044
2 1160 1861
1 280 1603 8454
1 39 597 1232
1 1126 1480 2157
2 731 1374
2 348 1032
1 650 1581 9715
2 34 328
1 215 1426 4838
2 1421 1617
1 847 976 4563
2 1063 1719
1 42 688 7760
2 884 1848
2 984 1581
2 31 878
2 422 1803
2 1589 1815
1 193 370 9253
1 43 1504 1798
2 240 1331
2 218 782
1 514 1661 4133
1 290 1753 8122
1 720 720 9683
2 438 1883
1 572 791 5026
2 1344 1540
2 471 793
2 1593 1662
1 785 1385 6014
2 232 1691
2 1204 1619
2 1588 1893
2 504 1854
1 1094 1125 7909
2 677 1898
2 88 102
2 918 1204
2 64 614
2 408 692
2 366 708
1 372 663 9917
1 124 1244 1205
1 137 294 1484
1 623 1002 3786
1 26 1025 4275
2 777 1812
2 465 1670
2 119 419
2 266 1293
1 536 1668 6620
1 924 944 2617
1 591 619 5425
1 534 1248 4409
2 1083 1481
2 484 759
2 642 911
2 263 1401
2 137 947
1 406 1481 7652
2 416 519
2 928 1747
2 581 1120
1 1226 1435 5708
1 730 1810 3833
2 1476 1906
2 753 1650
1 584 1689 4937
2 221 1702
1 1555 1744 5653
1 100 1646 4632
1 564 628 6711
1 61 1538 2131
1 320 783 414
1 403 1038 8097
2 441 683
1 344 1515 8548
1 627 1575 3862
1 845 948 4440
2 771 1181
1 1071 1604 9742
2 278 1707
1 288 1357 1761
2 1433 1612
1 1408 1799 2667
1 78 1518 7776
1 42 1376 7976
1 60 1231 2057
2 49 136
1 294 1392 8679
1 453 983 573
2 165 1103
2 203 941
1 1062 1865 6807
2 640 1087
2 845 1711
1 1010 1210 124
1 1269 1805 7481
2 299 768
1 1386 1487 7109
2 403 640
1 1141 1412 9965
2 578 1315
1 1115 1565 8656
2 1328 1855
1 10 1549 985
2 422 1467
1 40 416 7434
1 428 1241 3970
1 1580 1712 126
2 215 958
2 1494 1764
2 1284 1570
1 311 1710 4623
1 161 1452 1814
1 763 1359 7390
1 489 1660 7695
2 131 800
2 631 1648
2 1217 1532
2 419 1493
2 55 866
2 61 808
1 33 107 6388
2 231 278
1 697 1872 9277
2 586 822
2 1427 1546
1 389 1711 703
1 152 1556 415
2 585 1529
2 992 1752
1 1622 1862 1979
1 1391 1702 385
1 1133 1907 1295
1 159 689 8805
1 476 610 2458
2 640 1018
2 1550 1787
2 1081 1644
1 1048 1707 8472
2 946 951
2 768 1195
2 1539 1703
2 181 1550
2 239 552
2 231 416
1 22 163 2801
2 524 1107
1 257 1392 4290
2 337 1202
2 362 1483
2 137 328
2 1027 1592
1 361 1195 6718
1 1529 1798 3
1 1451 1699 9508
1 998 1877 153
2 13 1490
2 1656 1865
1 1031 1823 7354
2 64 1714
1 978 1147 2654
1 1139 1484 7184
2 611 1431
2 303 1621
1 277 1209 5776
2 109 1625
2 316 677
1 809 1889 4396
2 1123 1329
1 1247 1277 3406
1 138 656 5013
2 1475 1885
2 93 1476
2 411 1021
1 568 569 1385
1 133 1571 4999
1 445 1708 9941
2 935 1179
2 808 941
1 666 1438 9600
2 836 1628
1 1437 1789 792
1 954 1856 1007
2 754 1895
1 537 1665 776
2 1816 1886
2 409 1570
1 1401 1707 6613
1 431 1292 5222
1 293 1673 8662
1 298 1148 2363
2 360 1249
1 1812 1888 1574
2 1094 1660
2 561 1663
2 87 179
2 949 1807
1 526 1450 3487
1 285 1085 936
2 404 1812
2 1208 1529
1 882 1454 1752
1 728 1343 4415
1 26 39 8029
2 381 840
2 172 1729
1 1564 1842 7703
1 382 583 2709
1 895 1281 1151
1 1060 1499 9074
1 301 1802 3770
2 388 435
1 1199 1653 7102
1 106 1397 613
2 706 1609
2 377 776
1 782 1566 40
1 1153 1376 7476
1 1162 1897 3492
1 1236 1672 668
2 895 1640
1 55 81 7875
1 1034 1192 472
1 432 1162 2449
2 1501 1571
2 828 1641
1 698 1479 3824
1 1178 1810 5374
2 947 1384
2 371 500
2 1260 1745
1 642 887 5863
1 5 1837 1953
1 385 921 8764
1 402 470 4149
1 448 661 9212
1 1119 1530 3150
1 602 1461 3399
2 776 1116
1 329 1112 4001
1 864 1755 587
1 573 867 3401
1 258 1228 3949
1 147 1461 2708
2 1502 1589
1 912 1008 5903
1 677 1108 8922
1 325 410 3816
1 206 1123 6307
1 1081 1150 3104
1 477 1337 1201
1 522 1581 2360
2 1384 1574
1 358 1098 441
2 1051 1782
1 1148 1279 1762
1 965 1148 3666
2 478 541
2 456 901
1 962 1695 4150
2 179 1614
1 182 792 1675
2 557 1635
1 254 874 3565
1 1047 1055 3100
1 209 1361 8332
2 445 1515
1 1164 1472 900
2 324 430
2 119 959
1 580 1696 2991
2 17 1402
2 444 1368
2 800 1855
1 375 1434 8994
1 1277 1810 2696
1 466 979 9907
1 1446 1556 7161
1 958 1130 2323
2 588 1649
2 1088 1140
2 8 973
2 1365 1569
2 595 1496
1 843 1897 4621
1 231 1011 9192
2 767 1703
2 432 1462
2 964 1493
2 480 1449
1 767 1015 4458
2 476 1712
2 538 839
2 247 862
2 1012 1633
1 742 1072 7241
1 927 1081 1370
2 291 1164
1 230 1324 9403
1 606 1071 8556
2 651 1589
2 741 1328
1 201 908 7215
2 110 140
1 1008 1261 4891
1 370 654 98
1 624 1266 8150
1 1027 1049 469
2 981 1261
1 194 992 989
2 553 870
1 317 570 1242
1 456 1680 7526
2 96 1423
1 410 1723 9595
1 121 389 2079
1 601 1594 189
2 24 1016
1 102 1374 3189
2 134 850
1 1017 1453 2042
1 201 1073 7956
1 663 1773 1942
1 915 1042 4055
1 275 1546 5208
1 647 1596 7957
2 1186 1188
1 432 1876 9582
2 41 1403
2 1139 1630
2 801 1477
2 1245 1781
1 923 1541 1298
1 1271 1548 2276
2 17 1013
1 98 538 2773
1 631 1350 6338
1 175 1547 5486
2 135 1086
2 10 886
2 97 542
2 84 165
1 1712 1783 738
2 612 964
1 1134 1898 7618
1 879 1566 8574
1 1068 1788 8236
1 304 1395 6979
1 889 1764 4737
1 743 898 389
2 1585 1766
1 1397 1829 4803
1 1287 1831 4398
2 519 653
2 345 377
2 660 762
2 939 1782
1 791 911 4632
2 1311 1828
2 582 833
2 1160 1803
1 548 1340 9956
2 683 1120
1 939 1093 4872
2 637 819
1 234 411 8811
1 1169 1830 9269
1 1094 1711 7725
1 91 610 8216
2 850 1778
1 492 603 8159
2 586 1607
1 1089 1738 4583
1 511 1099 8901
2 143 1166
2 938 1326
2 103 504
2 752 1764
1 1656 1828 7615
2 1201 1852
2 1470 1785
1 125 203 3710
1 42 1014 9250
2 1242 1644
2 1440 1736
1 1051 1438 4862
1 692 1656 6991
1 571 1552 962
1 641 1691 7568
2 712 1502
2 598 603
2 909 1353
1 1128 1145 519
1 1222 1489 5640
1 273 974 9575
2 1223 1563
2 196 628
2 129 958
1 1070 1860 9448
1 1685 1799 7833
2 967 1175
1 601 640 1890
1 25 508 8540
1 175 1275 9944
1 52 1039 6441
2 32 1323
2 360 1833
1 227 942 3036
2 3 564
1 63 279 2377
2 49 1719
1 29 405 2389
2 631 829
1 610 1172 6275
1 71 1287 5421
2 50 673
2 293 1338
1 39 89 645
1 326 1579 4441
1 438 1230 1118
1 1128 1664 6178
2 85 1345
2 719 1011
2 1371 1624
2 588 1492
1 50 1285 3051
2 147 618
2 362 1670
1 17 767 3636
1 97 883 8154
2 262 1855
1 620 1407 3203
2 113 1304
2 703 1576
1 1310 1467 471
1 920 1667 7776
1 840 1357 5206
2 276 366
2 197 1316
1 523 696 6146
2 955 1027
1 927 1297 2813
1 887 1858 9821
1 359 1587 3275
1 999 1561 6772
1 1548 1549 6123
2 22 125
2 362 985
2 1124 1423
1 147 1833 4276
1 1422 1512 6435
2 203 833
1 373 1512 7641
2 1511 1843
1 1363 1514 3013
2 822 1192
2 189 1282
1 439 1608 1427
1 183 356 5378
1 475 857 7781
2 778 858
2 46 1468
1 1030 1333 2103
2 951 1575
2 1402 1472
2 331 1707
2 580 1860
1 303 1221 9333
1 267 1774 2720
1 473 867 6326
1 77 91 6507
2 130 1032
1 69 327 9046
2 1096 1146
2 38 1594
2 322 1768
1 1076 1655 9368
1 676 1848 2041
1 1014 1573 6514
1 238 770 9282
2 278 675
2 918 1076
2 242 859
2 140 1850
1 90 204 3754
1 440 718 5154
1 988 1206 5526
2 745 1696
2 479 1700
2 329 783
1 423 1326 1922
1 1326 1782 8531
1 141 1242 2698
1 619 1212 1140
1 1303 1582 8520
2 225 1348
2 129 1534
1 200 777 7194
2 787 1550
2 1578 1843
2 59 1539
1 808 1870 4164
1 997 1206 7158
2 1092 1187
2 665 967
2 395 544
2 1065 1523
2 1206 1468
2 319 1722
2 1268 1846
1 618 1396 1754
2 949 1830
2 443 551
1 700 804 1299
2 875 1038
1 889 1785 4673
1 1209 1691 9446
2 630 1497
2 438 1431
1 17 472 1975
1 207 882 6741
1 510 1902 2770
1 130 1746 7052
1 9 1716 5476
2 12 1591
2 628 1302
2 171 1827
2 419 440
2 190 348
2 155 1805
2 76 927
2 918 1179
1 501 1442 2507
1 893 1086 7516
2 119 1304
1 1183 1549 3759
2 1396 1834
2 1470 1807
1 342 1257 9543
2 595 1501
1 1292 1817 6451
2 1702 1837
2 715 737
1 947 1089 2772
1 1151 1332 5070
2 459 1486
1 160 1390 6904
2 615 748
2 877 1142
1 975 1337 3664
1 1047 1310 9304
1 1604 1677 4350
1 173 1090 8996
1 1049 1211 7064
2 37 56
2 1282 1476
1 188 1893 7317
1 776 1800 9894
1 959 1297 1124
2 674 1543
2 799 1672
1 904 1183 9159
1 79 1681 3419
2 1649 1856
2 1238 1423
2 1465 1804
1 152 840 2115
1 513 1272 4326
1 171 1727 3903
2 996 1600
2 1359 1775
2 585 1370
1 97 1471 5026
2 1200 1507
2 1111 1524
2 54 700
1 857 1895 4183
2 417 1568
2 704 1032
1 275 1881 1768
1 655 990 2564
2 649 1267
1 1330 1429 4293
1 711 739 5563
2 672 907
1 607 1426 1003
2 1014 1121
2 1502 1873
2 1173 1724
1 910 1599 6057
1 1050 1549 2920
1 1357 1749 933
1 700 978 6699
1 348 900 6567
2 442 1857
2 169 1089
2 18 521
1 1567 1695 1175
1 243 1139 7180
2 279 444
2 208 1038
1 1021 1358 4060
2 298 1786
1 580 1110 4225
1 229 452 9670
1 326 874 3599
2 101 1824
2 519 1452
2 549 647
1 150 1249 8965
1 85 1471 191
2 1517 1619
1 815 973 4834
2 121 611
1 719 800 2912
1 130 687 5454
2 47 319
2 225 1795
1 1638 1703 3193
2 78 155
2 807 1299
2 244 1592
1 272 1186 5971
1 422 1676 4630
2 820 1246
2 946 1817
2 1062 1194
2 1318 1804
1 83 1860 5160
2 1565 1582
1 402 517 7535
1 85 808 2465
1 105 1618 2972
1 113 998 4762
1 500 1134 525
2 449 1449
1 652 683 9741
1 1269 1700 7710
2 58 477
2 535 1312
1 175 930 7819
2 1361 1844
2 224 721
2 964 1253
1 140 836 6834
1 488 1222 9035
1 102 149 2644
1 221 982 3090
2 587 1756
2 898 966
1 156 1590 5955
2 554 1203
1 918 1638 9039
1 541 1203 3909
1 17 1011 5626
2 570 1493
2 1101 1703
1 1208 1791 9755
2 510 1346
2 577 1877
2 687 1294
2 1230 1658
1 1616 1645 9336
1 105 224 5303
2 1050 1810
2 1514 1579
1 88 1003 2160
2 776 1862
2 1354 1830
2 685 1568
1 1399 1584 9205
1 1388 1425 7630
2 791 1407
1 443 817 4871
1 1654 1722 2432
2 326 582
2 655 1196
1 662 794 2370
1 1337 1719 3626
2 48 1658
1 261 334 5808
2 1298 1662
2 139 1896
1 967 997 4845
2 178 861
2 40 155
2 1429 1684
2 126 334
1 779 904 1518
1 1283 1371 8743
1 261 1081 3399
2 96 1701
2 1042 1707
2 597 628
1 299 520 5776
1 403 609 3277
2 197 1123
1 736 1460 4203
1 873 1179 6016
1 211 1103 5630
1 179 812 3172
1 1539 1782 7054
2 1479 1690
2 1087 1717
1 159 298 8173
1 380 1192 3511
2 261 1021
2 413 491
2 1169 1351
2 644 1330
2 758 845
1 509 1518 482
1 351 1353 8721
1 297 859 1837
1 1604 1906 1193
1 164 1219 9932
1 126 330 1273
1 104 413 3158
1 302 1754 176
2 740 818
1 386 1312 742
1 356 603 7432
1 460 1180 780
2 1128 1788
2 509 1349
2 1072 1489
1 269 1541 5268
1 617 821 7084
2 120 1039
1 202 388 6223
2 1528 1705
2 540 650
1 794 1016 2744
1 235 810 1921
1 698 1409 9595
2 97 1014
2 729 926
2 432 1545
2 1049 1596
1 517 1882 7234
2 453 1106
2 418 790
1 14 831 2987
1 35 562 851
1 763 801 2572
1 814 1766 832
1 449 1628 147
1 257 1358 6942
1 1462 1673 573
1 619 752 788
2 1722 1862
1 264 1560 3315
1 623 1751 7280
2 617 1335
2 1112 1135
1 26 761 5140
2 974 1437
1 212 1893 7062
2 871 1144
2 695 1051
1 897 1778 1019
1 804 1427 937
2 42 1539
2 335 1356
2 955 1563
1 1482 1821 4865
2 240 299
1 252 1344 9311
1 511 1324 9399
1 1062 1499 4263
1 444 1472 6974
1 201 1898 7151
1 797 1035 4378
1 1318 1649 6242
2 479 1332
2 427 1537
1 85 1636 9722
1 233 321 7305
1 1037 1417 8101
2 296 623
1 211 1560 5796
2 581 932
1 305 811 5933
1 1202 1556 3934
2 81 1604
2 91 1706
1 5 768 126
2 1031 1488
2 19 570
1 865 1667 9900
2 202 478
2 414 1260
2 844 995
1 1131 1472 107
1 1029 1821 186
1 1180 1645 825
2 34 1772
1 349 867 7946
2 1164 1618
1 953 1697 6835
2 1122 1872
2 921 1750
2 1023 1309
2 1349 1600
2 871 1222
2 983 1003
2 336 1434
2 912 1853
1 590 1288 5722
1 198 241 8652
1 1032 1389 1949
2 249 1700
1 971 1348 3476
1 279 957 7919
1 1026 1219 8874
1 16 515 9862
2 281 1454
1 67 858 5560
1 459 1046 6454
2 341 1124
1 115 1335 9572
1 255 861 7450
1 1202 1630 6997
1 259 835 3639
2 332 1211
2 992 1612
2 448 1079
2 453 1597
2 309 770
1 1599 1795 5361
1 269 760 6878
2 905 1041
2 19 749
1 23 1785 4754
2 1081 1556
2 387 1161
2 1302 1888
2 1227 1617
2 418 1270
1 511 1103 1583
2 1713 1769
2 1202 1313
2 534 628
1 189 1907 5221
2 510 1830
2 1561 1684
2 263 1385
1 1256 1823 209
1 1339 1831 2349
1 350 474 924
2 123 907
2 1593 1901
2 1574 1796
1 1347 1801 66
1 280 1530 3507
1 45 1754 195
2 819 1652
1 849 1809 8861
2 77 344
1 982 1102 1705
2 250 1228
1 30 788 8989
2 985 1022
1 257 1077 4459
1 542 816 2888
1 205 1570 5266
1 506 1127 9706
1 51 922 3776
2 424 1020
2 56 484
2 65 1033
1 371 1396 1967
2 1125 1306
2 6 1362
2 958 1347
1 404 498 6224
1 946 1806 953
1 1285 1487 2556
1 857 1895 8206
2 1073 1126
1 954 1039 7056
1 420 1517 6539
2 872 1478
2 1243 1631
2 657 1690
1 31 1512 3855
1 349 672 5645
1 101 1731 8241
1 107 200 3664
1 1402 1871 1836
1 978 1828 4321
2 435 1290
2 1377 1569
1 1210 1579 9177
2 383 1209
2 1278 1314
2 29 572
2 15 1132
1 958 1550 3484
1 1227 1613 9006
2 1752 1797
2 111 1262
1 541 1862 7706
1 799 1058 8526
2 1121 1808
1 186 542 3238
2 812 1606
1 119 1615 2136
2 62 1305
2 78 974
2 460 1481
2 246 1758
1 382 1409 9589
2 165 1907
1 22 146 2416
2 201 524
2 539 1707
1 256 731 4548
1 1293 1670 4206
1 678 1186 8635
1 438 1178 4195
2 520 725
2 1577 1674
1 115 1761 2338
2 557 1630
1 419 623 8045
1 780 1170 6723
1 4 893 1438
1 192 419 8877
2 826 1534
2 169 1605
2 253 1392
2 63 1346
1 228 1444 716
2 246 695
1 69 1334 4534
1 1111 1748 2803
1 37 1500 3408
1 479 1623 8967
1 35 989 1843
2 451 1708
2 1256 1671
2 749 1232
2 399 500
1 701 847 7298
2 845 1473
1 827 1216 9437
2 409 1106
2 379 1361
2 547 647
1 126 1008 4109
1 559 864 629
2 27 96
1 152 698 4279
1 988 1843 1220
2 502 1059
2 119 556
1 326 1297 7775
2 834 1827
1 556 1494 9105
2 1309 1844
2 1139 1853
1 380 995 5583
2 519 1790
1 330 766 5527
2 573 1333
1 452 1145 7657
1 917 1674 9516
1 654 1459 4577
1 200 1732 4276
2 392 1707
2 1286 1835
1 851 1390 9365
1 1267 1782 7581
2 516 1842
1 506 882 2804
1 843 1482 8837
1 1333 1598 2457
1 435 534 9389
1 360 712 6417
2 678 1029
1 101 1190 7736
1 254 1376 8559
2 125 926
2 1058 1099
1 129 1721 9664
2 128 1174
1 421 620 8194
2 336 1326
1 428 1221 8550
2 313 1499
2 1070 1900
1 1315 1400 7979
1 902 1026 7825
1 1 1137 7388
2 182 578
2 1466 1520
1 235 705 199
2 573 601
1 997 1566 7282
1 1842 1863 6843
1 39 180 2420
2 162 1633
1 562 1204 415
2 359 435
1 1186 1441 8750
1 626 1665 6206
2 527 1053
1 725 1382 5617
1 357 1087 6007
1 169 227 4561
2 473 1620
1 599 801 6346
1 277 810 7776
1 1212 1269 5701
2 698 862
1 892 1444 8461
2 326 760
1 466 1142 3145
2 921 1450
2 1214 1824
1 237 1793 9469
1 1354 1505 9831
2 718 854
1 70 109 716
1 135 1879 4338
1 60 142 847
2 612 1078
2 388 1028
2 744 891
2 1280 1864
1 608 1372 1173
1 835 1098 6488
2 244 408
1 765 1589 8116
2 43 1188
1 186 483 6079
1 1161 1332 9737
2 277 1444
2 401 1730
2 1303 1440
1 318 384 5959
2 287 548
2 739 1493
1 432 745 4856
1 947 1160 366
1 783 1106 5192
2 778 1099
1 745 1195 7838
1 306 1753 7971
2 193 216
1 1126 1859 9138
1 368 884 4057
2 448 1736
1 425 1904 4386
1 520 1905 877
2 1306 1643
2 326 387
2 729 1687
1 902 1073 807
2 520 818
1 633 1520 1709
1 371 399 652
1 583 895 23
1 563 1159 5793
1 606 875 1968
1 455 1102 2962
2 89 265
1 528 1512 330
1 1130 1897 3899
2 274 672
1 851 1051 2522
1 904 1255 781
2 77 1581
1 1487 1659 1232
1 1061 1185 2023
1 809 1251 8675
1 619 987 1340
1 967 982 1510
2 543 701
2 476 1028
2 362 1466
2 598 1111
2 296 1446
1 1113 1600 5944
2 1091 1573
2 872 1810
1 371 966 2604
2 721 1850
2 1039 1625
2 795 1612
2 389 1840
1 1508 1890 8517
2 747 777
2 1695 1833
2 1395 1589
2 332 1346
1 621 1024 7937
1 450 1461 9412
2 301 461
2 447 461
1 58 224 8487
2 316 451
2 18 49
1 337 700 2376
1 54 1145 2007
2 1413 1507
1 957 1604 229
1 676 1517 6041
1 985 1190 9231
1 487 567 6211
2 1567 1879
2 143 494
2 822 1676
1 341 1527 2054
1 711 966 2649
1 135 695 4936
2 475 790
2 389 817
2 1802 1805
2 88 287
2 685 971
2 431 1398
2 332 730
2 17 120
1 401 1735 1293
1 733 977 5946
1 829 1425 5144
2 76 1427
1 867 1260 8379
1 309 1622 2528
1 842 1124 1682
1 1864 1898 5711
1 1273 1355 5666
2 381 993
2 120 779
1 995 1044 5799
1 418 554 6823
2 832 1116
2 1305 1813
1 464 1448 2814
2 232 1043
2 214 1872
1 1085 1819 4963
1 338 674 8265
2 386 1142
1 649 1650 7379
2 10 1080
2 25 351
2 1489 1703
2 196 1879
2 863 1867
1 376 1812 1781
2 987 1033
1 162 294 2872
2 1049 1152
1 82 1423 4674
1 390 909 3562
2 337 1354
2 153 506
2 776 788
1 1635 1904 5303
2 499 1521
1 840 1710 8131
2 612 1731
2 129 1526
2 387 488
2 1223 1783
1 238 1475 5778
1 418 1678 2649
2 313 1448
2 817 1159
2 1011 1510
1 383 770 5959
1 1369 1530 7778
1 879 1682 4881
1 26 1547 1226
2 51 712
2 15 311
1 242 1577 609
2 1477 1705
2 705 900
1 33 1047 5485
1 874 1551 329
2 29 660
1 287 1081 1616
1 1662 1835 732
1 1294 1572 6489
2 97 540
2 444 1905
2 1537 1699
2 140 508
2 1183 1790
1 888 1423 1491
1 131 1706 6827
2 61 1835
1 559 1511 7799
1 817 1496 8664
1 12 413 4542
1 1516 1671 2672
2 1443 1764
1 1303 1861 6821
2 957 1851
1 559 1077 2636
2 1043 1185
1 585 820 1751
1 134 1636 2595
2 124 1290
2 536 1110
2 361 795
2 587 801
2 585 1616
1 287 954 4323
2 423 1660
1 456 1372 7770
2 909 1078
2 1173 1303
2 1458 1862
2 689 1384
1 135 1001 8330
2 520 1286
2 1212 1389
2 766 1407
1 1043 1514 2134
1 403 587 7412
2 1107 1202
2 741 861
1 44 1637 1877
2 797 1676
1 628 1469 4591
2 92 453
1 242 1448 9235
1 1313 1663 7571
2 560 1397
2 1148 1186
2 78 232
1 915 1667 8679
1 1004 1260 765
2 511 1688
2 228 263
2 255 728
1 1050 1265 8340
1 674 1786 3582
2 417 1269
1 596 1028 9412
2 433 1579
2 1396 1742
1 889 1636 9740
2 1064 1609
2 919 941
2 473 706
1 1096 1836 1176
1 198 1060 8759
1 671 1882 4523
2 44 856
2 850 1885
2 467 719
2 324 1869
2 264 1101
2 1123 1554
1 1117 1197 4265
2 1749 1780
1 465 1265 6457
1 317 325 2655
2 482 1084
1 297 1543 2919
2 127 946
1 879 1518 7549
2 53 1085
2 399 1206
2 942 1571
1 367 452 162
2 425 1773
2 382 657
2 406 1841
1 658 1897 6376
1 44 592 9712
1 420 1817 8368
1 238 1690 8855
1 44 998 4353
2 1760 1812
1 103 1619 8632
2 350 1423
1 1223 1622 2040
2 36 1130
2 651 706
1 502 1111 5984
1 364 1852 6340
2 399 512
1 900 998 108
1 1432 1693 1725
2 1168 1832
2 808 1425
2 579 1128
2 791 1727
1 1729 1835 8883
1 1119 1896 5366
1 389 1359 8656
2 967 1207
1 287 1153 7939
2 9 1220
1 580 1104 4450
1 933 1525 6469
2 843 1473
2 1098 1436
1 598 1681 9009
2 579 1740
2 293 696
1 45 1739 7688
1 210 813 2564
2 604 1161
1 155 1392 8039
2 418 1699
2 290 309
2 134 1685
1 154 1696 1591
1 184 1645 8482
1 1527 1731 8140
2 36 133
1 1571 1890 3727
1 678 1405 429
2 774 1592
2 203 1058
1 448 1828 818
1 4 1065 4023
2 1196 1707
1 261 815 5094
1 614 941 6615
2 604 1488
2 23 177
2 201 1343
1 436 1119 1187
2 45 1612
1 746 1455 6881
1 105 1637 661
1 484 923 568
2 145 1118
2 1432 1716
1 1151 1730 1583
2 1550 1779
1 252 711 9261
2 2 1738
2 1061 1627
2 898 1876
1 363 1108 8206
2 927 1661
1 412 1804 3052
1 955 1113 9505
2 100 867
1 1366 1892 2372
2 538 719
2 711 1146
2 170 1132
1 320 1892 9785
1 223 714 1634
2 887 1635
2 1372 1799
1 155 618 4048
1 1187 1690 7977
1 1329 1687 1408
2 541 639
1 345 958 5
2 40 455
1 401 1753 5509
2 846 1257
2 152 1592
1 452 1198 1396
2 645 1435
2 716 995
2 870 1451
1 420 1313 7585
1 861 1565 9073
1 958 1161 2158
2 1616 1905
2 1270 1663
2 846 1124
2 955 1598
2 32 1452
2 283 1051
2 1239 1809
2 217 1079
1 1137 1344 1154
1 572 1771 5482
1 364 682 3
1 1009 1653 4038
1 181 1551 3391
1 815 958 6046
1 1328 1526 5326
1 282 362 4307
1 859 1418 650
1 60 1365 4452
2 235 781
1 25 325 9927
2 443 615
1 37 1402 497
1 1316 1720 5764
2 477 1413
1 1234 1798 3516
1 782 1423 8031
2 1711 1792
2 405 1159
1 677 1368 8726
1 11 221 4995
2 265 1245
1 38 1754 9556
1 441 461 5070
1 62 1363 3587
2 279 835
2 390 1093
1 439 910 9287
2 44 1900
2 50 344
2 217 1114
1 790 943 1671
2 31 440
1 87 1024 7779
2 797 1340
2 517 1227
2 318 791
2 481 1414
1 510 977 2970
2 843 1375
1 505 1185 3639
2 780 1413
1 710 936 5761
2 328 1488
2 1436 1648
2 26 131
2 557 615
1 198 717 868
1 223 252 2324
1 1541 1599 6798
1 92 797 6199
1 957 1888 6782
1 544 1765 8505
1 1688 1767 144
1 122 562 8666
1 83 718 5564
1 78 878 3381
2 749 912
2 518 714
2 1007 1078
2 960 1443
2 1351 1488
1 1041 1578 4311
2 129 207
1 913 1542 6336
2 1014 1247
2 402 1474
1 101 810 7877
1 915 1708 911
1 1030 1610 9716
2 385 1139
2 355 382
2 1360 1900
2 36 1504
2 61 1901
2 452 1117
2 186 1669
2 258 1630
1 353 1904 6894
2 810 1481
2 1431 1869
1 1311 1336 7449
1 1285 1667 4344
2 101 1315
2 51 1608
2 943 1120
1 1082 1903 9298
1 263 749 7957
2 1065 1641
2 543 923
2 20 658
2 679 857
2 1186 1691
2 1096 1756
1 423 799 6934
2 177 1831
2 31 620
1 66 1259 2069
1 659 880 4828
1 409 1103 2382
1 960 1082 4856
2 510 981
1 570 1686 2879
2 715 1667
2 276 748
1 556 1903 3994
2 1378 1589
2 381 1740
1 15 637 9074
2 1250 1338
2 598 1542
1 225 1717 7088
1 327 913 6296
1 506 1660 4720
2 285 738
2 703 1562
2 246 798
1 1 830 1141
1 194 421 9233
2 686 1214
2 923 1438
2 1 1036
2 974 1602
2 485 1126
1 744 865 7762
1 1425 1660 952
2 317 1549
2 1389 1506
2 1841 1877
2 124 1585
1 18 276 7482
2 876 1614
2 285 1254
1 843 1765 1578
1 204 1290 6992
2 1464 1504
2 490 1199
1 1190 1230 6588
1 126 1445 4629
2 652 964
1 1127 1480 1597
1 1459 1683 4847
2 443 559
1 338 1221 132
2 808 1482
1 302 1543 9360
1 558 1804 8245
2 1834 1890
1 15 773 1036
1 178 404 806
2 806 880
2 371 1245
2 1030 1901
1 205 1230 4740
1 1234 1339 8532
2 493 981
2 256 1281
1 1058 1654 6919
2 4 1101
1 345 1219 8126
1 519 1546 2473
1 652 1329 566
1 1124 1501 8550
1 59 369 1852
2 1027 1370
1 281 669 1647
2 158 443
2 368 1442
1 530 1611 3136
1 524 1520 7058
1 527 997 1795
1 709 936 4820
2 32 1388
1 774 1772 3853
1 1130 1638 7216
2 230 1721
1 912 1418 6966
1 1277 1434 1304
2 383 420
2 1181 1355
1 554 777 6830
1 1005 1446 1584
2 871 1046
1 71 1704 556
1 409 1724 2981
2 1643 1890
2 731 1111
2 535 1704
2 817 1587
2 1284 1626
1 259 1358 8023
1 355 664 8739
1 693 1490 8354
1 1085 1408 7107
1 288 569 2320
2 48 1626
1 979 1002 3223
1 212 652 7916
2 158 896
2 324 871
1 369 1377 2097
1 70 479 8649
1 114 349 4301
2 93 141
1 301 304 5599
2 481 982
2 1591 1791
1 162 1328 5782
1 1300 1512 6205
1 776 1898 3048
2 485 1019
2 149 690
2 1800 1802
2 403 1507
2 104 1849
1 620 1683 6062
1 264 1689 8036
2 130 682
1 184 1019 8322
2 1473 1772
1 21 1612 5124
2 387 1325
2 465 727
2 1266 1622
2 742 1771
1 428 1052 4484
2 688 1250
1 409 1130 4471
2 76 1288
1 1016 1783 6936
2 1210 1227
2 738 1038
1 1417 1504 5647
1 764 1154 2092
2 681 1794
2 511 1752
2 568 814
2 278 350
1 346 642 9893
1 38 998 3496
1 385 1280 8048
1 391 1393 9961
1 598 1751 8153
2 355 563
2 691 1532
2 88 168
2 1348 1503
2 102 288
2 579 1455
2 666 1746
2 116 281
2 438 1298
2 381 901
2 399 1892
2 239 1515
1 1269 1650 8572
2 1264 1859
1 94 422 2806
2 864 1719
1 1126 1385 3528
1 1491 1653 7213
2 751 1404
2 1393 1898
2 894 1430
1 153 563 3260
1 511 949 7349
2 387 1087
1 1552 1777 3257
2 479 1689
1 42 116 4181
1 590 1341 6307
2 1417 1803
2 501 1734
2 1279 1576
1 265 1532 7868
1 1141 1907 1257
1 1134 1236 8793
2 1063 1639
1 1512 1884 8418
1 925 1617 5139
1 1777 1806 1538
1 497 1726 4227
2 1055 1147
1 1077 1483 9078
2 311 1276
2 1317 1539
1 110 766 9096
2 294 385
1 1306 1363 3591
1 889 1094 2021
2 807 1626
1 300 537 9051
1 381 1377 8228
2 803 1880
1 545 1147 1883
1 417 777 2199
1 508 1703 8226
2 717 1354
1 230 839 7875
1 863 1608 9620
2 253 937
2 660 824
1 1057 1610 4847
2 1325 1553
2 78 1704
1 1374 1707 976
1 287 1198 506
1 467 793 5372
2 67 536
1 425 1303 6814
1 1379 1827 5454
1 790 1200 3683
2 23 253
2 1249 1271
1 377 946 190
1 182 1607 8964
2 247 706
1 101 292 648
1 430 1163 4035
2 960 1712
2 1474 1840
2 143 422
2 99 476
2 291 1431
2 409 682
2 1031 1830
2 1072 1206
2 370 1489
1 452 597 9347
2 1137 1892
1 1345 1553 4829
2 115 1120
2 197 1505
2 1000 1706
2 62 1356
2 248 1324
1 884 1386 5617
2 864 1189
2 356 1155
1 1034 1278 5790
2 536 630
2 468 1830
2 143 680
1 580 1462 4639
2 796 1862
2 483 879
2 505 1404
2 194 203
1 672 1276 421
2 8 1593
2 66 313
2 1081 1760
2 649 1126
2 946 1839
2 373 385
1 362 605 5262
2 176 1621
1 931 935 3234
1 538 1312 8666
1 176 228 9722
1 1013 1349 2230
2 1601 1835
2 838 1438
1 24 457 1964
1 1259 1610 5689
1 1168 1303 3579
1 685 1692 5762
1 588 1611 9356
2 772 1459
1 793 1272 2652
2 658 1089
1 1078 1465 1735
2 837 1306
1 108 1137 7366
2 152 289
2 1267 1725
1 1577 1579 8586
1 1463 1606 5347
2 337 474
1 778 1762 1592
1 36 644 3407
2 940 1892
2 128 1748
1 876 925 5211
2 212 1256
2 115 1153
1 1248 1382 8203
1 1046 1657 1051
2 530 1288
2 341 1872
2 147 867
1 331 1609 3409
1 303 872 4706
2 961 1566
2 1501 1660
1 946 1330 5840
1 497 709 497
1 673 1153 3798
1 245 1019 6116
1 379 1102 4200
1 879 1225 9986
2 984 1611
2 593 1114
1 965 1315 7612
1 1034 1452 6112
1 1031 1607 7453
1 1384 1642 3051
2 570 1226
2 243 513
2 255 939
1 409 1636 717
2 2 1127
1 1250 1728 1745
2 389 754
2 92 1369
2 1515 1830
2 211 1418
2 377 1598
2 1306 1381
2 34 223
1 608 1300 7913
1 171 437 9759
2 805 1072
1 1181 1889 4689
1 1423 1578 5726
1 851 1727 430
1 422 539 1422
1 201 827 881
1 284 580 2801
1 527 826 5845
1 331 778 9816
1 243 419 1996
1 128 773 2427
1 1543 1700 3335
1 1283 1716 4154
1 707 1153 2900
1 736 1170 444
1 861 967 3058
1 200 1557 286
2 1014 1071
2 948 1064
1 552 799 4413
1 196 1208 6264
1 39 1900 9254
1 1503 1539 7702
1 59 606 9925
1 1100 1511 6152
1 1236 1869 7703
2 903 934
2 230 1514
1 840 1161 4839
2 1184 1412
2 1121 1722
2 272 825
1 137 330 7808
1 522 1616 218
1 559 1896 7869
1 1365 1843 8175
1 192 449 8060
2 1127 1762
2 588 1417
2 22 1245
1 311 1321 8299
1 349 772 1227
1 864 1870 5999
1 724 1172 2242
1 1521 1535 6954
2 930 1025
1 300 1403 4263
1 572 699 5059
1 156 381 3219
2 1706 1738
1 794 1864 7112
2 223 1434
1 479 1532 4802
1 568 1875 8385
2 727 1187
2 535 1801
2 1000 1474
2 969 1794
2 712 1276
2 757 1618
1 934 935 7995
1 529 1024 3655
2 171 998
1 200 1122 4538
1 713 1654 8873
2 1229 1409
1 923 1740 4828
1 454 576 8319
1 1650 1758 7951
1 858 1502 4167
1 1230 1904 1479
1 427 1881 5797
1 352 1448 3375
1 279 1031 9079
1 366 401 1653
1 1528 1552 4117
1 487 1775 7465
1 713 839 1496
1 1045 1345 2644
1 260 1794 92
1 164 376 8612
