100
50
34 2
38 11
21 16
19 13
22 11
17 42
6 42
28 42
7 13
39 28
25 7
1 42
18 17
32 13
47 21
11 6
8 17
26 10
40 26
2 14
30 46
36 25
46 16
4 16
50 1
37 23
45 32
49 28
44 31
41 36
14 33
24 21
33 1
15 46
29 21
12 2
13 33
3 37
43 38
5 28
16 42
35 19
20 36
10 33
48 27
23 2
31 33
9 6
27 7
11 6
29 26
48 27
21 16
26 10
35 22
40 10
39 23
8 17
50 1
9 6
44 8
28 42
2 14
47 21
36 25
16 42
7 13
38 11
12 2
25 7
15 46
30 46
14 33
49 28
13 33
20 36
22 11
18 17
46 16
4 16
10 33
24 18
45 32
43 38
33 1
17 42
34 2
31 33
6 42
3 37
23 2
27 7
19 13
41 43
5 39
37 23
32 13
1 42
50
23 6
5 43
18 29
8 2
2 48
13 48
7 11
30 22
19 24
44 50
11 31
33 25
49 24
1 30
17 19
45 32
39 19
36 4
40 4
27 38
47 27
21 29
46 33
6 3
28 31
9 3
10 33
29 48
26 2
42 49
20 36
38 26
15 41
35 43
12 4
50 26
22 13
25 8
31 32
37 32
34 39
14 22
41 25
24 2
43 32
32 2
16 11
4 3
3 2
16 20
37 5
14 46
15 50
2 48
34 39
24 2
36 12
29 16
6 24
41 28
22 13
49 14
3 2
19 24
13 48
30 22
42 50
10 2
40 4
44 12
8 2
23 47
4 3
27 38
5 1
17 19
35 43
31 32
20 45
1 30
39 17
50 26
9 3
18 25
7 11
28 14
46 33
25 8
11 31
43 32
38 26
21 35
26 2
47 27
32 2
45 23
12 3
33 25
50
23 42
7 44
21 38
44 43
25 48
28 49
24 9
17 32
38 40
15 29
1 5
42 38
18 2
16 1
11 16
19 40
49 9
47 16
37 5
35 48
9 25
41 9
20 6
2 38
14 23
22 14
12 30
13 11
46 36
33 23
10 40
5 50
45 49
34 33
3 4
39 36
6 49
43 25
50 43
48 19
30 43
32 42
29 32
26 44
8 9
4 40
27 32
31 36
36 49
48 19
15 3
26 11
20 49
25 48
45 49
30 43
38 40
50 43
41 21
19 40
11 30
24 9
10 30
43 25
42 38
28 49
6 31
12 32
37 5
44 43
47 30
35 10
29 32
33 23
21 38
9 25
8 9
32 42
3 33
49 9
13 17
36 49
5 50
16 1
7 9
23 42
18 2
22 18
27 47
31 36
4 40
34 33
14 25
1 5
39 36
2 38
46 47
17 32
50
37 49
2 37
30 28
23 14
16 14
33 10
14 49
22 36
10 14
26 37
17 42
46 34
27 49
7 45
3 47
34 14
29 3
19 23
43 2
13 49
24 6
8 40
18 44
47 2
48 44
31 13
50 13
1 13
42 46
45 23
9 3
35 48
12 44
41 25
32 20
4 45
11 20
28 20
39 41
25 17
6 28
21 44
20 23
15 2
40 31
38 31
36 17
5 46
44 46
45 23
20 23
33 10
24 6
18 44
7 45
31 13
44 46
43 11
1 13
50 30
39 3
21 44
14 49
36 17
17 42
3 47
8 40
4 45
23 14
12 3
28 20
35 37
40 31
29 3
16 23
22 36
25 17
48 44
11 20
13 49
46 34
26 37
27 49
38 31
10 14
42 46
41 25
15 2
34 14
30 3
6 28
47 2
2 37
32 20
9 3
5 46
19 4
37 49
50
10 39
5 38
23 43
46 6
38 40
22 14
21 36
36 14
12 44
33 40
24 12
28 42
4 41
25 12
3 20
47 37
30 39
31 40
41 28
7 8
40 14
1 31
15 39
19 13
49 17
43 29
17 31
26 1
48 37
35 33
13 28
9 24
20 44
50 43
34 36
39 29
18 13
42 14
29 37
6 15
44 39
27 48
32 37
11 6
2 42
45 3
16 40
14 29
8 14
20 44
42 14
49 37
1 31
23 43
40 14
19 33
14 29
47 35
17 31
12 44
6 22
11 22
2 36
30 28
50 32
38 40
29 37
8 14
3 20
21 35
5 31
10 26
27 25
18 35
43 29
41 27
13 6
4 6
36 14
31 40
33 23
35 28
9 26
39 29
16 33
22 14
46 17
28 42
25 12
32 38
45 23
7 8
48 2
15 11
44 39
34 33
26 1
24 37
50
3 48
23 40
47 46
13 20
15 46
19 6
25 40
38 43
44 7
43 23
49 33
50 47
8 31
32 43
9 15
18 5
41 19
21 35
29 45
37 13
4 20
39 30
28 14
2 9
33 20
22 6
35 20
14 47
45 20
5 19
36 48
46 40
12 13
7 1
20 40
26 12
24 15
17 39
48 15
27 14
16 4
42 40
31 25
11 18
34 25
1 29
10 42
30 2
6 23
37 13
49 33
27 14
42 40
47 46
18 5
11 18
25 40
39 30
36 48
30 2
9 15
13 20
6 23
35 20
20 40
31 25
15 46
33 20
34 25
10 42
4 20
12 13
45 20
28 14
44 7
2 9
32 43
43 23
21 35
3 48
38 43
19 6
8 31
1 29
14 47
41 19
24 15
46 40
29 45
50 47
16 4
23 40
48 15
17 39
22 21
5 19
26 12
7 1
50
48 15
30 39
49 28
50 28
18 28
10 26
46 50
25 42
45 18
21 6
35 3
47 43
42 43
17 12
27 6
31 25
24 34
34 1
11 18
29 39
9 42
44 45
5 4
3 49
13 14
16 32
33 4
1 28
20 4
41 32
38 49
8 48
40 14
26 7
36 42
19 27
6 4
32 26
2 33
43 49
15 42
37 2
14 32
7 42
4 10
39 24
12 43
22 38
23 3
47 43
41 32
35 2
22 38
4 10
8 46
27 6
3 49
9 45
30 35
17 12
13 45
42 43
26 7
34 1
50 28
6 4
16 32
14 32
7 42
46 37
19 16
1 28
24 34
39 24
15 42
45 18
40 16
44 23
2 33
11 3
18 28
5 4
10 26
38 49
12 43
48 15
25 42
29 32
43 49
21 24
20 4
33 4
32 26
23 3
37 36
49 28
36 42
31 28
50
4 35
11 23
9 4
46 47
47 14
12 19
32 49
20 10
19 16
23 19
17 29
10 1
24 22
1 12
49 35
48 35
3 31
45 13
8 22
6 35
35 22
31 20
18 16
5 42
38 34
42 35
25 48
26 1
39 10
27 41
41 22
44 10
30 22
15 9
22 40
37 22
33 41
13 12
28 13
2 4
34 29
29 40
21 13
50 40
43 28
7 8
36 1
14 30
16 40
20 50
2 46
25 48
27 41
44 12
37 22
30 22
23 19
3 11
41 22
5 45
11 23
31 44
50 40
21 27
17 29
48 35
45 46
34 29
12 19
13 12
42 35
4 18
39 10
46 47
35 22
29 40
6 37
36 48
49 35
16 40
32 35
7 49
18 28
1 12
24 39
22 40
9 49
33 41
14 30
28 13
43 30
26 25
38 13
10 1
47 14
15 31
8 48
19 16
50
22 30
1 6
32 29
3 28
34 19
4 31
5 29
28 1
18 23
30 49
19 49
15 31
21 20
36 30
40 19
47 7
23 19
37 50
35 49
26 22
39 47
10 12
24 11
8 1
17 35
41 18
25 31
44 38
49 1
2 35
11 23
38 50
13 31
7 6
48 46
50 35
16 30
33 26
46 1
31 49
29 23
14 2
45 36
43 28
20 36
42 31
9 49
27 33
12 19
17 19
35 49
4 31
27 33
2 35
29 23
19 49
28 1
18 23
48 46
24 11
13 47
47 7
32 29
44 38
11 23
22 30
16 30
14 2
33 26
31 49
49 1
41 18
50 35
39 47
38 50
40 19
42 20
7 6
25 31
21 20
37 50
10 12
15 31
34 19
8 4
46 1
36 30
12 19
30 49
45 36
1 6
9 49
43 27
3 28
5 44
23 19
20 36
26 22
50
8 33
15 40
16 10
43 4
24 20
27 33
25 17
1 9
9 16
4 18
6 10
3 2
42 40
35 49
31 30
40 20
7 23
14 50
37 23
5 38
20 18
50 17
11 45
32 27
33 50
36 29
13 16
34 40
45 30
46 26
12 23
22 13
21 16
10 44
44 18
38 4
47 6
23 38
17 20
30 44
19 34
41 44
2 44
29 32
26 37
49 27
39 43
28 39
48 2
17 20
7 23
20 18
16 10
3 2
47 34
19 34
25 17
36 29
15 40
1 18
41 35
35 49
30 44
45 49
48 2
6 10
14 24
38 4
13 2
34 40
2 44
12 6
26 37
50 17
31 30
42 40
22 48
32 27
43 4
29 32
40 20
37 23
5 4
23 38
8 33
46 26
9 44
24 20
44 18
10 44
11 7
4 18
28 30
39 43
49 27
21 16
27 33
33 50
50
20 15
26 24
50 3
38 45
36 10
27 30
15 37
33 15
5 9
1 31
29 18
4 47
18 1
40 37
30 37
16 44
24 37
43 21
41 40
25 41
9 22
31 37
35 15
34 40
44 22
28 34
23 31
32 2
3 37
7 42
2 21
21 22
45 1
47 21
46 47
17 8
10 33
8 42
49 8
11 34
13 2
48 3
39 47
42 22
12 22
6 42
14 3
22 37
19 10
5 31
21 22
45 12
43 21
29 43
15 37
9 27
1 31
46 27
19 48
24 37
33 15
31 37
47 22
22 37
44 22
38 39
8 42
20 33
32 16
12 22
30 37
17 8
42 22
16 44
14 18
39 30
7 15
27 30
11 34
25 5
26 24
41 40
13 6
10 33
4 6
34 40
35 17
36 10
28 42
23 43
2 32
48 3
50 27
49 8
18 23
6 42
40 37
3 37
50
32 26
50 26
13 4
30 14
20 23
22 1
33 49
19 24
25 8
28 49
39 22
3 1
41 31
47 12
18 38
7 12
46 26
43 31
27 46
10 7
34 3
26 8
21 30
4 41
2 6
11 43
5 14
36 6
45 17
48 42
12 43
14 8
16 12
37 39
9 26
15 24
24 6
49 8
23 11
17 26
35 49
8 43
42 8
38 32
44 32
40 33
1 49
29 47
31 6
23 11
17 42
16 37
43 31
2 27
37 9
13 11
27 46
44 6
32 26
49 8
46 26
8 43
20 23
11 43
14 8
29 27
15 24
28 49
25 8
45 33
18 38
48 1
39 22
33 49
50 33
22 1
10 30
36 6
34 24
4 9
31 6
47 20
35 15
7 12
24 6
42 47
12 43
3 1
1 49
26 8
9 26
21 30
41 31
30 14
5 3
19 44
40 15
38 32
50
28 20
26 2
48 14
24 23
6 19
34 8
22 1
1 2
50 46
19 5
27 23
14 18
7 30
16 1
46 30
32 45
47 20
30 5
33 2
18 43
13 4
15 47
2 46
25 20
21 24
5 43
45 42
41 2
9 5
35 30
4 27
38 2
11 9
37 42
49 28
44 3
42 43
23 28
39 28
17 41
20 5
12 19
31 22
29 33
8 46
36 12
10 12
40 29
3 28
14 9
40 29
2 46
7 30
3 28
26 20
12 19
15 47
48 33
17 41
41 2
10 45
1 2
8 46
34 8
46 30
18 43
11 26
20 5
37 43
13 4
35 30
28 20
39 45
22 1
5 43
16 8
27 23
44 3
49 35
42 43
31 22
25 26
19 5
21 48
24 42
29 33
50 33
33 2
30 5
47 20
6 42
9 7
36 42
4 27
45 42
23 28
32 25
38 46
50
32 18
17 38
24 12
46 32
26 9
8 30
2 13
1 2
28 34
34 49
13 49
50 23
33 43
31 49
23 24
18 4
35 36
47 2
14 1
27 16
43 40
11 32
30 31
5 31
9 30
3 41
21 49
7 25
16 24
15 35
39 34
42 39
48 40
37 18
41 40
29 4
44 4
19 10
45 48
22 30
40 12
6 30
20 34
4 12
38 12
10 41
12 25
36 25
49 36
26 9
6 30
8 46
9 30
45 48
34 49
18 4
13 49
36 25
4 12
22 9
50 35
12 25
24 12
3 41
7 43
28 34
14 40
40 12
5 6
35 1
11 18
27 33
33 23
29 32
47 26
20 40
48 40
1 2
15 9
2 13
41 40
30 31
37 13
17 28
44 7
42 25
46 32
10 41
39 34
49 36
31 49
21 39
23 24
19 10
16 24
43 40
38 9
32 18
50
3 34
26 38
48 31
45 34
46 32
12 46
1 50
2 9
27 32
29 10
22 25
41 10
37 29
13 32
20 12
28 8
32 30
36 18
47 12
16 29
9 43
38 27
15 24
39 30
21 12
10 30
50 12
11 32
6 10
43 32
8 12
17 25
49 31
35 10
19 34
25 13
7 13
23 43
40 23
18 32
33 13
5 30
34 30
42 32
4 32
24 50
44 47
14 43
31 32
23 43
38 27
19 34
9 43
33 13
12 46
11 32
49 31
35 10
22 25
6 10
48 31
10 30
21 12
26 38
13 32
34 30
46 32
3 34
47 12
45 34
40 23
20 32
27 32
16 29
25 13
14 8
50 12
5 30
29 10
7 13
2 9
28 39
1 50
15 24
36 18
8 12
39 38
17 25
32 30
4 41
41 10
18 32
43 32
44 47
37 29
24 50
31 32
42 32
50
38 46
28 22
12 19
21 4
43 23
39 1
36 23
49 3
14 4
13 10
20 16
1 21
46 10
48 25
9 26
26 2
3 33
15 23
35 13
34 22
5 21
29 20
17 15
8 30
41 30
16 19
50 14
32 5
27 50
10 22
7 12
40 11
30 33
11 33
42 26
22 4
31 23
6 22
18 26
19 22
2 33
33 22
37 21
24 25
44 22
23 34
47 21
45 9
25 33
20 16
45 28
28 18
46 10
22 4
36 21
30 33
10 22
23 34
17 39
21 4
40 24
19 22
12 19
5 21
1 21
44 22
8 5
25 33
35 18
24 25
11 33
38 37
37 21
32 28
2 33
33 22
6 22
31 26
48 25
18 46
49 3
15 4
47 21
9 39
13 38
34 22
3 33
43 23
14 4
16 19
50 14
26 2
27 8
41 30
42 33
7 12
29 20
39 1
50
13 21
16 44
41 13
3 44
1 22
7 22
26 32
42 21
50 19
11 30
20 12
43 15
35 22
44 6
39 6
37 13
31 18
9 21
38 21
40 6
45 30
29 39
27 39
49 41
23 15
24 38
48 37
33 6
22 37
21 6
2 9
32 41
14 42
10 41
47 34
28 5
30 6
5 34
18 19
12 16
4 1
34 37
8 6
15 8
36 33
19 47
25 34
46 5
17 40
24 28
37 13
17 2
47 34
4 1
31 10
11 30
43 29
15 8
28 5
27 37
21 6
12 31
30 6
50 19
10 41
46 21
36 7
22 37
34 37
44 5
14 21
42 21
32 41
48 37
2 1
39 6
23 31
16 36
25 34
9 21
8 6
13 21
41 13
40 49
18 9
5 34
45 10
19 47
33 47
1 22
38 18
7 19
20 47
35 18
29 39
3 8
26 32
49 41
50
17 38
42 22
27 39
33 20
41 24
7 38
21 36
30 39
31 42
34 45
40 36
22 23
46 29
12 23
14 19
26 23
43 44
4 10
1 32
25 42
6 37
50 40
48 40
18 43
16 45
8 19
36 23
9 19
38 36
45 24
11 5
32 29
29 11
47 42
20 31
19 45
44 38
49 30
37 14
2 20
3 39
28 12
13 22
24 22
39 42
10 30
35 43
15 47
5 47
1 32
28 12
20 31
45 24
2 43
10 30
43 44
22 23
38 36
19 45
42 22
14 19
50 40
3 39
6 37
26 23
31 42
49 30
40 36
18 43
32 29
7 36
34 36
4 11
30 39
46 44
35 27
21 17
48 40
37 14
29 11
13 5
8 9
47 42
5 47
15 47
24 22
33 20
36 23
11 5
9 18
39 42
17 44
44 38
12 23
25 18
27 11
16 45
41 24
50
49 35
40 9
12 27
26 48
34 17
2 3
18 48
14 49
47 7
7 36
32 28
19 1
37 43
16 41
35 15
22 10
46 27
1 35
43 49
11 15
8 31
45 33
39 40
36 35
31 13
48 21
21 28
29 7
41 35
13 7
44 23
17 27
3 33
24 11
28 49
50 49
30 50
42 41
9 48
4 28
27 29
6 29
38 32
5 36
33 36
20 5
25 13
10 36
23 28
34 23
49 35
13 7
35 15
39 12
20 5
10 36
29 7
42 37
50 49
1 35
16 34
46 27
19 1
26 19
7 36
14 47
24 11
22 10
5 36
33 36
18 23
38 47
48 21
8 31
17 32
2 42
28 49
40 43
44 23
32 48
41 29
6 20
21 28
11 15
23 28
36 35
3 33
30 19
4 28
9 35
31 13
27 29
25 28
12 36
43 31
47 50
37 46
45 44
50
14 34
42 25
31 19
16 33
15 7
25 40
45 7
10 34
17 24
6 16
39 32
44 2
41 22
40 19
21 49
29 49
34 24
49 20
32 47
26 47
35 1
5 2
20 7
9 5
18 45
4 36
2 34
24 40
8 20
30 45
1 19
37 33
23 11
27 22
36 40
46 36
13 28
11 32
12 40
3 43
48 31
28 36
7 19
22 17
33 40
38 36
47 33
43 40
50 36
34 24
27 10
12 40
10 34
5 2
3 1
29 36
24 40
32 47
8 20
36 40
16 33
14 1
38 8
22 17
21 49
26 47
39 34
31 19
45 7
47 33
4 5
50 2
13 28
46 13
15 16
20 7
17 24
18 45
43 40
37 45
41 22
9 5
49 20
44 2
11 32
2 34
48 31
33 40
6 18
7 19
28 36
30 45
25 40
23 44
42 30
40 19
1 19
35 28
50
9 1
6 46
14 31
46 30
27 15
42 28
37 25
38 44
2 44
34 26
5 9
24 18
35 44
29 28
36 43
17 4
8 13
21 3
31 1
13 44
20 11
26 8
40 44
45 49
41 23
30 19
22 35
25 39
10 35
18 40
39 9
7 1
12 37
43 9
48 31
16 8
11 9
15 39
4 9
33 13
49 38
50 17
32 25
44 31
23 43
28 19
3 14
19 44
47 45
47 49
42 48
6 39
38 44
32 40
8 13
12 42
9 1
2 24
15 9
4 9
36 46
18 40
16 8
17 4
33 5
3 14
46 30
20 2
28 19
14 31
11 16
48 31
22 19
5 32
30 19
35 19
50 17
24 18
45 39
34 45
25 39
29 10
41 48
27 36
26 31
49 38
13 44
10 43
21 3
23 43
37 25
19 44
40 44
39 9
44 31
31 1
7 50
43 9
50
32 2
43 9
15 34
8 47
34 2
9 28
47 2
4 24
31 2
11 28
13 26
26 7
17 33
28 47
36 37
25 21
40 33
19 5
6 9
35 9
22 26
7 29
3 50
16 50
38 2
39 20
24 2
33 7
1 50
50 14
42 32
46 27
44 39
18 26
29 34
41 48
12 21
14 2
10 48
49 10
20 10
30 47
21 29
45 23
27 34
48 32
37 2
23 32
5 17
15 36
39 25
3 12
12 45
48 32
22 26
31 50
26 7
13 26
49 37
28 47
45 23
46 18
17 43
37 10
10 48
33 7
32 2
19 2
35 21
16 29
44 47
50 14
14 2
18 40
23 32
9 28
11 28
6 9
40 33
36 48
4 24
21 29
43 9
34 2
1 50
7 29
42 4
20 10
38 40
25 2
47 2
29 34
27 34
8 44
30 8
41 6
5 35
24 2
50
43 13
13 40
32 38
26 34
2 10
28 32
18 44
49 26
1 38
21 37
33 42
46 43
19 47
50 36
41 16
34 38
48 19
23 30
3 21
8 4
10 17
27 13
40 47
12 44
29 2
31 37
7 20
47 5
14 46
39 22
24 48
9 45
36 13
15 25
25 40
45 47
5 37
4 5
30 4
20 8
38 8
17 45
11 49
35 14
6 45
16 37
42 4
22 42
44 16
31 37
4 5
14 46
3 21
39 22
11 49
8 4
38 8
26 34
28 3
46 43
20 8
6 45
22 42
5 37
25 33
29 2
43 13
34 38
10 17
42 4
12 9
50 36
41 16
1 38
33 42
9 45
35 14
47 5
36 13
24 48
16 37
18 44
44 16
30 4
21 37
27 13
23 15
7 20
15 45
19 47
17 45
32 38
40 47
13 40
48 19
49 26
2 10
45 47
50
6 3
23 2
42 33
39 18
38 20
12 24
19 5
31 18
45 27
4 45
18 38
50 46
36 25
14 19
1 13
37 26
10 31
2 36
22 28
40 27
48 32
27 43
11 40
17 28
49 25
3 17
41 20
44 34
30 24
15 12
32 40
7 36
46 41
34 38
35 20
13 43
33 22
16 46
29 13
9 20
28 43
26 18
47 38
5 45
43 20
8 25
25 45
24 19
21 46
13 43
42 33
32 40
4 13
49 25
37 49
45 27
6 3
50 48
41 20
22 28
7 36
39 21
46 41
40 27
28 43
47 38
3 17
25 45
23 33
10 33
29 6
38 20
5 45
9 17
19 5
11 39
1 13
8 13
2 47
21 46
48 9
24 19
26 32
16 46
17 28
35 16
34 38
14 29
43 20
36 25
18 38
44 34
30 41
33 22
27 43
12 17
31 18
15 42
50
20 38
33 11
43 5
14 38
16 33
36 50
10 36
17 34
19 8
44 7
6 50
3 7
39 2
35 28
13 44
42 46
46 27
32 27
2 13
41 32
8 48
49 37
22 6
9 34
40 46
24 8
28 34
47 46
31 45
48 27
25 48
21 43
4 32
5 50
50 34
15 27
29 50
18 34
34 47
38 27
12 37
1 47
26 34
45 33
30 45
37 45
11 17
23 33
7 32
40 33
37 45
30 45
11 17
12 37
5 50
23 33
2 13
16 33
32 27
9 2
35 7
14 22
19 41
42 35
48 27
26 34
3 35
13 44
20 30
47 46
25 16
29 14
43 5
34 47
17 34
24 8
46 27
38 44
18 31
1 28
28 34
15 34
50 34
7 32
44 7
21 46
31 45
6 50
8 48
49 2
4 23
45 33
36 25
10 6
41 3
39 2
33 11
22 6
50
11 15
16 4
5 7
46 3
4 13
42 13
50 25
43 10
48 41
30 13
24 25
10 23
45 20
15 36
47 4
32 9
19 20
7 49
14 46
25 10
23 13
12 18
1 22
35 37
2 25
41 26
8 50
29 49
18 13
44 3
36 20
27 10
26 23
3 10
49 25
20 25
28 3
39 38
22 25
38 49
6 40
31 47
33 6
21 13
9 46
34 22
40 27
37 21
17 40
9 46
27 10
2 39
30 23
14 50
48 11
42 25
35 27
12 7
1 22
47 19
18 13
16 4
26 23
49 25
21 13
39 38
29 28
24 48
31 32
8 50
40 48
36 20
15 36
17 37
45 30
25 10
20 25
6 43
37 21
34 39
7 49
28 15
10 23
4 13
11 15
41 26
5 37
50 25
33 32
38 49
3 10
22 25
19 45
43 34
32 9
46 3
44 3
23 13
50
22 33
6 3
50 22
48 33
49 30
43 10
26 44
45 42
47 24
7 3
23 39
38 10
5 1
10 29
32 49
29 35
12 26
40 6
8 28
27 1
3 37
30 16
35 39
37 33
34 26
24 44
1 21
41 21
19 49
46 5
21 35
42 17
9 10
4 17
11 4
31 39
25 49
39 42
13 29
33 39
15 38
20 16
28 16
2 25
44 21
16 10
18 33
14 42
36 25
22 38
36 2
29 35
27 25
3 37
33 39
16 10
20 16
4 36
31 37
6 3
28 16
40 4
1 21
49 30
30 16
5 1
10 29
15 4
7 20
12 2
45 35
8 29
35 39
19 49
47 39
46 5
11 17
38 10
26 44
32 49
50 21
39 42
34 25
42 17
13 3
23 41
41 11
44 21
14 42
21 35
43 44
9 35
48 17
24 1
18 8
37 33
2 25
25 49
50
9 22
46 22
21 46
23 28
18 45
31 29
38 41
32 15
37 11
7 40
3 23
47 15
25 16
2 33
24 42
6 33
26 21
5 46
49 22
44 33
40 23
13 35
34 17
4 45
12 27
16 36
42 46
43 14
50 11
10 27
41 28
45 22
1 26
29 39
36 22
48 44
14 11
39 46
19 3
15 33
35 4
8 5
27 22
20 5
11 46
30 33
28 22
17 40
33 46
47 37
19 10
21 46
16 36
35 4
3 30
36 22
11 46
23 28
25 16
2 28
26 21
40 23
4 45
30 33
39 29
17 40
41 28
8 5
44 33
6 33
15 33
45 22
38 34
24 9
13 2
48 44
37 6
27 22
1 26
20 35
43 1
29 30
33 46
50 33
12 11
14 41
42 46
46 22
49 22
10 27
31 34
28 22
5 46
34 17
9 8
18 45
32 8
7 17
50
49 4
31 50
24 40
34 32
7 38
21 49
15 36
23 25
29 2
47 27
30 44
8 5
13 14
28 36
2 13
1 5
43 44
44 36
4 32
40 44
17 14
41 23
20 27
25 36
48 26
14 31
6 27
12 32
27 44
10 7
39 49
19 37
22 49
46 50
3 38
16 14
38 31
26 39
37 9
11 49
9 50
33 9
50 36
32 50
18 44
42 27
45 12
5 50
35 39
24 2
11 10
6 11
40 32
34 5
44 36
4 32
12 32
19 37
28 36
33 9
18 44
8 5
21 4
50 36
13 14
43 9
7 38
42 28
26 39
3 38
17 25
41 23
22 49
10 25
1 5
35 39
25 36
15 27
30 44
39 49
46 36
37 9
14 31
5 50
32 50
47 22
20 27
48 26
49 4
29 2
27 44
31 50
38 31
45 50
2 13
23 25
16 14
9 50
50
27 47
16 41
12 23
42 25
18 36
13 7
26 35
40 36
43 35
36 34
30 7
34 7
20 2
33 28
10 34
35 34
29 24
23 19
37 41
14 50
24 10
46 16
6 47
7 17
19 47
3 35
28 24
8 41
11 34
25 35
5 47
49 34
47 7
1 35
22 30
21 29
31 30
50 47
48 28
44 35
38 29
15 7
9 38
2 44
41 19
4 28
39 40
32 25
45 29
47 7
49 36
7 17
1 35
3 35
41 19
25 35
32 25
48 28
36 34
6 47
12 23
16 25
8 41
14 50
46 32
4 1
39 20
21 25
11 34
26 35
29 24
23 19
15 26
28 24
40 45
18 36
30 7
24 10
38 29
37 44
22 30
19 47
50 47
43 35
35 34
31 30
20 2
44 35
2 44
9 38
5 47
13 7
45 29
27 47
42 9
33 28
34 7
10 34
50
27 37
9 41
24 12
42 21
20 12
4 37
46 39
26 41
6 34
17 12
8 39
40 28
22 33
12 39
2 33
16 36
44 29
30 24
37 22
21 37
38 35
13 20
14 13
45 18
7 4
10 49
11 22
48 27
28 33
19 50
32 4
41 39
35 2
43 37
49 28
39 33
5 22
15 25
47 25
50 22
1 46
23 9
18 37
3 20
25 39
29 18
34 40
36 18
31 39
25 39
19 7
46 39
43 42
18 37
32 4
34 40
41 39
38 43
47 25
37 22
4 37
23 2
16 41
35 2
31 39
45 18
5 40
13 9
48 45
11 29
24 12
20 12
30 42
40 28
27 37
49 36
39 33
50 22
9 41
36 18
44 43
14 44
2 33
15 17
1 46
7 4
42 21
3 42
26 7
22 33
21 37
12 39
17 12
29 18
28 33
10 29
8 1
6 17
50
10 22
40 48
30 48
3 34
24 6
33 6
36 24
22 24
14 4
5 30
21 46
35 6
50 32
17 50
2 24
4 34
46 29
13 30
23 32
1 34
29 4
38 32
32 36
25 38
28 40
6 34
49 19
8 35
16 6
9 47
11 6
42 50
44 13
45 12
18 47
26 2
27 34
20 3
48 12
12 22
7 36
31 35
15 32
39 4
19 24
43 12
41 48
37 3
47 48
21 11
5 30
30 48
47 48
39 4
2 24
25 14
37 8
27 19
24 6
18 47
41 19
15 32
45 12
33 48
22 24
48 12
23 17
3 34
29 4
16 6
49 19
32 36
9 47
13 30
8 35
28 40
46 29
20 2
40 48
6 34
10 45
44 29
42 7
50 32
19 24
43 38
31 35
26 49
1 17
17 50
12 22
14 4
36 24
38 32
35 6
11 23
7 36
4 34
50
28 47
29 46
23 27
32 49
38 14
49 14
3 2
9 34
31 27
48 31
39 30
33 35
36 17
4 30
2 44
11 18
35 19
45 21
6 18
46 39
7 44
18 13
43 31
8 20
50 10
37 36
26 14
47 14
25 1
44 49
13 19
5 10
12 49
22 49
40 14
17 27
15 39
19 39
14 30
42 49
34 31
27 46
24 2
41 48
1 40
21 26
10 39
16 23
20 46
31 27
8 20
46 39
10 39
29 46
25 1
41 48
3 2
48 31
32 49
7 44
34 31
43 31
4 32
36 17
9 34
50 10
21 26
14 30
5 10
33 35
28 47
1 40
49 14
19 39
24 13
17 27
35 19
27 46
45 21
2 44
16 23
20 46
38 14
11 18
40 14
12 49
23 27
37 36
15 35
39 30
18 13
22 49
44 49
26 14
47 14
13 19
6 18
42 25
50
44 19
46 39
33 45
16 13
42 25
19 36
6 26
23 36
40 31
47 36
43 31
9 22
11 36
49 35
39 26
1 50
30 26
3 38
50 13
29 13
12 29
5 24
15 13
24 25
31 13
2 13
34 2
38 26
41 19
25 18
37 2
28 50
48 20
17 40
36 40
8 31
18 34
35 34
10 22
21 35
7 8
4 16
22 15
20 27
13 26
32 2
14 19
45 50
27 28
32 2
21 35
33 30
25 18
41 34
19 36
43 31
17 40
29 35
46 39
39 26
9 42
36 40
3 43
10 21
20 27
16 13
34 2
28 50
18 34
30 26
37 2
40 31
42 1
12 20
13 26
48 20
47 50
2 13
50 13
14 12
35 34
24 25
7 8
31 13
22 15
49 41
23 36
11 46
15 13
6 26
44 19
38 26
8 31
1 50
5 45
4 11
27 28
45 50
50
33 41
28 17
41 3
8 30
7 20
13 46
2 24
31 48
44 29
40 45
23 45
18 27
37 3
9 49
21 44
6 38
27 20
32 13
30 25
3 45
19 13
16 35
35 43
36 41
47 37
46 40
11 9
29 6
4 7
39 20
10 36
14 3
22 16
20 45
5 31
48 41
1 25
24 15
50 35
38 40
42 15
49 17
12 20
34 27
26 13
43 3
25 45
17 1
15 41
15 41
43 3
10 36
38 40
36 41
50 22
12 20
14 3
47 18
19 41
42 15
9 49
41 3
37 3
46 40
39 20
1 25
49 17
32 13
27 20
5 31
40 45
7 20
26 13
18 27
48 41
2 24
34 27
22 43
6 38
25 45
29 6
24 15
8 43
20 45
30 44
4 7
16 35
28 40
3 45
44 29
33 36
23 34
13 46
11 47
31 48
17 1
21 39
35 43
50
4 21
18 4
24 8
9 10
17 8
29 41
26 37
28 21
1 23
34 4
14 44
2 26
43 37
11 43
46 25
10 47
5 46
15 21
40 23
39 12
38 28
13 19
23 37
33 27
37 21
8 21
36 17
42 32
30 4
16 34
22 10
25 44
44 27
3 7
20 47
12 26
47 27
50 32
49 15
19 6
27 15
48 47
45 8
35 33
32 8
41 26
7 25
31 18
6 27
23 37
12 26
14 37
27 15
3 47
30 7
29 5
40 31
33 21
4 21
2 47
31 18
11 43
1 7
10 47
16 29
8 21
7 25
18 4
46 25
42 29
32 8
37 21
13 17
36 18
50 32
6 27
41 9
28 43
44 27
15 21
19 48
5 46
48 11
49 12
35 46
34 24
45 14
24 4
17 8
25 44
22 3
43 37
47 27
20 34
39 15
9 40
26 37
38 50
50
13 29
37 34
1 41
49 29
4 11
41 28
9 15
11 29
31 30
19 44
6 43
42 41
15 30
32 29
26 27
20 39
7 6
47 42
29 28
8 24
23 24
16 36
40 42
46 10
18 34
39 42
36 13
10 49
45 40
14 39
48 28
33 42
30 43
27 49
25 31
50 36
17 18
24 28
38 29
21 48
2 18
3 11
43 28
12 42
22 15
44 50
35 2
34 40
5 30
49 29
31 30
9 15
16 9
17 28
32 29
42 41
48 25
1 41
41 28
18 34
24 28
3 11
11 29
7 1
47 22
34 40
30 43
13 29
27 49
26 3
43 28
5 48
15 30
8 24
35 2
10 49
21 3
37 2
46 10
44 50
12 42
40 42
45 40
14 39
36 13
38 17
23 24
50 36
25 31
19 44
4 11
33 42
22 15
2 18
39 42
29 28
20 39
6 43
50
38 23
12 42
33 7
26 39
28 44
29 9
8 20
19 3
46 25
27 34
13 33
15 21
22 48
34 10
10 2
44 2
36 42
47 14
11 34
25 23
45 44
41 3
49 34
7 15
35 45
32 30
50 6
20 15
17 10
30 42
43 5
40 28
42 15
9 26
39 6
6 23
21 1
23 2
48 35
18 25
31 40
5 2
14 15
3 12
16 44
24 33
37 42
4 3
2 21
22 24
7 15
40 6
18 45
32 38
39 6
28 16
42 15
43 5
17 1
37 14
10 2
9 26
19 22
49 45
20 15
21 1
16 31
24 50
15 21
3 12
13 34
2 21
35 45
36 42
5 2
6 23
48 35
46 7
33 40
8 31
14 15
29 35
45 44
34 10
11 34
23 2
38 21
27 5
26 39
47 25
30 12
31 25
50 6
12 42
25 23
4 3
41 42
44 2
50
36 28
31 26
33 18
12 39
2 28
8 45
25 7
5 32
1 17
15 6
35 26
34 43
27 45
17 18
13 50
21 29
16 42
3 18
30 37
23 21
39 29
4 6
38 4
47 22
14 12
49 42
10 44
44 33
6 20
20 44
26 1
46 42
37 44
45 39
11 17
50 23
24 22
42 21
9 44
40 15
48 43
28 21
22 29
41 39
19 29
7 21
32 29
18 39
43 6
30 25
37 44
23 21
7 46
49 42
22 29
5 32
40 22
15 13
8 50
14 19
18 39
10 44
41 39
44 33
47 46
2 26
38 28
28 21
43 6
16 18
17 18
24 22
48 40
9 44
4 6
35 3
32 29
21 29
12 39
36 29
1 17
50 23
13 50
33 18
3 18
26 1
20 44
25 9
42 21
34 43
31 50
19 29
45 39
27 45
6 20
46 42
39 29
11 26
50
42 30
12 45
7 13
30 44
6 49
39 9
41 38
14 46
27 14
35 7
31 20
38 12
13 47
9 46
29 4
11 38
26 13
18 38
4 27
17 8
33 46
19 48
16 27
15 27
20 14
25 4
34 45
37 12
1 44
32 27
5 7
24 38
49 13
2 46
23 7
44 46
22 40
10 5
46 47
43 46
36 3
40 37
45 44
50 7
8 47
3 7
21 31
28 19
48 13
35 26
42 30
15 38
1 44
28 21
14 46
40 37
39 48
21 44
8 47
25 18
33 12
48 13
44 46
49 13
19 6
46 47
18 38
2 46
10 18
4 27
12 45
30 44
5 7
26 13
7 13
16 47
34 43
24 45
22 40
37 12
27 14
38 12
11 26
6 49
20 14
17 5
13 47
31 20
43 46
3 30
41 14
45 44
29 4
23 4
32 22
50 7
36 14
9 46
50
35 10
46 45
41 42
7 38
20 34
39 45
5 23
50 6
40 35
9 10
31 46
13 35
36 42
27 45
4 8
26 10
22 10
14 9
17 49
28 30
38 30
8 26
25 26
15 3
12 47
24 14
44 1
42 30
49 26
23 25
19 7
47 3
34 4
18 9
37 1
6 30
32 13
16 9
2 49
11 38
3 42
29 10
1 47
21 30
48 8
30 8
43 3
33 13
45 38
9 10
34 4
48 8
43 20
20 34
15 3
17 40
29 46
35 10
22 20
31 3
23 25
47 3
44 1
50 6
27 4
40 47
8 26
21 30
19 7
14 9
42 30
3 42
13 35
7 38
25 26
49 26
37 1
32 13
45 38
39 20
6 30
5 23
4 8
16 9
12 47
41 16
36 25
2 49
28 30
11 44
46 45
33 13
38 30
1 47
26 10
18 28
30 8
24 14
50
48 35
10 13
17 42
47 36
23 50
28 42
19 9
37 8
50 1
9 39
20 36
40 35
41 12
24 40
33 26
32 20
44 30
4 6
43 47
13 48
15 44
29 40
7 15
11 47
22 20
8 35
12 5
14 26
25 26
38 34
31 36
16 27
34 35
45 48
2 36
5 10
49 30
18 10
42 30
27 10
6 10
1 24
36 10
21 22
30 13
3 10
39 1
26 20
46 37
7 43
8 35
48 35
40 35
30 13
15 24
32 20
43 26
37 29
27 1
26 20
24 40
46 17
28 42
49 46
10 13
5 10
42 30
36 10
19 36
18 10
12 5
14 8
2 24
47 36
41 21
33 26
31 33
29 40
45 38
4 7
11 47
3 43
9 39
22 8
44 30
16 12
21 11
39 1
1 24
25 11
23 50
38 11
17 29
34 35
6 17
20 36
50 1
13 48
50
37 28
35 42
30 10
14 43
31 49
38 20
4 12
8 20
12 18
26 38
49 42
47 5
33 49
46 21
44 23
41 37
50 21
27 1
16 28
40 26
17 36
7 45
18 5
11 20
39 45
45 42
34 5
20 28
36 8
19 26
29 5
25 7
13 6
1 32
22 43
42 28
10 5
48 38
21 48
6 5
23 16
43 37
2 10
3 2
15 40
5 28
9 33
24 49
32 5
34 47
27 28
19 26
18 5
49 12
31 38
32 5
44 48
21 48
5 28
45 42
46 21
40 21
2 10
48 38
15 50
14 38
35 18
24 7
23 16
36 8
17 36
10 5
30 50
12 18
1 32
4 16
8 20
25 34
38 20
39 6
9 31
29 5
3 5
43 24
26 38
7 45
42 28
50 21
47 8
11 20
22 8
13 34
16 28
37 28
20 28
6 50
33 15
41 26
50
40 34
17 7
38 1
30 13
42 10
48 42
29 39
15 2
49 33
8 38
25 21
2 40
20 33
7 34
3 12
46 44
13 44
5 1
9 21
23 33
31 9
44 33
21 39
50 38
10 44
22 16
16 2
45 16
6 16
39 34
32 2
37 9
12 26
41 15
34 1
28 27
14 1
36 1
47 39
43 26
27 21
18 22
35 20
11 10
19 41
26 40
4 30
33 34
24 32
48 42
30 13
33 34
10 44
31 16
22 16
4 40
19 41
16 2
27 21
7 19
24 33
25 38
13 44
42 10
11 24
2 40
8 2
49 33
29 35
5 21
35 23
14 15
47 39
36 13
50 27
37 9
39 34
21 39
32 24
34 1
44 33
28 37
26 40
18 31
40 34
3 37
46 47
17 19
45 40
20 18
6 33
38 1
41 15
23 33
12 26
9 21
43 2
15 2
50
2 34
13 46
27 6
8 35
25 50
30 29
1 48
22 40
34 11
47 40
7 40
44 3
24 36
18 24
37 40
9 32
26 19
32 37
36 13
23 42
38 33
31 15
41 46
50 40
33 40
15 41
11 20
17 1
35 24
3 32
14 16
4 34
12 34
6 37
42 3
48 20
10 48
20 37
28 31
5 48
19 50
29 39
21 19
49 37
43 40
16 40
45 40
46 37
39 33
14 16
30 29
26 41
50 40
20 37
3 32
10 41
42 3
12 25
17 39
48 20
32 37
47 40
45 42
19 50
2 3
7 48
38 36
18 47
34 27
11 20
15 41
33 40
13 46
46 37
43 11
37 40
25 24
9 38
27 23
29 39
6 49
5 1
1 48
35 24
28 24
23 16
44 20
31 15
24 36
39 33
8 35
49 44
4 18
21 11
41 46
16 40
22 31
36 13
50
42 34
46 37
28 43
21 48
40 26
8 1
26 39
49 11
14 43
44 3
38 17
10 6
25 11
15 42
20 25
35 7
45 49
39 17
5 31
36 49
22 39
13 49
23 39
41 17
48 43
19 9
31 43
32 21
50 7
18 47
2 26
3 23
1 39
9 29
7 28
24 38
30 16
27 25
6 7
37 38
4 43
33 36
16 23
29 17
34 49
43 39
12 38
47 11
17 11
50 15
19 11
22 46
8 6
44 3
4 43
27 25
49 11
26 39
12 38
10 41
37 38
39 17
2 20
41 17
25 11
28 43
38 17
32 12
35 22
29 17
13 20
45 43
20 25
21 26
24 48
47 43
33 37
18 27
3 23
7 28
15 32
5 31
46 37
23 39
14 31
43 39
40 1
1 39
34 39
48 43
30 16
16 23
31 43
42 26
9 17
6 7
36 49
17 11
50
50 17
3 44
38 25
27 5
26 3
16 13
2 5
29 12
13 47
1 47
40 25
45 15
21 20
44 13
42 37
8 40
32 13
10 26
30 40
43 14
23 8
22 34
19 32
36 26
37 47
33 43
20 28
49 15
7 29
12 4
28 9
6 22
34 13
15 22
14 25
5 47
46 40
4 13
17 25
35 5
39 34
48 37
9 44
11 41
24 13
31 33
18 42
25 47
41 25
2 20
35 5
7 29
36 26
29 12
15 22
37 47
44 13
18 20
5 47
17 25
4 13
50 17
13 47
38 44
46 40
6 22
23 8
14 25
11 41
9 44
34 13
22 34
20 28
45 15
21 20
33 43
48 34
24 15
12 4
3 44
28 9
31 1
30 48
10 36
49 15
16 13
42 37
27 5
1 47
39 32
40 25
32 13
41 25
43 14
26 3
8 40
19 7
25 47
50
3 7
20 31
37 39
6 38
5 13
2 27
4 49
26 29
33 29
35 2
21 9
24 13
28 49
38 13
41 50
9 47
31 2
22 25
1 27
7 27
44 33
45 16
17 48
23 7
48 29
30 19
27 13
12 31
18 48
19 11
16 13
42 25
11 39
10 26
29 27
39 27
34 11
14 2
32 8
40 16
15 3
47 13
46 31
49 27
50 33
8 39
25 19
36 3
43 44
34 11
12 31
32 49
27 13
9 47
30 19
36 3
47 13
4 49
40 12
18 48
2 27
42 25
39 27
46 31
29 27
15 3
10 26
22 25
25 19
38 13
48 29
28 49
45 30
14 2
33 29
24 13
8 39
11 39
1 33
17 48
16 13
19 11
21 9
7 27
43 44
6 38
20 31
49 27
3 7
23 37
5 13
37 39
44 33
31 2
50 33
35 2
26 29
41 50
50
4 7
41 2
5 22
16 4
13 20
25 2
17 4
18 32
14 45
35 22
23 47
24 26
48 35
43 47
1 39
37 6
3 32
26 2
27 8
47 2
6 3
21 15
9 26
29 35
45 1
2 20
22 20
40 5
44 47
42 49
39 33
32 20
28 5
7 26
30 3
38 36
49 17
33 25
11 29
31 35
10 35
8 41
34 7
36 16
15 50
46 1
12 32
50 18
19 49
29 8
3 32
16 4
1 39
41 2
42 50
10 22
45 1
50 18
40 27
49 17
30 3
11 15
14 45
35 22
13 48
37 6
48 9
27 8
25 2
36 16
21 16
38 22
28 36
2 20
22 20
15 50
12 8
23 36
33 25
8 41
17 4
32 20
5 22
47 2
39 33
9 25
24 26
31 42
34 7
46 23
18 32
19 18
6 3
26 2
44 23
7 26
43 47
4 7
50
41 11
42 31
26 13
20 49
27 21
1 11
46 50
40 4
30 46
12 26
50 49
3 33
11 2
22 26
32 16
49 13
36 6
16 2
23 5
21 26
14 16
19 16
6 13
45 4
13 2
38 35
28 49
34 43
5 6
35 50
18 16
43 11
39 31
31 2
17 46
7 17
47 14
37 11
48 14
29 11
9 38
4 28
44 41
15 43
33 18
25 34
10 36
24 15
8 16
13 2
5 50
23 40
38 35
15 43
8 16
12 18
24 31
33 18
41 11
47 8
29 11
11 2
25 34
3 12
45 4
19 16
17 46
27 21
26 13
35 50
7 22
48 41
9 38
42 31
49 13
4 28
6 13
30 46
14 16
20 49
16 2
32 16
43 11
50 49
28 49
46 50
10 36
40 10
34 43
44 41
18 16
1 11
39 31
37 11
22 26
21 26
31 2
36 6
50
38 15
46 39
32 34
7 18
20 18
45 7
11 23
50 29
18 41
39 25
42 38
48 42
15 18
37 7
6 15
47 1
2 31
27 29
35 14
10 15
9 29
26 25
16 41
14 10
8 43
23 18
40 29
34 41
44 45
19 6
29 20
30 17
3 6
24 10
21 41
5 3
36 30
43 6
49 16
28 18
1 10
31 1
4 10
17 29
22 41
33 44
25 20
13 22
12 4
2 31
38 15
33 44
13 29
31 1
44 45
11 24
1 10
16 41
12 33
7 18
4 10
39 25
17 29
46 39
37 26
8 15
6 15
9 18
21 41
20 18
35 28
48 42
50 27
27 32
32 7
43 28
24 44
25 20
19 38
10 15
15 18
14 7
29 20
30 17
26 25
3 6
5 36
22 41
45 7
28 18
23 18
36 30
47 42
49 16
40 29
34 41
18 41
42 38
50
19 21
16 26
45 26
15 41
18 21
24 39
23 46
36 46
13 48
1 41
39 15
22 23
28 39
49 5
37 41
30 31
6 1
4 24
26 44
11 18
50 15
33 15
5 17
38 41
29 48
46 34
17 12
3 33
40 5
2 13
9 23
27 37
44 40
21 35
32 35
14 32
42 15
8 9
47 41
12 48
48 1
25 42
34 41
20 26
35 48
31 22
43 44
10 44
7 8
19 44
23 46
33 15
22 23
1 41
29 48
14 32
27 14
12 48
38 41
2 13
15 41
40 5
25 36
20 46
28 38
37 41
7 31
49 5
32 35
13 48
26 44
17 12
18 21
46 34
31 22
44 40
3 15
50 15
47 41
45 26
16 26
6 1
21 35
10 50
24 39
9 23
5 17
36 46
34 41
35 48
39 15
4 24
43 30
42 15
11 18
30 31
8 9
48 1
50
32 27
46 16
11 43
49 42
31 20
45 13
37 46
34 9
6 27
19 10
39 45
3 37
33 13
50 13
13 1
30 20
14 31
28 20
29 38
20 16
4 27
41 21
22 6
23 25
10 12
15 5
5 38
26 12
40 29
38 20
42 16
9 16
24 32
47 6
21 14
1 11
17 31
25 31
36 5
7 36
18 15
43 37
44 25
12 3
35 5
48 37
2 9
27 38
8 17
6 27
27 38
17 31
21 14
28 13
45 44
33 38
35 20
1 11
5 38
30 20
23 39
26 30
20 16
19 10
50 43
24 18
34 32
4 27
25 31
22 6
43 37
13 43
39 22
46 16
2 38
38 20
3 37
49 1
48 5
36 5
29 38
9 16
31 20
37 46
41 21
47 4
12 3
11 43
42 16
10 12
44 25
14 31
32 16
7 36
15 5
40 50
8 26
18 15
50
27 44
22 14
19 12
6 31
24 17
4 50
18 12
36 24
45 6
7 32
14 18
48 47
35 12
15 32
44 12
30 33
34 50
20 3
39 6
23 32
41 35
38 12
10 19
50 22
9 1
25 46
42 1
46 14
47 16
16 17
37 35
21 41
43 32
1 49
33 18
29 12
31 12
3 44
17 18
5 32
2 44
28 39
40 32
49 32
26 10
8 18
13 29
11 43
32 12
38 12
13 27
16 17
46 14
8 20
41 9
21 22
5 8
26 43
10 5
23 38
50 22
27 47
44 12
19 22
48 47
17 18
11 50
24 17
25 44
9 1
42 32
1 49
30 48
28 38
4 7
37 45
22 14
6 31
7 13
45 22
3 44
18 12
29 12
32 12
33 48
49 32
20 3
36 34
2 44
39 6
15 33
35 12
14 18
43 9
34 20
40 32
47 16
31 12
50
3 6
25 43
27 19
41 43
50 28
38 46
24 39
1 44
2 46
14 25
39 28
11 45
47 41
40 39
31 34
6 14
4 37
32 42
12 16
18 50
19 33
13 22
37 38
7 30
29 9
5 36
49 42
48 20
26 43
15 3
35 40
43 46
17 19
16 43
23 25
42 38
44 16
30 16
9 30
45 10
10 50
22 50
46 28
33 20
36 38
21 11
20 43
34 43
8 7
2 46
41 43
29 9
35 40
20 43
1 43
14 25
46 28
42 38
43 46
31 34
17 36
3 43
6 14
49 42
15 4
22 50
9 30
5 36
48 20
34 43
24 39
10 50
18 50
25 43
44 16
32 42
11 45
33 20
50 28
39 28
13 22
30 16
7 30
26 48
12 16
47 41
4 37
36 38
23 25
37 38
45 10
8 7
16 43
38 46
19 33
21 36
27 32
40 39
50
7 50
17 8
40 35
33 26
11 8
3 41
18 44
28 46
19 6
34 41
39 15
2 33
30 49
42 45
29 14
10 34
47 34
13 24
6 25
45 46
12 14
44 45
32 30
5 29
49 25
41 49
25 37
43 49
1 28
50 9
27 34
21 34
8 3
20 25
15 49
9 28
24 25
36 46
14 3
38 24
4 2
23 28
26 23
48 26
37 46
16 45
22 10
35 9
31 45
1 28
38 1
40 35
47 34
12 32
33 20
16 45
28 46
26 23
45 46
14 50
41 49
35 9
30 42
18 17
5 20
32 17
44 6
27 49
19 34
25 37
34 41
22 11
20 25
36 25
3 41
21 46
15 49
37 46
2 44
24 25
7 22
48 26
9 28
49 25
11 9
8 3
39 47
31 7
29 35
17 8
4 1
50 9
23 28
42 38
10 45
6 29
43 26
13 34
50
37 2
25 1
32 50
22 39
30 4
33 45
16 22
45 35
47 34
28 12
15 35
19 40
23 14
8 48
17 25
34 4
48 46
6 35
13 33
11 39
9 35
1 45
20 13
50 25
29 49
42 11
7 26
26 6
44 1
43 45
36 25
2 33
39 34
40 45
31 5
5 14
12 34
10 18
24 32
46 4
41 21
18 15
14 36
38 34
4 33
3 25
21 4
49 37
27 45
36 25
41 21
4 33
40 45
18 15
19 40
13 33
1 45
21 4
6 35
44 1
16 22
23 14
38 34
45 35
27 45
34 4
31 5
5 14
29 49
37 2
42 11
20 13
32 50
43 45
22 39
50 25
11 39
46 4
48 46
47 34
25 1
39 34
49 37
24 32
10 18
8 48
30 4
14 36
28 12
15 35
7 27
17 25
9 35
2 33
3 25
26 6
33 45
12 34
50
32 35
41 35
30 13
44 31
12 13
13 1
10 32
16 17
37 7
7 29
3 29
38 1
45 31
9 35
46 1
18 45
2 32
40 38
25 43
34 23
11 42
31 23
20 6
28 36
21 16
26 42
23 35
50 29
15 11
35 29
42 1
6 11
5 23
47 42
48 15
14 13
17 31
33 1
22 24
1 35
39 7
8 23
19 11
27 20
24 50
36 31
49 48
4 9
43 24
48 15
28 36
42 1
22 24
27 20
5 23
46 1
17 31
7 29
36 31
10 32
35 29
4 9
26 42
18 45
12 13
9 35
2 32
20 6
45 31
1 35
13 1
37 7
47 42
11 42
50 29
31 23
23 35
43 24
30 13
41 35
44 31
8 23
33 1
49 48
39 24
3 29
38 1
25 43
34 23
15 11
14 13
40 38
24 50
21 16
19 48
16 17
6 11
32 35
50
23 50
30 25
33 39
44 46
22 46
49 15
13 24
38 22
21 50
42 28
5 17
41 22
37 34
50 32
1 13
29 25
7 1
26 19
31 8
12 40
35 46
11 40
8 45
19 32
18 13
45 25
39 22
20 4
47 43
4 6
14 49
15 8
25 46
9 25
3 46
27 39
6 3
48 2
17 43
28 29
24 30
34 50
16 46
43 30
40 34
32 16
10 6
36 9
2 29
47 38
48 2
22 46
28 29
37 34
8 45
5 17
7 1
12 40
3 46
16 46
42 47
49 15
44 46
38 4
29 25
14 49
36 29
26 49
1 13
4 6
6 3
31 8
27 26
35 32
43 30
45 25
19 32
41 22
33 39
30 25
32 16
10 6
13 24
50 32
11 30
24 30
23 27
18 13
9 25
39 20
2 29
34 50
25 46
20 4
15 8
40 34
21 50
17 43
50
47 22
36 1
8 35
27 35
11 50
24 40
1 49
6 46
20 21
13 49
10 9
29 31
3 2
28 12
43 8
41 34
33 20
44 28
18 4
48 35
9 1
22 35
38 21
17 47
26 13
31 35
37 23
35 12
45 34
40 33
50 9
14 8
12 21
34 28
15 40
42 13
23 20
39 23
16 50
2 28
5 28
25 43
4 8
46 4
19 3
32 20
7 17
49 30
30 21
30 21
8 35
5 29
4 8
41 8
33 20
12 21
28 12
46 4
31 49
38 12
6 46
25 43
16 50
39 18
19 23
7 20
29 17
18 33
9 1
2 28
37 23
34 28
43 8
17 47
27 23
36 1
50 9
23 20
48 20
3 2
13 49
11 50
14 5
20 21
47 22
24 13
32 20
45 34
10 24
42 9
26 21
22 35
49 30
35 12
40 33
44 2
1 49
15 3
50
50 15
41 36
31 48
6 2
11 48
12 23
8 21
45 23
25 2
23 43
42 31
36 21
13 22
40 8
44 36
19 25
7 18
29 22
32 35
37 8
48 29
24 37
30 6
47 23
5 13
3 9
22 21
46 48
27 37
4 21
34 37
17 33
35 29
26 10
38 9
20 29
16 48
2 21
1 14
39 50
49 35
43 35
14 2
28 8
9 28
10 6
18 36
33 40
15 21
40 25
47 23
31 12
24 29
15 14
30 4
29 22
5 21
46 3
14 2
33 9
1 14
25 2
28 8
48 29
11 48
23 43
10 6
7 47
9 28
2 21
37 8
26 10
27 37
6 2
42 27
50 3
36 21
19 27
18 36
3 9
38 9
20 29
34 37
44 49
12 23
8 21
41 28
43 35
32 33
22 21
16 19
45 23
39 37
35 29
49 35
17 3
4 42
13 22
50
4 35
27 44
10 14
37 30
47 1
34 5
15 12
17 5
3 2
30 34
21 49
44 19
31 41
18 30
29 13
11 34
26 8
41 1
40 2
14 35
48 2
32 39
46 13
45 12
24 35
9 30
1 17
7 28
25 28
23 7
42 19
39 37
6 11
38 39
22 19
43 22
2 34
13 19
12 8
28 30
35 5
16 36
50 37
19 30
20 30
49 10
36 35
33 18
8 17
46 13
10 14
29 13
48 2
12 8
41 1
19 30
49 10
24 35
3 2
43 22
25 28
22 19
28 30
45 12
17 5
47 1
42 7
38 1
16 36
34 5
15 19
44 19
35 5
39 37
11 34
21 49
27 44
6 25
33 18
31 41
2 34
20 12
32 39
8 17
23 49
9 30
4 48
7 28
26 28
18 30
1 17
40 2
13 19
30 34
36 35
50 37
14 35
37 30
50
50 13
19 13
15 46
20 11
39 26
5 21
36 17
12 45
14 44
22 6
28 5
25 50
8 18
6 36
13 46
49 26
26 40
2 15
42 46
34 47
33 15
31 46
4 17
3 48
7 42
35 30
11 15
44 42
9 7
27 32
24 40
45 40
41 30
10 44
18 3
40 42
47 42
37 33
16 1
1 13
32 9
43 29
29 31
30 36
21 31
48 2
23 50
38 43
17 29
8 18
5 21
4 41
47 42
28 43
16 23
22 47
25 23
6 45
38 43
27 42
45 17
14 44
40 42
30 36
48 2
37 33
36 17
26 40
29 31
12 32
34 47
42 46
2 15
21 31
15 46
9 7
31 46
32 9
1 13
39 42
18 3
20 19
43 29
44 42
35 18
7 42
11 5
10 44
49 2
3 48
24 40
17 29
33 15
19 13
41 30
23 50
50 13
13 46
50
28 4
18 4
42 50
50 8
46 31
40 2
1 18
11 6
17 49
6 7
5 39
2 41
20 2
49 5
15 3
29 41
9 41
27 43
38 44
31 7
34 40
22 4
25 14
13 42
45 39
44 20
32 39
47 25
35 18
3 7
24 27
19 45
37 31
7 2
36 39
43 49
14 4
41 39
10 7
4 5
26 49
23 40
16 8
48 2
30 7
12 42
33 49
21 8
8 20
16 32
4 5
46 11
42 50
47 46
44 20
10 7
36 26
33 9
17 28
13 23
25 10
24 18
45 39
7 2
35 18
18 45
49 5
6 7
28 20
40 2
34 2
32 5
23 40
38 44
41 39
1 30
29 42
48 14
11 6
20 2
14 4
31 38
43 49
37 19
30 7
8 20
27 43
19 34
15 10
12 32
2 41
21 29
5 39
22 23
9 41
50 8
26 48
3 13
50
3 21
43 45
35 2
12 35
14 36
22 48
41 2
11 21
50 34
15 21
10 7
2 39
25 47
47 16
48 11
40 30
1 45
26 27
24 10
16 3
39 23
17 3
33 21
28 10
13 15
42 25
37 15
46 7
27 25
38 3
44 10
23 15
4 11
18 3
31 1
29 28
6 36
36 23
45 37
32 19
19 8
5 39
34 15
49 6
7 21
8 16
9 14
30 21
20 47
7 21
46 45
34 15
14 36
26 27
35 2
11 21
10 7
18 1
6 36
33 21
32 19
50 4
1 45
39 23
5 29
24 44
25 47
16 3
4 11
23 15
9 14
40 35
31 47
20 46
13 10
8 16
15 21
30 31
45 37
48 15
29 32
28 39
22 9
3 21
19 8
27 25
2 39
44 10
49 6
37 15
12 44
42 36
17 32
36 23
43 45
41 15
47 16
38 3
50
26 39
25 44
21 30
10 31
14 22
30 44
50 14
18 1
13 32
29 31
15 29
41 10
33 38
47 18
9 40
36 3
32 44
16 21
46 43
11 19
17 14
20 16
23 25
19 31
43 44
45 18
38 50
42 20
22 34
48 28
37 31
2 10
44 34
27 29
31 25
39 18
35 7
5 40
3 45
4 22
8 2
49 22
28 44
40 25
7 48
24 34
6 29
1 34
12 14
36 16
39 18
35 7
12 14
50 14
25 44
42 20
27 29
31 25
18 1
41 10
4 32
13 14
28 44
45 18
32 44
24 19
8 26
15 29
5 40
22 34
47 2
26 48
11 19
19 31
6 28
2 10
7 48
30 44
21 30
23 12
49 3
33 1
43 30
29 31
9 40
37 25
46 5
20 16
38 13
1 34
40 25
16 21
48 28
17 14
44 34
14 22
10 31
3 45
50
46 9
45 27
20 27
37 49
18 17
13 17
9 27
2 12
33 9
29 9
4 30
15 39
14 24
16 10
30 18
49 36
28 31
48 46
32 22
12 19
10 18
6 15
5 22
42 34
35 9
40 34
39 26
22 34
34 12
47 27
23 31
38 26
17 29
27 12
8 22
31 49
50 49
41 7
3 12
24 49
44 6
1 16
11 47
36 34
7 9
21 27
43 19
26 36
25 36
49 36
20 27
42 34
47 27
31 49
2 26
34 12
12 19
18 17
28 31
50 49
43 19
17 29
7 9
33 46
35 9
25 36
3 12
36 34
4 30
30 18
37 49
44 6
11 47
8 22
10 18
29 9
23 11
27 12
40 34
26 36
13 17
32 22
22 34
9 27
15 39
46 9
48 46
1 16
38 26
16 10
14 24
39 26
5 22
45 27
21 27
6 15
24 49
41 8
50
20 42
10 47
5 17
18 31
12 15
31 42
43 47
48 41
32 6
35 15
8 47
34 39
1 31
13 42
27 17
25 26
36 30
37 5
6 50
14 35
15 39
9 12
46 47
2 17
23 31
42 17
22 28
7 17
38 39
19 5
4 17
11 6
29 12
44 48
40 8
16 20
33 23
49 5
41 13
45 8
30 7
3 39
24 18
28 26
47 42
21 47
39 17
26 31
50 41
6 50
11 6
9 12
39 17
16 20
29 12
15 39
33 23
22 28
30 7
44 9
12 15
7 17
27 38
41 13
5 17
35 15
48 41
23 31
49 5
13 42
3 39
37 42
34 39
46 29
8 47
19 5
40 8
1 31
2 17
45 8
25 26
50 41
26 31
10 47
31 42
4 17
21 29
43 47
14 35
47 42
38 39
42 17
20 42
36 30
32 6
24 18
28 26
18 31
50
48 2
11 20
30 2
40 1
22 7
1 47
41 6
39 24
38 15
20 8
45 5
29 36
32 37
12 8
17 2
2 6
10 34
43 23
35 45
18 6
3 18
9 43
46 40
42 44
16 34
34 14
27 42
25 30
44 14
31 22
37 21
4 45
5 2
8 6
36 26
15 41
33 16
28 36
14 6
49 50
19 21
47 18
21 6
7 20
13 18
26 6
23 14
24 26
50 34
47 18
5 2
18 6
7 20
33 16
49 33
37 21
17 2
34 14
15 41
32 37
22 29
9 43
2 6
40 14
10 34
20 8
38 15
12 8
16 34
13 18
19 21
11 9
8 6
43 23
31 8
1 4
29 6
14 6
36 26
25 17
27 42
42 44
41 6
23 14
24 4
4 26
48 2
30 10
39 18
35 32
21 6
28 10
3 50
45 5
46 34
44 14
26 6
50 34
50
43 44
11 23
3 5
1 23
33 11
29 18
47 23
8 17
31 27
18 23
10 15
24 27
48 30
14 21
46 25
6 28
19 3
13 21
44 31
34 18
35 48
2 31
37 11
42 29
27 23
40 30
45 41
41 31
30 31
36 43
38 21
32 27
15 1
21 44
49 35
5 20
7 42
39 24
16 21
28 26
25 50
22 37
9 5
50 44
26 42
12 21
20 27
17 10
4 45
5 20
22 24
27 23
46 25
19 11
50 44
12 21
43 44
30 31
32 3
34 48
26 42
44 31
37 40
6 31
13 43
10 15
4 9
40 28
14 21
3 5
38 14
31 27
8 32
28 26
15 1
48 30
9 5
29 18
16 18
36 20
2 10
17 3
39 37
49 35
35 48
41 2
18 23
25 50
1 23
20 27
47 46
7 42
42 29
33 13
11 23
21 44
24 27
45 18
50
44 19
15 34
1 26
13 11
39 20
48 15
30 4
7 17
37 12
14 36
19 30
46 26
41 40
12 25
20 15
36 23
17 30
31 15
32 40
25 44
29 26
18 26
45 4
49 5
10 9
2 25
8 44
26 30
40 17
34 4
38 46
33 1
28 42
43 40
50 4
23 30
42 39
11 30
9 4
22 27
35 7
16 9
24 5
3 29
6 7
21 33
47 17
5 20
27 45
49 1
41 4
45 4
24 5
6 21
11 30
46 26
15 34
27 45
14 2
29 2
38 46
16 9
3 13
44 19
25 44
36 23
8 44
30 4
33 1
5 20
13 11
23 30
1 26
22 12
17 30
32 40
10 33
34 4
42 39
2 34
21 9
20 15
50 4
47 11
12 25
39 20
48 7
7 17
35 39
9 4
43 32
28 32
37 16
31 2
19 30
40 17
18 46
26 30
50
17 9
6 33
34 13
2 4
38 49
10 49
47 42
18 34
41 28
23 28
14 36
46 25
33 21
27 1
8 44
22 10
39 40
31 38
32 2
44 18
30 13
45 27
3 19
16 31
20 1
11 9
50 9
49 28
42 23
43 27
19 13
21 27
7 49
35 22
25 28
4 36
36 38
28 13
1 30
48 38
40 4
26 34
12 45
29 41
37 23
5 27
15 36
24 33
9 28
8 19
7 49
5 24
10 49
4 36
34 13
43 27
24 33
32 2
15 36
37 28
45 27
11 18
50 6
25 28
17 49
22 10
29 44
28 13
19 13
40 4
42 23
27 1
16 3
12 45
21 27
41 37
47 42
35 22
3 19
38 49
18 34
30 13
33 21
49 28
23 28
36 38
14 39
9 28
31 38
39 40
20 43
6 22
2 4
48 41
1 30
44 18
26 10
46 18
50
40 18
21 12
24 13
35 41
15 37
50 36
27 46
37 11
47 12
11 1
34 7
41 5
6 37
36 45
20 46
17 5
22 21
2 11
19 21
10 48
43 8
23 27
38 22
14 38
18 1
25 44
4 25
32 13
1 16
42 27
49 27
31 46
8 25
13 12
48 25
44 47
26 24
9 12
29 13
3 21
12 31
5 18
45 27
30 34
33 12
39 27
7 46
16 25
28 7
34 7
37 11
40 18
19 21
13 12
39 27
7 46
4 25
16 25
23 32
30 34
38 41
31 46
32 13
35 41
5 18
44 47
49 27
2 11
41 5
43 8
42 27
21 12
10 48
45 27
22 21
29 13
14 11
36 45
26 37
9 12
20 46
11 1
18 1
8 25
15 37
12 31
17 5
24 13
1 16
3 21
6 37
47 12
48 25
50 36
27 46
28 7
25 44
33 12
50
16 41
6 37
9 32
7 14
38 23
32 33
33 14
22 11
36 29
26 41
39 23
21 33
29 14
25 32
20 33
19 14
37 31
4 25
1 14
34 14
30 46
31 23
27 16
18 23
50 48
40 18
47 36
2 34
49 27
28 1
5 14
44 30
41 32
11 34
17 21
24 38
12 18
45 41
42 14
8 9
3 33
10 1
23 1
46 34
35 33
43 2
15 27
48 18
13 31
9 32
24 48
39 15
28 1
44 48
13 4
6 37
23 1
1 14
12 18
17 21
33 14
40 44
37 31
32 33
18 23
47 36
30 32
3 33
4 2
15 27
5 6
10 41
50 41
7 46
21 33
22 50
35 33
16 41
38 23
34 14
36 29
46 34
42 2
19 29
20 33
8 43
11 34
31 23
45 23
2 34
43 2
29 14
49 27
41 32
48 18
27 16
25 3
26 44
50
9 5
10 50
22 2
17 40
18 29
38 30
39 5
42 38
35 10
31 15
49 25
45 47
30 5
11 30
20 5
47 44
34 21
41 9
8 20
1 34
50 5
43 12
21 40
7 3
6 8
25 35
32 31
19 47
36 2
28 20
14 39
23 49
48 21
27 22
15 39
13 15
29 9
26 20
3 12
37 30
40 20
33 7
46 8
2 39
12 30
24 9
44 30
16 2
4 12
30 5
24 36
2 39
8 15
3 12
45 16
11 30
47 44
29 9
14 12
38 30
31 15
1 22
43 12
22 2
15 39
36 28
49 47
21 39
40 20
10 50
46 22
39 5
6 50
13 15
16 2
23 5
27 13
44 30
19 46
48 33
28 20
32 31
33 7
34 36
7 3
12 30
20 5
50 5
37 39
25 43
26 41
35 10
17 40
4 35
18 32
41 9
9 5
42 38
50
21 48
2 48
10 18
39 18
1 8
11 13
46 13
18 13
26 48
42 17
36 45
6 4
23 4
30 10
3 39
25 2
43 2
19 49
38 3
49 40
15 43
32 36
9 28
48 45
50 44
35 25
22 46
27 45
37 11
8 13
34 1
12 45
44 24
24 27
33 45
41 8
5 48
28 48
4 43
40 11
31 36
14 36
13 45
7 41
29 48
16 49
47 45
20 34
17 13
32 36
48 45
47 32
18 13
42 7
44 24
46 13
30 46
1 8
38 3
41 26
9 29
35 25
28 17
3 39
40 11
21 32
11 13
43 2
5 48
29 38
8 13
37 41
34 36
33 45
31 20
7 46
17 13
20 28
27 45
12 45
36 45
2 48
6 4
4 43
22 44
19 3
10 18
23 8
14 50
24 27
39 18
49 40
15 10
25 2
26 18
13 45
50 12
16 33
50
32 47
9 30
37 34
39 17
19 37
20 10
36 8
31 44
23 39
44 16
17 30
24 20
16 9
12 10
7 16
34 30
6 49
42 26
43 17
30 5
35 5
29 35
3 28
21 27
28 9
33 24
50 30
41 10
15 48
4 11
45 26
38 20
27 47
48 3
14 35
2 17
11 45
47 50
18 28
40 37
49 10
22 34
1 2
46 20
26 5
25 28
8 50
10 34
13 25
35 5
17 30
6 7
46 32
40 6
33 25
45 26
9 30
12 2
19 37
21 27
30 5
15 48
16 9
23 7
39 9
2 19
1 18
7 16
18 28
4 11
25 28
3 28
36 8
32 41
26 5
34 30
22 28
10 34
38 20
24 20
43 17
11 45
28 9
50 30
48 3
37 34
42 26
41 10
20 10
44 43
49 10
13 22
47 50
29 15
14 35
8 50
31 26
27 47
50
13 33
12 44
2 42
39 16
14 38
31 40
4 22
41 44
7 44
17 29
38 33
37 45
35 14
50 23
18 44
49 3
5 42
15 27
1 44
9 1
28 6
29 45
36 9
23 13
32 21
40 11
43 30
27 38
46 4
10 1
24 44
3 45
34 50
22 2
48 1
45 42
47 48
19 22
6 34
20 14
8 42
21 2
33 42
16 2
26 10
44 40
25 40
30 8
11 14
41 25
48 1
27 7
29 3
25 40
18 35
11 14
47 13
35 48
10 1
30 42
15 50
1 44
19 11
8 42
36 9
31 40
26 46
50 23
32 14
6 34
14 38
40 11
20 24
21 2
13 33
3 21
12 24
34 50
38 33
17 50
46 4
4 22
45 24
33 42
44 40
5 42
49 37
2 42
39 43
28 6
43 50
7 48
37 46
24 10
23 13
9 1
16 40
22 2
50
41 14
45 14
29 11
16 40
10 6
23 48
49 23
42 39
9 11
18 42
5 44
21 28
36 28
17 33
48 39
30 18
33 15
26 34
27 8
47 45
34 39
11 26
28 22
35 44
19 1
6 46
4 35
22 15
31 39
1 43
13 39
38 1
20 49
3 37
50 39
25 35
44 37
8 18
46 43
43 39
40 11
2 18
7 44
37 42
12 42
15 26
24 18
32 29
14 43
23 48
48 39
4 18
43 39
18 42
5 44
35 44
44 37
16 40
28 22
9 39
50 39
29 11
20 42
33 15
26 34
25 27
10 29
42 39
40 11
12 21
37 42
46 43
2 4
13 39
21 41
14 43
45 14
34 39
36 49
1 43
22 15
41 14
38 1
15 26
27 8
32 9
6 46
7 33
8 18
17 33
30 27
24 44
47 10
49 23
19 30
11 26
3 2
31 27
50
25 2
26 15
10 22
5 35
23 48
22 18
42 43
40 31
19 2
13 18
27 36
35 2
48 19
3 13
2 36
49 48
14 11
21 40
11 35
9 2
39 43
47 5
24 41
43 41
45 6
7 33
34 27
31 19
18 19
44 38
6 36
33 39
30 13
8 50
29 23
1 13
32 3
20 6
37 19
38 5
16 18
41 36
50 13
46 42
17 1
15 31
28 20
12 2
4 50
20 6
12 2
43 41
14 15
49 23
46 42
9 30
37 17
22 18
32 3
26 50
2 36
40 50
13 18
31 19
35 2
33 39
1 13
17 47
28 16
4 50
16 18
42 43
7 19
19 2
11 35
6 36
27 36
38 5
48 19
5 35
39 43
18 19
24 28
29 23
45 6
25 2
8 11
44 38
23 48
3 13
10 22
30 21
15 31
34 27
41 36
47 5
21 32
50 13
50
4 3
50 7
22 42
10 48
39 11
41 7
30 7
48 27
40 16
33 17
17 27
47 5
24 39
19 21
42 29
34 21
43 42
31 48
18 31
23 20
12 43
11 31
49 1
15 49
3 33
44 7
9 31
14 22
13 31
20 17
6 28
16 15
21 27
26 27
38 33
28 45
35 19
37 26
25 7
5 11
2 19
29 20
8 11
45 20
1 48
32 28
7 17
36 14
46 5
9 35
41 8
43 37
46 35
21 27
12 23
49 1
7 17
2 19
40 44
19 21
18 1
37 49
45 20
3 4
11 31
8 11
48 27
6 27
50 33
4 34
24 27
23 20
47 48
1 48
17 27
22 42
34 8
26 45
16 28
36 14
29 20
14 22
38 10
42 29
20 17
13 28
25 30
44 7
39 11
33 17
10 42
28 45
35 40
15 49
31 48
30 7
5 25
32 33
50
44 23
23 28
18 33
24 13
6 15
20 1
31 23
27 21
12 27
38 14
7 16
43 49
14 22
47 23
1 47
15 33
48 10
50 28
22 47
33 8
45 37
4 20
3 19
25 28
37 33
8 28
29 49
16 41
13 25
9 8
11 35
2 15
10 9
19 28
41 23
49 47
26 31
35 33
39 22
42 41
36 45
32 47
5 50
17 1
21 22
46 33
30 15
40 3
34 18
49 47
9 8
14 22
16 41
1 47
13 25
29 49
22 47
19 28
21 22
10 9
39 22
41 23
4 28
43 41
40 3
38 36
8 28
37 31
42 25
48 4
30 42
7 15
2 24
31 23
47 23
45 35
50 28
24 13
20 1
6 28
11 17
15 33
34 35
44 31
35 33
18 8
5 50
33 8
23 28
3 19
12 36
36 46
46 33
32 40
25 28
27 21
26 19
17 33
50
38 1
39 30
34 27
43 34
30 28
9 11
49 1
31 45
29 39
28 23
50 1
15 27
1 40
48 38
18 19
16 2
32 40
24 46
46 36
37 8
35 23
27 6
13 47
45 27
21 13
4 13
11 19
25 14
17 9
14 32
3 2
42 30
12 8
8 48
5 27
2 47
7 44
36 47
19 36
6 47
23 47
41 34
22 31
44 47
10 46
33 27
40 44
20 18
26 4
22 31
24 46
48 38
19 36
1 40
40 44
38 1
35 23
15 27
4 13
34 27
43 20
33 27
42 10
26 17
32 40
8 48
12 23
49 37
10 46
27 6
2 47
6 47
3 50
45 27
13 47
11 19
9 11
17 9
46 36
36 47
25 14
44 47
7 28
41 34
31 45
21 13
14 32
30 28
20 18
28 23
5 27
29 39
18 19
39 30
23 47
16 2
37 8
50 1
50
44 23
33 48
12 34
11 47
50 13
8 21
41 21
48 21
27 24
23 48
2 8
17 8
39 35
38 17
35 37
15 39
29 24
45 39
13 44
46 41
49 35
16 30
28 5
26 41
7 24
37 42
20 2
9 32
36 25
25 5
40 28
32 42
34 5
19 7
43 41
22 46
30 21
18 25
10 20
24 30
4 16
5 44
14 8
31 39
3 28
1 30
6 8
42 23
47 29
27 18
32 42
49 34
36 7
26 41
44 23
14 8
48 21
6 8
2 8
28 5
20 2
23 48
34 13
1 39
29 24
19 7
50 7
5 44
11 47
46 20
8 21
41 21
9 32
18 25
13 44
42 23
37 42
12 28
43 41
45 39
15 39
3 28
4 18
24 30
25 5
30 21
22 43
16 10
35 37
10 6
40 28
17 8
31 39
33 4
39 35
38 17
7 24
47 29
50
25 30
48 40
38 39
34 35
4 39
8 2
6 21
46 36
30 42
43 15
49 44
32 33
36 22
45 48
41 17
29 37
5 10
20 38
31 18
35 40
42 26
28 12
24 3
9 19
15 2
16 22
47 23
37 22
10 26
26 22
21 4
2 7
3 33
23 4
50 23
11 22
18 40
19 22
33 36
17 1
40 22
27 35
13 3
14 19
7 18
1 19
39 40
12 36
44 39
11 22
47 23
28 12
16 22
39 40
46 36
25 30
26 22
2 7
15 2
29 37
5 10
8 2
44 39
45 48
18 40
21 4
17 1
30 42
9 29
42 26
10 26
35 40
24 3
14 34
32 36
38 39
13 3
48 40
49 44
50 35
4 39
3 33
40 22
12 36
7 18
23 4
36 22
43 40
27 35
1 19
37 22
19 22
31 18
20 38
6 21
33 36
41 17
34 35
50
45 7
42 25
36 29
9 46
28 26
5 45
17 46
11 46
32 28
8 15
12 29
31 45
20 8
13 19
47 8
49 19
37 26
7 32
24 38
25 1
1 34
41 23
15 34
16 38
23 32
6 50
35 9
34 32
29 23
4 23
10 17
48 8
50 28
46 7
43 37
40 47
2 20
18 2
39 29
38 9
27 26
44 1
3 20
22 1
19 34
14 25
21 9
30 28
33 28
19 34
17 46
4 23
34 32
9 46
8 15
21 8
48 8
24 38
23 32
5 39
7 32
47 28
6 16
45 7
37 20
28 26
32 28
49 50
36 5
40 18
22 1
35 1
14 42
16 38
20 8
44 22
25 1
39 29
46 7
43 24
12 6
13 19
18 2
1 34
30 33
2 20
15 34
10 11
11 13
3 20
38 9
29 23
33 28
50 12
42 25
31 35
27 26
41 15
50
36 11
35 38
30 47
18 17
19 11
16 2
4 46
25 23
47 46
7 46
50 26
33 46
44 1
14 21
23 46
43 46
21 19
37 31
42 48
28 40
1 36
24 4
34 4
9 36
29 20
3 7
49 4
17 20
32 38
41 35
27 36
48 23
8 43
5 20
10 14
12 28
20 7
40 29
15 40
22 6
38 11
2 4
13 9
45 3
31 7
26 38
39 37
6 5
11 34
27 34
21 19
35 36
49 13
14 21
19 11
36 11
1 41
16 14
23 46
11 34
15 40
12 48
13 9
28 40
20 7
43 46
50 26
17 24
25 32
8 43
18 29
7 46
38 11
41 5
32 38
24 43
39 22
3 7
9 36
48 23
29 20
47 4
22 46
2 37
37 15
10 46
5 20
6 15
31 41
33 46
4 46
44 43
30 9
26 38
45 16
42 48
40 29
34 4
50
39 43
41 22
42 32
38 5
15 50
25 30
49 10
8 21
23 6
31 49
18 50
35 32
22 6
28 15
43 30
1 41
5 24
46 18
20 7
14 8
37 32
47 7
34 30
48 20
16 3
29 18
19 20
11 18
40 26
50 16
10 50
4 25
24 30
17 32
44 50
33 9
9 6
45 3
12 24
32 22
3 30
26 24
2 6
13 1
7 30
6 30
21 16
36 6
27 48
4 12
27 50
45 48
38 9
23 6
43 30
46 13
33 9
2 6
28 20
14 50
42 32
5 20
48 20
47 7
9 6
49 10
20 7
15 50
25 30
6 30
37 32
21 16
13 1
32 22
26 24
19 20
18 50
36 6
10 50
29 18
40 26
11 18
44 11
12 24
17 32
8 21
3 30
24 30
50 16
22 6
34 30
35 48
41 22
1 41
7 30
39 43
31 20
16 3
50
3 21
42 26
7 48
9 49
31 38
24 29
14 38
45 6
38 48
11 25
40 21
50 23
44 2
22 45
32 47
29 3
46 31
36 31
19 26
39 47
27 5
33 3
17 25
18 24
5 49
20 6
2 11
48 21
34 11
35 3
15 26
25 49
28 27
41 12
21 5
4 49
37 23
47 6
12 45
30 36
43 20
13 39
1 43
10 26
23 47
8 23
6 49
16 9
26 38
17 33
43 20
32 47
48 21
29 3
24 48
44 2
21 5
45 6
6 49
27 5
34 11
11 25
47 6
12 45
38 48
15 26
18 11
3 21
40 21
7 48
42 26
36 31
19 26
37 23
33 3
39 26
26 38
31 38
30 36
1 47
5 49
16 9
22 45
9 49
41 12
14 23
10 26
20 6
23 47
46 31
13 36
28 26
50 23
8 23
35 9
2 11
4 49
25 49
50
22 20
26 47
13 39
34 16
23 11
1 34
44 2
12 11
3 2
29 7
46 29
30 32
47 46
41 23
5 22
11 20
43 49
31 29
38 2
48 22
50 35
27 21
24 11
35 11
10 21
39 16
14 2
42 32
8 16
19 12
45 12
40 39
6 49
37 36
9 50
21 36
17 11
49 1
25 28
36 29
16 7
28 16
2 36
15 3
33 35
4 27
18 13
32 2
20 36
37 36
33 35
38 2
31 29
21 36
19 12
30 32
26 47
40 49
1 34
28 16
27 21
44 3
6 49
48 22
20 36
29 7
10 21
50 35
17 11
23 11
43 49
34 16
3 2
9 50
12 11
14 45
16 7
49 1
8 45
46 29
45 12
18 38
13 39
36 29
47 46
4 27
39 16
25 28
22 20
41 13
32 2
15 3
42 32
35 11
5 2
11 20
2 36
24 1
50
5 18
45 26
33 15
50 12
17 14
39 31
38 13
40 47
16 8
28 20
15 6
22 16
27 41
41 38
25 31
2 6
49 45
6 40
21 19
48 13
26 3
7 39
10 30
44 6
35 17
36 1
3 43
31 43
8 34
12 20
9 40
42 11
18 47
29 43
4 6
37 14
46 2
20 32
13 17
11 47
32 47
43 47
23 28
34 31
19 26
1 11
30 46
47 14
24 13
20 32
43 47
34 31
4 33
44 34
16 8
42 22
26 3
32 47
24 13
17 14
21 19
48 13
29 20
33 15
9 40
5 24
31 43
46 2
27 26
37 38
2 6
13 17
18 19
3 43
30 46
12 20
50 1
41 49
47 14
6 40
35 48
36 21
15 6
39 27
40 47
7 27
23 26
11 47
45 26
28 20
10 28
22 28
19 26
1 11
38 13
49 45
25 43
8 34
50
13 28
36 29
31 36
20 42
47 15
35 12
5 42
17 46
46 45
27 14
24 3
4 22
45 27
50 40
18 34
38 12
28 12
11 29
26 11
32 14
8 19
37 28
30 19
34 12
33 23
23 32
44 37
25 36
41 13
2 19
15 22
16 8
1 23
42 8
6 12
3 12
9 42
43 8
39 14
14 38
7 48
10 30
21 4
29 42
22 6
19 12
49 45
48 23
40 19
5 2
11 29
40 4
10 12
29 42
1 32
14 38
39 48
8 19
9 22
25 12
7 12
44 8
17 45
19 12
32 14
42 8
33 23
20 42
35 12
23 32
34 12
36 29
28 12
27 14
16 32
22 6
21 47
38 12
43 26
2 24
24 3
48 23
4 11
6 12
31 33
30 45
15 22
41 13
13 28
18 34
50 41
49 13
37 35
26 42
47 18
45 27
3 12
46 6
50
5 27
27 42
6 27
28 26
48 44
24 21
25 49
40 27
7 2
12 42
11 8
33 2
1 26
20 49
2 14
26 12
47 26
15 26
45 27
9 27
44 42
50 42
19 33
29 27
37 14
30 32
3 14
23 11
18 10
22 38
4 27
31 9
13 39
43 42
38 9
46 26
16 2
8 40
41 10
21 9
17 42
32 18
39 32
10 44
35 38
14 40
36 18
49 41
34 12
36 17
3 29
22 13
29 19
23 48
15 8
24 28
12 42
43 42
38 9
13 39
8 40
30 11
26 49
11 8
21 9
41 10
32 18
27 42
4 26
1 8
49 41
39 32
31 23
34 18
18 10
7 2
9 27
17 25
47 8
44 42
28 48
46 31
40 27
20 49
16 24
50 47
10 44
2 14
19 33
25 49
48 44
33 2
45 27
37 19
6 8
35 38
5 45
14 40
50
24 6
43 28
30 49
34 32
5 29
42 2
19 32
25 14
36 4
14 32
48 32
17 30
44 7
9 44
23 34
2 7
6 48
11 27
35 37
16 48
27 31
26 31
10 49
3 28
47 11
7 49
13 6
20 12
37 10
18 41
4 29
40 34
50 32
45 29
22 10
46 35
28 15
39 31
33 2
15 10
12 16
38 46
8 50
41 35
31 7
1 39
29 6
21 41
32 49
1 39
17 30
44 47
33 2
37 10
10 49
27 31
47 6
2 7
26 47
12 16
3 26
25 21
34 32
8 1
30 49
13 38
23 34
40 23
29 6
18 10
39 31
6 48
42 20
31 7
24 28
11 4
19 31
43 40
21 41
7 49
46 8
45 29
50 37
28 15
16 48
38 20
41 35
15 10
36 27
35 37
20 12
4 23
48 32
5 33
32 49
14 32
9 14
22 41
50
43 27
37 43
49 40
31 1
17 15
41 32
14 18
9 7
16 27
36 2
45 33
35 47
13 28
44 28
38 7
26 50
2 33
20 9
46 24
29 27
5 26
30 13
34 22
21 27
8 40
47 31
48 1
33 27
11 19
3 6
15 24
42 28
12 1
22 15
28 40
27 7
18 9
24 7
23 42
40 33
50 24
1 9
25 50
4 50
19 31
6 5
10 4
39 20
32 16
46 37
32 16
20 9
17 28
12 22
24 7
50 24
18 9
37 50
36 6
26 50
40 33
48 30
11 49
42 28
41 12
23 42
47 10
3 28
44 28
45 23
15 24
34 15
4 50
21 28
31 1
8 3
14 18
29 27
9 7
10 4
2 33
43 35
30 13
25 49
38 45
16 27
6 1
19 31
33 27
5 26
13 28
35 36
49 31
22 15
28 40
1 9
39 16
27 7
50
17 23
15 23
28 47
6 23
16 15
38 15
33 23
37 31
11 1
31 2
21 24
2 19
1 10
49 28
34 46
13 45
42 41
4 15
40 15
9 24
25 23
19 43
43 48
20 15
32 33
35 22
24 7
29 43
10 15
36 32
5 13
8 45
27 15
39 34
12 14
44 10
26 39
45 43
30 13
22 2
3 17
14 13
23 48
46 23
50 33
18 22
7 14
47 3
41 23
50 33
1 27
13 45
9 46
34 46
30 13
22 2
28 42
2 19
39 34
26 48
31 2
23 48
12 1
21 24
16 15
33 8
38 21
19 43
41 23
20 15
15 23
10 15
35 21
37 31
27 4
42 41
14 13
32 29
7 14
18 41
29 37
24 7
43 48
47 10
40 34
8 45
5 13
49 44
11 16
17 23
25 5
6 23
4 15
46 23
45 43
3 17
44 10
36 14
50
20 12
2 30
18 17
1 39
14 36
46 48
39 2
29 14
49 7
43 47
30 34
38 26
17 45
27 41
3 12
37 12
10 46
19 45
42 48
8 33
32 33
7 2
33 4
6 20
26 12
12 4
16 7
24 37
13 12
4 34
41 4
31 47
48 45
34 45
47 37
21 30
50 10
15 24
44 34
23 42
28 26
25 1
40 39
22 1
36 17
11 34
9 46
35 44
5 32
27 41
11 34
32 33
33 4
10 46
50 10
3 12
41 4
20 12
39 2
47 37
23 42
35 44
1 39
22 1
7 2
18 17
25 1
24 37
8 33
5 43
37 12
17 45
26 12
9 46
36 17
28 29
29 14
46 48
19 45
31 47
21 30
16 7
42 48
15 24
14 36
30 34
13 12
34 45
2 30
38 26
6 20
12 4
44 34
49 7
4 34
40 39
48 45
43 47
50
49 34
31 1
43 45
44 3
7 27
41 43
9 23
38 33
35 2
8 37
50 1
36 30
25 23
2 49
18 49
26 17
37 1
16 20
28 30
32 50
45 49
1 48
42 2
10 50
17 2
47 10
24 43
39 20
22 49
19 45
5 38
11 6
4 20
15 26
13 19
14 3
46 48
21 10
20 40
40 2
12 38
6 32
33 40
29 2
3 34
23 49
48 34
30 34
27 45
50 1
6 45
46 48
4 20
31 1
16 20
47 10
39 20
5 18
21 50
7 27
37 1
19 45
36 7
42 2
30 34
3 34
26 17
18 28
48 34
10 50
20 40
17 2
23 49
22 21
12 35
1 48
44 11
43 45
9 46
13 19
2 49
29 2
38 33
35 2
28 7
32 50
15 45
25 27
11 24
27 45
14 31
8 19
33 40
45 49
41 43
24 43
49 34
40 2
50
43 45
47 38
48 39
20 8
41 48
49 46
14 28
23 49
34 6
8 21
45 46
38 18
27 1
33 46
35 24
19 13
36 15
13 14
21 38
26 28
32 25
5 2
7 43
18 45
1 45
12 45
29 50
30 49
3 21
2 39
9 35
10 38
25 38
16 17
11 19
40 23
31 41
37 21
50 37
28 49
39 18
22 28
15 17
4 32
6 26
42 33
17 46
44 33
24 18
1 45
39 18
13 14
32 25
10 38
43 45
36 15
7 43
34 6
15 17
26 28
33 46
20 34
28 49
4 32
12 45
49 46
27 1
45 46
5 2
16 17
11 41
50 37
19 13
24 18
14 28
21 38
42 33
2 39
9 7
18 45
3 21
37 21
41 48
38 18
25 38
6 26
44 33
29 50
47 36
17 46
35 24
48 39
8 20
30 37
22 43
31 41
40 23
23 49
50
46 4
43 41
25 2
35 23
1 16
48 39
6 21
31 22
2 24
23 4
30 49
12 43
44 46
50 43
14 6
17 7
3 28
8 5
4 40
32 36
10 6
19 13
5 4
29 21
26 49
13 29
16 21
47 1
24 16
49 4
38 9
33 21
39 29
42 36
41 7
11 31
36 28
45 46
40 21
34 13
21 28
18 41
27 1
20 21
9 22
7 20
15 21
37 10
22 1
30 49
46 4
48 39
50 43
42 36
4 40
25 2
19 25
18 7
27 1
47 1
22 1
33 22
26 49
49 4
9 22
5 4
8 5
15 21
36 28
29 21
41 7
21 28
12 14
39 29
32 36
44 46
3 28
38 9
31 22
11 31
16 21
1 16
14 6
17 7
2 24
40 21
34 36
23 4
24 16
20 21
37 33
10 6
43 41
13 29
35 36
45 46
6 21
7 20
