334194273
522144008
820541291
24514714
145741277
53056724
446466313
645993779
318825467
30694548
638062104
215072051
544831348
314104332
15124592
967580377
954326412
513286288
287347519
197787641
296680505
839978246
812901636
883391475
315132450
382433356
53751493
794333741
894203678
311031195
50083148
830627689
644454409
204308498
267394398
109262251
97321262
753788913
646370682
844501416
345670620
103339886
237734649
716414784
971429450
403724508
286600839
881317496
576266002
489102694
339881464
3408621
73663008
815825412
715551362
289698910
10060361
885701040
487611096
158964588
21744790
204341564
757766276
29633498
850105653
220878186
469793854
653391812
673741569
234575870
253728072
341195960
908492952
155193008
892168177
491295684
218111780
492588417
795556389
488625954
111631102
289222332
806257586
855492504
26871058
624751778
266045303
725930376
846873969
331746421
301751134
266966232
587276700
965443400
763915636
914781727
118831758
569842808
255667396
861817567
787962091
277856987
978810694
617163085
816091155
578730438
988814003
77167915
973864755
875018114
568323456
960936644
526366695
844977070
552109559
458306933
691065784
23816900
51491370
560742399
808642397
232165552
916509102
395762498
626091929
639010479
523895826
539472393
329551893
973425564
667983891
569994942
377507601
680862145
708911921
195749363
542557617
290060506
678993560
671193002
28429343
658478985
544698653
314943849
701298816
228931664
567417891
81680089
137120243
264954754
88763286
941998753
616046568
447129928
459440151
294645645
465850383
870470932
974617708
572177616
414472433
726961394
586469731
394110063
625764099
758131328
975012214
73582862
167092087
588061798
844344562
65675962
109213881
73716774
21566428
422046165
449874716
391139945
178542405
428759562
339755263
423632325
318398055
812380152
568231012
357099271
299246484
966083594
565682903
579874850
556149682
150583980
478719846
438588725
212299618
937925332
988545681
228029933
436877705
606168725
583209856
103797033
199396812
39053284
730731157
710921363
156041909
825183678
641992933
474451750
915653923
894722955
20999367
501522823
36908948
773258059
591926282
155872784
384559755
551639756
896862754
989973926
500752091
947410386
429876577
415663216
773619581
311291884
479523402
745419220
463347069
630774555
265687058
677924009
517682729
346770229
75642751
805709791
810739391
62421976
179468797
703126556
853299796
438010145
747313720
656000760
870391418
237967274
321498502
415476070
896977640
997780023
695723344
69162559
757011201
498759844
38725511
209568389
553048607
178909030
508114837
100375637
989848608
887372058
575589848
655915911
149934686
938109059
783798860
678415155
582916768
855206560
31804892
429259794
604432505
875439812
165754382
881257522
903243480
811220932
700386967
83025377
874597421
491771286
439452795
694273229
899878564
3854643
997397881
822564509
318636032
927642021
55247417
104140927
372519720
723415050
821303002
555960551
457987042
599522398
648397221
628483894
99481578
768591594
568120868
1500103
375253897
227940041
588518883
463681932
817119600
167869037
636501959
370791871
463355778
321446030
273743788
141680434
655291205
236025427
887358567
687529054
674214211
866579521
87228360
816553229
65784946
501273544
434365876
598870229
647626204
851439973
136180472
406356277
413506649
500347927
579633078
850964128
693212846
588683433
182618323
76387872
298213196
987815212
807794273
83153076
628331908
330802091
743113843
885550104
323066760
123147445
26155569
983791625
929435875
781106502
408529152
770494435
859375050
906389511
29235804
474983636
70765030
913310297
582396510
184848695
606838751
841980533
422380547
611111463
231424407
830059208
367742574
415308384
20116318
675197283
618117246
128331154
33256275
980035752
530706155
491387860
806341025
59549502
767328060
436637113
339827227
887928336
387955236
842116476
172018962
666061198
415978266
312842580
287487170
7492683
407194161
734633387
971161624
303729753
127086589
437211507
990263540
818938634
428727749
957201494
475063605
814335761
128737310
250529610
141069656
767271491
258780138
571113671
488957217
472983179
584225459
229178720
343845735
532246916
578942318
951301554
911318612
925082629
955368823
787263739
779121990
998003243
883368407
684495416
345720629
655876613
947988300
699443232
688080383
88602441
840821660
27956775
717845244
607692252
444435782
153442250
653121753
384514615
386770512
466693463
610780734
594176428
182169742
675086559
373526004
631144611
922682380
892575466
552414616
571205228
201460308
707323256
412912614
114307937
641132948
169179061
271405452
992293245
446396333
729003727
100233399
532234230
266412032
371692173
948852131
924669867
286593129
73139461
59103712
938445134
206269291
154911945
717843785
90623092
685561709
276089972
553118053
608461133
168362401
402056241
920934556
958313162
424825185
537910831
127752175
381958374
477488962
6117105
168963832
18070061
638527038
913879198
289671719
236845921
277586497
645338399
591590263
289350940
418516810
940803637
965449328
483613236
900222901
410851952
512909201
694452245
491821975
511761293
225340623
303290960
487846196
513962022
336905156
559651307
618674738
954018653
229619702
924142123
665344445
379871234
167608854
697905748
299222552
261262609
196935990
133349291
154753231
496747246
221775958
519250365
934568075
362917605
165599848
564047839
939010379
982811076
350222532
954060982
137216394
12377838
665903225
490213538
729616223
946491052
45339645
14486177
233587035
728616211
98327516
141524935
745035143
208712005
804626641
857800032
263058649
397230191
298899360
512502559
588069746
604584785
694174419
5140280
820287192
455245446
883159964
96680406
903872471
679180217
968011369
272991426
767297649
219116856
149279170
45978755
696847631
982501923
463961581
669891281
205996409
110123491
753662490
317291064
990563496
170066092
738316318
748526821
543932439
690391414
170023308
426385347
278086468
591096711
734985152
701724785
5089672
809103623
363856001
752372651
723935921
213095625
17334307
319294719
64996776
446997505
34919279
213902794
484396552
608744759
92003422
922211746
992637021
116007713
342634649
19234575
138109270
778094014
311623107
714320173
503927006
860990740
767776093
744886140
791985051
509378831
533634512
479173434
636714863
646351528
168057450
813758815
294800877
100544694
615370634
156094418
930206848
166495756
256729037
631433313
385697093
891133059
26041429
965061381
165248892
243087450
325398801
444367025
270214933
869132974
753292341
628505181
37328809
985642821
468892119
923575557
403508294
89998679
452386191
964414755
843645538
673879017
896677787
874951569
578541216
621172017
982011956
392319905
222605079
208349794
560902958
358820253
891342189
945654579
368877737
883298181
413452508
946291479
539138783
303049144
326180714
645838840
164686323
220367498
89812935
246682232
259909887
525215743
116030612
165087846
783768379
71912531
833666015
225088454
131697760
904145476
633149864
793169235
157522418
889389288
772218066
741139773
519337101
491947789
162781192
983406432
302767273
289963022
172634041
589070071
543187880
45039265
630134875
319004071
465842615
478408661
207006902
693223373
870384424
853092570
511635794
773078977
417087810
138669743
415163376
835289106
491046263
819940370
21020257
405318925
613502263
394122507
189766445
691066834
178372718
638097165
384079756
413145719
239743959
521761150
601852923
240037193
932965036
853099104
324297783
247589083
602023808
365739133
92209194
27661855
476254086
882374812
555204876
764674360
603402268
644204291
704492377
863163503
733772548
588346585
482324031
477241215
624867917
650115116
209527374
933031766
656648865
559852659
535164097
976102363
323031705
401156093
397598292
239393598
422234798
364114592
103707713
69172548
75326477
969833023
389112991
661341990
544965813
86372278
893994614
782904602
409183117
743186099
637696898
699205125
351131541
798093039
202108316
375757069
59178002
71468973
907017565
509184325
719744853
499188511
261995810
335610812
980794347
477078933
187383438
200795140
546554575
959895783
807387236
120739190
309765141
127584970
472357035
558193341
868625618
98675379
645364695
610394892
886599341
873724784
796653794
565082646
601274926
909449538
903258592
922728880
819707291
332484160
529852826
535121801
980164851
11387848
323696650
802582125
12353303
189969302
13007381
1008108
99876714
990562309
760819469
712422626
423388484
6891607
938543313
988943234
662159155
269211687
779779882
338918367
143747586
910218715
120275857
631072059
163082760
426351066
96000054
502539514
261015523
509079062
311670503
192298048
464368693
444586123
392289080
836762185
817550097
56897388
960843233
292855217
266462208
8307606
593072812
95586874
355255447
492829771
672099144
63283723
97820662
37506774
489118973
390686357
273639439
639553054
491436173
6439627
642731490
407324550
100912824
488428198
644495788
357053620
276262610
64535232
434676739
87294890
652196161
422772623
762113150
51059606
815697873
881324078
671462369
99770046
725723740
426112174
63683428
474920598
140233325
169236836
39336900
220156506
855464803
97675627
28659900
577305878
39159679
75484144
659295384
896434851
580783025
370899237
93321329
289037031
384673485
604712363
296217901
582992167
638453441
717622348
85711984
764810477
606335177
206517941
225974834
873310907
785040698
898009424
239472579
281956250
576184516
21049922
960186595
9628251
502733052
126657181
33880736
564381953
148587517
608424915
526148634
296191531
644787402
424347067
637330067
330765762
291642074
793696645
984950091
283860108
108906434
753830827
135262963
92763595
714268238
831773785
847805072
955901133
918727670
304510364
346743124
575741758
188820710
289485409
665386174
104903378
26857955
235112999
250253431
557317955
135335495
462096911
974339707
892872263
941422245
400440622
551608802
753177494
21063019
389856285
157605774
797136563
743892046
85073031
81205754
10932512
