100
197226174 16323354 275261297
598494136 171925451 987626382
591468739 953835103 708395329
870674879 904487657 181946111
49900178 32730675 356990372
383775977 215315180 842806909
330299749 17542929 126463591
154278353 293530024 312732453
528511645 988171705 797620108
611861138 822457707 80049488
345226447 637852747 291409272
294799916 278880022 150294577
176817491 999614470 478104712
196303746 248558928 931907620
504039960 740548378 567670941
466513695 711177094 365240364
688353143 868827991 517626463
687307313 352253121 731874456
572285080 999990955 394155030
653834061 530946875 938553700
185203975 479235774 222594222
868905791 404431754 174926377
566302873 869988030 996388923
112032228 80975652 909296112
861000876 748646982 624114713
463643528 207228356 200307917
661880677 529023863 698586590
509267893 33730616 23030016
421898198 378974719 931199963
624881890 798415103 182778168
348397307 843286352 59507722
365599533 847893877 280132606
105222849 45216456 895870892
118865143 537493640 209251988
399343988 617723158 688246103
584805375 640456676 101441936
417905613 635637497 52879780
315348296 932593957 384973017
525827109 882991530 958203940
818553661 662591516 164795838
423871887 910365327 530450302
655289982 599143895 870363833
182739069 974074235 917110887
170040161 204073836 56385542
538708782 917793194 723987967
5036441 326691714 469400297
15937665 656557913 536687930
53555476 916624081 355822530
743263908 622170491 228736580
653958407 6697216 918594780
756762285 200223700 913505735
21545954 297148779 389308410
284556211 311866390 132844647
957262640 597870133 218969124
418709409 250635624 252425537
630393356 610790090 948919484
735173963 729477398 457244864
866445310 973552846 764164996
30078549 236199057 110496660
723140125 5401622 392776110
471401048 673237571 673227794
291936770 272667253 613932326
344587543 131904824 4463246
936855044 744247910 72523680
931482616 870422149 910814899
224454096 139498876 452933678
293729485 284250511 54325729
308228565 834435288 607834519
643967550 257448387 957532536
623222250 151768808 101155321
863455670 404056019 150556920
66166215 77171694 89695609
455713884 244652016 428409633
874948630 953345741 497134640
494036422 125488636 150730817
224855362 192690349 953079864
796621396 281371652 985325658
46469779 345092200 164310164
688408557 504116253 172017252
787682026 595866752 193759906
26055070 116045344 642400605
346633163 707274547 425868628
51278696 983748562 896267728
694507238 966961083 84328694
215631480 521365409 845577899
540050320 990666496 411905681
167663143 228007929 553187456
266003529 79027822 351260712
610295311 574550224 985647394
243046524 938583465 385064096
433488772 976526251 896194058
688282979 881002713 869292169
902577749 542601916 147816563
583614353 44596501 881789684
39403458 962173393 882033757
312846478 870291538 298126586
462448133 660390708 44022474
949340564 499088778 6218094
728665896 143592500 342837341
3083956 882966585 280312182
