313394672
147546107
401313387
300742993
940690246
696511694
948996719
579497273
847317199
110298723
372469379
42039514
68456725
915694410
966994513
878686842
994331320
846203976
883093013
203627868
692816628
760313603
194078938
634966841
427685974
891027293
907439951
770093598
50701989
328780791
425087400
443051807
608550685
987577067
779143286
229861934
328996262
411458941
8871660
364430793
177701506
616938970
140853795
70895735
40904548
276411438
623570799
723652733
644922415
816460799
602080244
564345964
167850069
703795157
155824477
403888193
913794914
560227127
213939409
133419434
703990211
689493334
881175242
124919584
845706354
403063209
544160774
336422631
913884741
400330140
858172344
114951971
118424686
159017410
828601769
56731256
213819361
201527210
524817534
915915122
282125549
574686725
340712944
318067505
633254040
622091379
205869132
836754388
422228425
747789857
511674954
766239684
820661441
637607770
702922966
351643645
563372112
113317277
515535427
983400838
