2000
1 2 34710
1 3 22468
2 4 3825
4 5 30984
4 6 24561
4 7 36260
6 8 26533
7 9 30322
9 10 16254
9 11 19295
11 12 35172
10 13 2099
11 14 34986
14 15 38311
15 16 21347
15 17 10323
17 18 2700
16 19 37722
19 20 6499
18 21 5029
20 22 45012
22 23 19408
22 24 44618
24 25 10171
24 26 11211
25 27 46066
27 28 40088
28 29 32121
27 30 29163
30 31 25470
29 32 25105
31 33 32149
31 34 24099
34 35 17884
34 36 15532
36 37 42799
35 38 9575
38 39 18285
38 40 15243
38 41 7850
40 42 28818
41 43 32553
41 44 41940
44 45 42286
45 46 43804
44 47 33004
45 48 22996
47 49 14465
48 50 14103
48 51 7590
49 52 31708
52 53 21183
53 54 22836
54 55 17104
54 56 28958
56 57 5409
57 58 42275
57 59 1499
58 60 17724
60 61 26499
59 62 7940
60 63 7956
63 64 3212
63 65 25417
64 66 36472
64 67 37861
67 68 15394
68 69 23565
67 70 32577
69 71 30182
69 72 45184
70 73 6554
71 74 33436
72 75 22527
75 76 31096
76 77 6137
75 78 35893
76 79 27474
78 80 10342
78 81 40712
79 82 31574
82 83 27723
83 84 24413
83 85 38395
85 86 42904
86 87 37354
87 88 27628
87 89 2709
89 90 7826
89 91 16702
90 92 42112
92 93 5833
91 94 27060
93 95 24106
94 96 25311
95 97 41739
96 98 11813
98 99 10105
99 100 44098
100 101 23274
100 102 6858
101 103 45878
102 104 309
104 105 18157
103 106 14634
105 107 31807
107 108 6720
107 109 44715
107 110 1262
108 111 16436
109 112 26032
112 113 39743
112 114 9912
114 115 38122
114 116 26187
116 117 43774
115 118 11467
118 119 29427
118 120 40400
120 121 23893
121 122 23058
120 123 34273
123 124 9169
122 125 20866
125 126 11154
126 127 1550
125 128 28679
128 129 31183
129 130 29052
130 131 32490
129 132 38225
131 133 14217
132 134 10436
132 135 24929
135 136 32626
134 137 20376
136 138 2375
137 139 32390
139 140 45634
138 141 10017
141 142 17915
140 143 5840
141 144 41267
143 145 38231
143 146 15209
145 147 43279
146 148 14433
147 149 16791
148 150 12963
148 151 25526
150 152 10349
151 153 12054
152 154 45324
153 155 15734
154 156 20679
156 157 26747
157 158 32013
156 159 25379
157 160 25881
158 161 18272
159 162 35857
160 163 32172
163 164 19202
162 165 2116
165 166 16939
165 167 32639
167 168 22218
167 169 46553
169 170 46622
170 171 27335
169 172 43249
170 173 32078
171 174 14089
173 175 391
175 176 13152
175 177 4730
176 178 7766
177 179 39613
177 180 12880
178 181 38825
179 182 19104
181 183 576
182 184 7172
184 185 7497
184 186 16283
185 187 41005
186 188 33559
186 189 3473
187 190 4661
188 191 28015
191 192 20576
192 193 15782
192 194 34293
192 195 5562
195 196 29570
195 197 18428
196 198 7158
198 199 43731
198 200 9888
198 201 23000
201 202 45669
200 203 701
202 204 11394
203 205 31640
204 206 5508
204 207 5019
207 208 42125
207 209 8915
209 210 23987
209 211 35237
210 212 5032
211 213 805
212 214 22326
214 215 26179
214 216 24964
216 217 41572
215 218 434
217 219 12436
218 220 32914
220 221 4156
221 222 40984
221 223 16763
222 224 150
224 225 35743
223 226 18278
225 227 32827
225 228 27979
228 229 45887
228 230 22566
228 231 28173
229 232 9959
232 233 35556
233 234 9895
232 235 17551
235 236 21356
236 237 17162
235 238 14300
236 239 19028
237 240 2575
238 241 30263
239 242 27385
240 243 14296
242 244 32034
243 245 41267
245 246 6742
245 247 6295
245 248 7292
247 249 32666
248 250 17322
249 251 20510
249 252 36531
252 253 33114
251 254 4261
252 255 23826
254 256 12888
254 257 6105
255 258 3785
257 259 1085
259 260 14021
258 261 42202
261 262 42852
260 263 43838
262 264 10737
264 265 5071
264 266 9738
264 267 26701
265 268 26845
268 269 26685
268 270 34617
269 271 26341
269 272 37256
272 273 21298
273 274 5582
273 275 15986
273 276 24789
274 277 22149
276 278 20045
277 279 38107
278 280 44691
279 281 12852
280 282 31877
280 283 6354
281 284 38430
283 285 2641
285 286 3449
284 287 34954
286 288 24674
288 289 40641
289 290 22168
288 291 2381
290 292 3257
290 293 24377
292 294 19351
292 295 21231
293 296 8935
296 297 30456
297 298 32955
298 299 46221
299 300 26771
300 301 18239
299 302 7901
302 303 30611
301 304 40636
304 305 43135
304 306 18857
306 307 16864
305 308 35642
308 309 37710
307 310 42870
308 311 4924
310 312 5794
312 313 31561
312 314 12351
313 315 15318
314 316 20076
315 317 14288
316 318 10345
317 319 42100
317 320 22030
318 321 15802
321 322 37454
320 323 18804
323 324 10929
323 325 40565
325 326 8575
324 327 24061
326 328 45075
326 329 43090
327 330 42545
328 331 5425
331 332 40272
332 333 22129
332 334 11570
332 335 283
335 336 14659
334 337 10468
335 338 3183
336 339 41227
337 340 28346
338 341 15727
339 342 40178
340 343 7643
342 344 24810
342 345 14871
343 346 11918
345 347 40406
347 348 40442
348 349 25026
348 350 7072
350 351 33340
349 352 11614
350 353 20622
351 354 30206
354 355 42493
353 356 14579
355 357 5436
357 358 45232
356 359 4788
359 360 13703
359 361 36288
360 362 21292
361 363 17145
362 364 38257
363 365 24361
365 366 14620
364 367 15611
366 368 37311
368 369 25662
368 370 36608
370 371 10979
369 372 24709
372 373 2835
373 374 32338
374 375 40093
373 376 3841
375 377 46244
376 378 15778
378 379 40632
378 380 5801
379 381 6113
381 382 43897
382 383 1916
381 384 21487
382 385 13198
384 386 23656
384 387 39225
386 388 21964
388 389 24782
387 390 16841
389 391 29645
389 392 4231
392 393 45690
393 394 23442
394 395 896
393 396 41219
394 397 7861
395 398 34769
398 399 12074
399 400 25553
400 401 387
401 402 27340
402 403 46167
401 404 24692
403 405 35361
404 406 13699
405 407 7647
405 408 37053
408 409 29056
407 410 12595
410 411 42923
409 412 18418
412 413 22170
413 414 10429
412 415 45520
413 416 30482
416 417 37196
417 418 12352
416 419 35730
418 420 26082
420 421 14424
421 422 36136
421 423 26686
421 424 35380
423 425 20287
425 426 17290
426 427 21427
427 428 2988
427 429 1626
429 430 25248
430 431 32854
429 432 19195
431 433 27287
431 434 6135
434 435 18547
435 436 13625
436 437 43937
437 438 27193
438 439 33422
439 440 263
440 441 14670
440 442 4842
441 443 43667
443 444 23962
442 445 30741
445 446 30409
445 447 22296
447 448 34390
448 449 20065
448 450 9371
448 451 14059
449 452 27631
451 453 44077
453 454 26221
454 455 21215
454 456 4086
454 457 24366
456 458 19752
456 459 16094
459 460 31207
458 461 33975
459 462 9324
460 463 32193
463 464 16374
462 465 37655
464 466 13433
464 467 4367
467 468 44644
467 469 28358
469 470 28364
468 471 12394
470 472 40078
471 473 43555
471 474 36962
474 475 21658
474 476 29342
474 477 45270
476 478 36252
478 479 33458
477 480 29438
480 481 19119
481 482 39210
482 483 13657
481 484 30623
484 485 26438
483 486 34961
485 487 420
486 488 43187
486 489 37208
489 490 17067
490 491 32858
490 492 18394
491 493 20325
491 494 30165
493 495 1890
493 496 33375
496 497 19814
497 498 15111
496 499 35948
499 500 26961
498 501 38634
500 502 42348
502 503 30886
502 504 14975
502 505 16163
503 506 234
504 507 30855
505 508 19099
507 509 39057
509 510 42544
510 511 5462
511 512 20597
510 513 19142
513 514 7224
513 515 17720
515 516 2646
516 517 6608
517 518 29819
516 519 28562
517 520 23843
519 521 28092
519 522 38954
522 523 9390
521 524 13844
524 525 10320
525 526 28488
524 527 12742
525 528 20373
526 529 1407
529 530 4957
529 531 43623
531 532 22571
530 533 32949
531 534 13915
533 535 37646
533 536 36693
535 537 40429
536 538 3817
538 539 16190
539 540 12943
540 541 11267
540 542 42780
542 543 1328
543 544 17063
543 545 27861
545 546 10126
546 547 46072
547 548 40152
547 549 39494
547 550 11346
550 551 29791
550 552 25334
552 553 44017
551 554 32009
552 555 29977
555 556 45354
555 557 33576
557 558 38793
557 559 6497
559 560 36836
560 561 29610
559 562 46427
562 563 747
562 564 9220
563 565 21432
565 566 4200
564 567 3775
566 568 39439
566 569 22463
568 570 9737
570 571 41385
571 572 12898
571 573 23173
573 574 7382
572 575 30595
574 576 32281
575 577 24180
577 578 2249
576 579 30742
579 580 15793
580 581 37323
579 582 31308
581 583 30322
582 584 29496
583 585 30188
583 586 13382
584 587 39935
586 588 43719
586 589 31840
589 590 45536
590 591 31471
591 592 11290
591 593 22728
593 594 30703
592 595 32747
595 596 35962
595 597 22705
595 598 18515
596 599 25827
597 600 30611
599 601 6338
601 602 22549
601 603 4257
601 604 17543
603 605 27958
603 606 9003
605 607 17947
607 608 16612
607 609 37508
608 610 16448
608 611 5749
610 612 26622
612 613 34291
612 614 39554
614 615 935
613 616 15634
615 617 32666
615 618 14191
616 619 30674
619 620 21175
620 621 646
621 622 13478
620 623 1891
622 624 32263
624 625 30311
623 626 31867
624 627 10522
625 628 25837
628 629 32746
627 630 44766
628 631 46296
631 632 33164
631 633 29972
633 634 39442
632 635 40710
634 636 45956
634 637 21816
635 638 3943
637 639 9721
638 640 972
640 641 24464
639 642 30303
642 643 46126
642 644 7227
643 645 34382
643 646 17349
645 647 13876
645 648 32034
646 649 31710
648 650 28868
648 651 14760
651 652 23942
651 653 28624
652 654 19826
653 655 41937
655 656 21587
655 657 8031
656 658 7346
656 659 35144
659 660 16940
660 661 39496
661 662 6247
661 663 12450
662 664 37878
664 665 3374
665 666 20346
665 667 31210
665 668 12217
667 669 44117
668 670 20028
670 671 17185
670 672 8978
672 673 33233
672 674 21763
674 675 31901
674 676 35588
676 677 33337
677 678 27520
677 679 23906
679 680 3461
679 681 40055
681 682 32801
680 683 6007
683 684 439
682 685 4840
685 686 11758
684 687 16450
687 688 2683
688 689 32377
688 690 46143
689 691 41348
691 692 12939
691 693 32806
693 694 15981
692 695 20111
693 696 38470
694 697 23943
697 698 669
696 699 39579
697 700 38792
700 701 42997
699 702 7533
701 703 33661
702 704 17347
703 705 21828
703 706 38628
705 707 18402
705 708 18179
708 709 366
708 710 2870
709 711 3987
711 712 3985
711 713 21180
713 714 3937
712 715 18332
714 716 10045
714 717 5412
717 718 18927
718 719 3111
717 720 26379
720 721 5059
719 722 36037
721 723 13533
723 724 42682
722 725 22890
723 726 5721
724 727 39681
725 728 10787
726 729 10441
729 730 43292
729 731 22284
731 732 34285
732 733 9049
733 734 26410
734 735 10171
733 736 9011
736 737 17403
737 738 7544
737 739 24831
739 740 550
740 741 38102
739 742 20521
742 743 34161
741 744 13934
743 745 10723
745 746 26293
745 747 32635
746 748 33510
748 749 17832
749 750 39001
748 751 22446
750 752 32561
752 753 18224
753 754 38286
753 755 14198
753 756 4843
756 757 26270
755 758 2935
756 759 12665
759 760 584
759 761 27847
759 762 36253
762 763 28037
761 764 19813
762 765 8941
764 766 31830
764 767 38864
765 768 16010
767 769 25546
767 770 37203
770 771 43815
770 772 22455
770 773 7592
772 774 42640
773 775 39360
774 776 35830
775 777 27480
777 778 166
777 779 14030
778 780 44900
779 781 20657
779 782 28540
780 783 23160
781 784 36266
784 785 20375
785 786 11583
785 787 40890
787 788 23190
786 789 45581
787 790 2576
789 791 36812
791 792 16679
792 793 30591
792 794 8583
792 795 7714
794 796 40027
794 797 26348
795 798 42402
798 799 8658
798 800 6882
798 801 29513
799 802 24915
802 803 33821
803 804 25321
803 805 23655
804 806 36517
806 807 16110
806 808 24643
807 809 15911
807 810 19654
810 811 39383
809 812 46368
811 813 31251
811 814 3767
813 815 10619
814 816 10321
815 817 35537
817 818 24688
817 819 9787
818 820 45736
820 821 1667
819 822 25313
820 823 34310
821 824 39718
823 825 42287
825 826 9539
825 827 18673
825 828 9034
826 829 26309
827 830 39227
830 831 23506
830 832 26071
831 833 6552
833 834 17124
834 835 17174
835 836 11550
835 837 42883
836 838 11487
837 839 27626
837 840 5307
839 841 31366
841 842 16355
841 843 44652
843 844 40363
842 845 17215
845 846 2994
844 847 30371
846 848 35676
846 849 34839
847 850 33793
849 851 4410
850 852 31909
850 853 43269
853 854 4534
852 855 42214
854 856 37895
856 857 45169
857 858 30207
858 859 36846
859 860 16956
860 861 6941
861 862 5743
860 863 35140
863 864 24876
863 865 12014
864 866 11004
865 867 38839
865 868 45947
867 869 30221
867 870 33711
870 871 2770
869 872 27862
871 873 28881
871 874 37492
873 875 41125
875 876 14992
875 877 38537
877 878 2709
876 879 35839
879 880 36769
878 881 9833
879 882 45680
880 883 37000
882 884 4017
884 885 40026
884 886 38661
886 887 12663
886 888 34478
888 889 30282
889 890 20117
890 891 531
891 892 42509
890 893 41137
893 894 15738
893 895 39512
894 896 38410
895 897 12923
895 898 24680
898 899 38532
897 900 8394
898 901 15395
900 902 740
902 903 33685
902 904 12071
904 905 25647
905 906 37865
904 907 4239
906 908 34974
908 909 43286
907 910 36081
909 911 35994
909 912 18419
912 913 18740
912 914 23406
914 915 41723
913 916 11969
916 917 62
917 918 36976
917 919 429
918 920 34936
920 921 16809
919 922 36350
920 923 31558
922 924 42227
924 925 34771
923 926 16185
926 927 30573
927 928 25130
926 929 6548
929 930 14912
930 931 13942
929 932 42755
930 933 3664
931 934 40753
932 935 8860
933 936 39471
935 937 31525
937 938 18219
938 939 24786
939 940 21132
938 941 17393
941 942 16412
942 943 40679
941 944 24137
943 945 4197
944 946 37065
946 947 44213
946 948 12004
948 949 36775
948 950 16067
948 951 17896
951 952 24939
951 953 26586
952 954 35937
953 955 45694
953 956 9199
956 957 33294
955 958 40080
956 959 40357
958 960 4260
958 961 2665
959 962 3971
962 963 3203
961 964 28626
962 965 30917
965 966 14191
964 967 20382
965 968 18336
966 969 42941
968 970 24150
969 971 2898
971 972 3995
970 973 4480
973 974 35314
974 975 20267
973 976 43251
976 977 20797
976 978 25587
976 979 12091
979 980 15926
979 981 5940
981 982 5166
981 983 10826
981 984 2244
984 985 31651
983 986 12917
986 987 5808
985 988 16872
987 989 24749
988 990 29754
988 991 40421
991 992 10722
991 993 40442
993 994 15589
994 995 22319
993 996 24972
996 997 44662
996 998 3384
997 999 41600
998 1000 14065
999 1001 21902
1000 1002 14285
1001 1003 33517
1002 1004 8047
1004 1005 26713
1004 1006 19422
1004 1007 46178
1007 1008 42284
1007 1009 12208
1007 1010 3154
1010 1011 34649
1010 1012 9879
1010 1013 27665
1013 1014 32264
1012 1015 46286
1013 1016 37234
1014 1017 43198
1015 1018 20371
1017 1019 7236
1019 1020 5744
1020 1021 463
1019 1022 10416
1021 1023 45204
1023 1024 11799
1024 1025 17931
1025 1026 16917
1025 1027 12970
1027 1028 19065
1027 1029 45430
1027 1030 7666
1029 1031 11604
1031 1032 28723
1032 1033 3935
1033 1034 31316
1032 1035 40392
1033 1036 3245
1034 1037 23530
1037 1038 43373
1037 1039 3773
1038 1040 27317
1038 1041 41299
1040 1042 224
1040 1043 17319
1043 1044 40134
1044 1045 22253
1044 1046 11786
1045 1047 21005
1047 1048 1838
1048 1049 32714
1048 1050 41769
1049 1051 45340
1050 1052 8408
1051 1053 38264
1051 1054 21996
1054 1055 45738
1055 1056 2329
1055 1057 2998
1055 1058 20207
1058 1059 43202
1057 1060 3119
1060 1061 44197
1059 1062 124
1062 1063 20527
1063 1064 36251
1063 1065 33187
1065 1066 7732
1066 1067 40433
1065 1068 25614
1066 1069 1391
1067 1070 1002
1070 1071 10885
1069 1072 5027
1072 1073 42705
1073 1074 46435
1074 1075 8410
1074 1076 16893
1076 1077 18713
1077 1078 36072
1078 1079 43503
1079 1080 34675
1079 1081 19974
1079 1082 22772
1081 1083 45371
1081 1084 20015
1083 1085 3726
1083 1086 30444
1085 1087 25997
1087 1088 32300
1088 1089 22638
1089 1090 5943
1089 1091 28600
1091 1092 39207
1092 1093 24904
1091 1094 10635
1092 1095 10921
1094 1096 9895
1096 1097 42382
1097 1098 23227
1096 1099 12532
1097 1100 21887
1099 1101 9150
1101 1102 1203
1101 1103 21472
1102 1104 13464
1103 1105 18979
1104 1106 41422
1104 1107 34011
1105 1108 2588
1106 1109 4697
1109 1110 44357
1110 1111 25292
1110 1112 34309
1111 1113 25313
1112 1114 42566
1114 1115 4169
1113 1116 20110
1116 1117 37955
1117 1118 7793
1117 1119 303
1119 1120 26835
1119 1121 26724
1120 1122 7339
1122 1123 38510
1121 1124 7742
1122 1125 13557
1123 1126 36504
1125 1127 35051
1125 1128 40705
1126 1129 3555
1127 1130 13044
1128 1131 30089
1129 1132 30448
1130 1133 40132
1133 1134 29997
1133 1135 42683
1134 1136 22784
1135 1137 41948
1135 1138 16310
1136 1139 30133
1139 1140 25977
1140 1141 18394
1139 1142 20830
1140 1143 33068
1142 1144 7454
1144 1145 10544
1144 1146 3084
1145 1147 34226
1146 1148 12144
1148 1149 14373
1149 1150 14279
1149 1151 33037
1150 1152 7953
1152 1153 39165
1152 1154 5696
1154 1155 28658
1155 1156 15441
1156 1157 12419
1156 1158 236
1158 1159 13567
1157 1160 23096
1158 1161 38163
1161 1162 15152
1160 1163 3994
1163 1164 10023
1163 1165 40886
1165 1166 22077
1166 1167 37316
1167 1168 33939
1168 1169 5680
1168 1170 28135
1170 1171 21122
1170 1172 2804
1171 1173 19143
1172 1174 22997
1174 1175 10775
1173 1176 45059
1176 1177 27081
1177 1178 35778
1178 1179 854
1178 1180 26347
1180 1181 26028
1181 1182 34100
1182 1183 2570
1183 1184 7379
1182 1185 16692
1184 1186 9055
1186 1187 20404
1185 1188 46408
1186 1189 24820
1188 1190 5780
1188 1191 29123
1189 1192 44678
1192 1193 7697
1191 1194 22015
1193 1195 41897
1193 1196 20166
1196 1197 21765
1195 1198 1129
1196 1199 23252
1198 1200 10769
1199 1201 31091
1199 1202 14491
1201 1203 15899
1202 1204 12468
1202 1205 21736
1203 1206 35602
1205 1207 17852
1205 1208 31684
1207 1209 42459
1209 1210 33117
1209 1211 25596
1209 1212 40485
1210 1213 9503
1211 1214 25914
1212 1215 10710
1213 1216 10320
1216 1217 26071
1217 1218 35257
1216 1219 29393
1217 1220 5922
1220 1221 40141
1221 1222 30284
1221 1223 12008
1223 1224 3979
1224 1225 25155
1223 1226 7291
1224 1227 22111
1226 1228 33000
1228 1229 11088
1228 1230 36764
1230 1231 20839
1231 1232 17391
1230 1233 114
1233 1234 36702
1233 1235 16964
1233 1236 5273
1236 1237 16420
1237 1238 16415
1236 1239 31202
1237 1240 41878
1240 1241 13975
1240 1242 32957
1242 1243 23652
1241 1244 2576
1243 1245 8252
1244 1246 28759
1245 1247 31254
1246 1248 11431
1248 1249 34843
1249 1250 28983
1249 1251 8994
1249 1252 37216
1251 1253 19136
1251 1254 29673
1253 1255 1886
1254 1256 25840
1256 1257 5941
1255 1258 41661
1257 1259 39686
1257 1260 6543
1259 1261 10528
1260 1262 35972
1260 1263 21602
1263 1264 29057
1264 1265 11823
1264 1266 42524
1265 1267 29484
1265 1268 38879
1268 1269 21741
1269 1270 24405
1270 1271 45152
1270 1272 4455
1270 1273 4390
1272 1274 46352
1273 1275 14483
1274 1276 10940
1276 1277 20196
1275 1278 4792
1278 1279 8423
1279 1280 42714
1280 1281 1665
1279 1282 24822
1280 1283 24677
1283 1284 37803
1282 1285 33019
1284 1286 46165
1285 1287 19474
1286 1288 31849
1286 1289 41657
1289 1290 20310
1290 1291 38066
1291 1292 36817
1292 1293 46260
1291 1294 16240
1292 1295 35266
1295 1296 37304
1295 1297 10100
1295 1298 39372
1298 1299 17037
1299 1300 30339
1299 1301 38085
1301 1302 24864
1302 1303 27741
1301 1304 25551
1304 1305 22113
1304 1306 741
1306 1307 9506
1307 1308 18540
1308 1309 39534
1308 1310 29790
1309 1311 3903
1310 1312 19584
1311 1313 34615
1313 1314 20566
1312 1315 30952
1314 1316 34133
1315 1317 34630
1315 1318 34792
1317 1319 16822
1319 1320 12002
1319 1321 12184
1319 1322 43567
1322 1323 3621
1321 1324 19519
1322 1325 34937
1325 1326 3812
1325 1327 23289
1326 1328 19920
1328 1329 7751
1328 1330 34559
1328 1331 32188
1329 1332 32321
1330 1333 45281
1332 1334 8705
1334 1335 20532
1334 1336 395
1335 1337 16804
1337 1338 2021
1338 1339 27304
1338 1340 5847
1338 1341 23762
1341 1342 4935
1342 1343 2762
1342 1344 16647
1342 1345 3601
1343 1346 14956
1344 1347 13893
1345 1348 29331
1347 1349 6158
1347 1350 33617
1350 1351 150
1351 1352 2560
1352 1353 42897
1351 1354 40179
1353 1355 27169
1353 1356 42351
1354 1357 25376
1356 1358 8491
1356 1359 30685
1359 1360 23871
1360 1361 25942
1361 1362 40078
1362 1363 37471
1362 1364 43385
1362 1365 32751
1364 1366 25565
1364 1367 26375
1367 1368 36490
1368 1369 10630
1367 1370 36644
1370 1371 14092
1369 1372 8387
1370 1373 41271
1371 1374 38788
1373 1375 6822
1375 1376 45904
1375 1377 20227
1375 1378 26447
1378 1379 16413
1379 1380 18936
1380 1381 40195
1380 1382 8634
1382 1383 18714
1382 1384 41221
1384 1385 46277
1383 1386 1544
1385 1387 4059
1387 1388 43805
1387 1389 41506
1387 1390 8649
1390 1391 32316
1389 1392 8780
1390 1393 15386
1392 1394 20088
1393 1395 36383
1395 1396 2442
1395 1397 3668
1397 1398 38305
1396 1399 20529
1398 1400 46593
1399 1401 7679
1401 1402 6590
1401 1403 40023
1402 1404 24262
1404 1405 34845
1405 1406 41914
1404 1407 25897
1405 1408 29239
1406 1409 6194
1407 1410 43377
1408 1411 8532
1410 1412 36696
1412 1413 1691
1412 1414 34742
1412 1415 42532
1414 1416 29448
1415 1417 33325
1417 1418 28014
1418 1419 39616
1417 1420 37452
1419 1421 10890
1420 1422 33726
1421 1423 14250
1423 1424 10390
1423 1425 21876
1423 1426 36769
1424 1427 38332
1426 1428 36562
1426 1429 36206
1428 1430 27655
1429 1431 38446
1429 1432 31527
1432 1433 44332
1432 1434 34141
1432 1435 33464
1434 1436 14283
1435 1437 37421
1437 1438 13594
1437 1439 37011
1437 1440 7689
1438 1441 14948
1439 1442 1913
1440 1443 28279
1442 1444 45275
1444 1445 18871
1445 1446 10898
1445 1447 26502
1446 1448 11697
1446 1449 15850
1448 1450 33409
1450 1451 6408
1451 1452 41004
1451 1453 42625
1452 1454 40878
1454 1455 29903
1454 1456 1597
1456 1457 22104
1456 1458 17326
1458 1459 12726
1457 1460 33764
1458 1461 33585
1460 1462 40232
1460 1463 5749
1463 1464 3739
1462 1465 9453
1465 1466 22227
1464 1467 37964
1467 1468 29214
1468 1469 40102
1468 1470 23666
1469 1471 24683
1469 1472 26817
1470 1473 34198
1473 1474 19933
1474 1475 22932
1475 1476 26196
1475 1477 25876
1475 1478 10519
1478 1479 31507
1478 1480 44985
1478 1481 37543
1481 1482 37688
1482 1483 33672
1482 1484 19739
1484 1485 26851
1484 1486 14773
1486 1487 22115
1487 1488 33748
1486 1489 14541
1488 1490 8698
1490 1491 21992
1491 1492 35545
1492 1493 9043
1491 1494 28196
1493 1495 16143
1493 1496 27008
1496 1497 20042
1495 1498 35897
1498 1499 26857
1498 1500 2221
1499 1501 18376
1500 1502 507
1500 1503 14042
1502 1504 2987
1503 1505 21446
1504 1506 16873
1505 1507 15140
1507 1508 35420
1506 1509 40282
1507 1510 18314
1508 1511 14028
1509 1512 10389
1511 1513 12688
1511 1514 20295
1512 1515 23867
1513 1516 17469
1514 1517 38173
1516 1518 32206
1518 1519 13876
1518 1520 17907
1519 1521 8897
1521 1522 3253
1521 1523 36120
1523 1524 26467
1523 1525 15149
1524 1526 27901
1524 1527 38381
1527 1528 10632
1526 1529 43373
1529 1530 7572
1528 1531 2033
1531 1532 2087
1532 1533 28942
1531 1534 31155
1533 1535 25157
1533 1536 32666
1534 1537 9042
1535 1538 4909
1538 1539 5978
1539 1540 9484
1540 1541 10420
1539 1542 16587
1542 1543 3478
1542 1544 37106
1543 1545 2761
1545 1546 20839
1544 1547 3011
1545 1548 18234
1546 1549 4002
1549 1550 11695
1548 1551 13033
1551 1552 36803
1550 1553 41528
1553 1554 35482
1554 1555 44183
1555 1556 43871
1556 1557 17905
1555 1558 26499
1558 1559 8833
1557 1560 35058
1560 1561 19108
1559 1562 27697
1561 1563 46027
1561 1564 2188
1562 1565 34317
1565 1566 37615
1566 1567 16367
1567 1568 26299
1566 1569 33415
1569 1570 14442
1568 1571 46221
1570 1572 6784
1570 1573 14173
1571 1574 24358
1573 1575 36249
1573 1576 12043
1575 1577 18255
1577 1578 27940
1577 1579 18161
1579 1580 17270
1578 1581 12444
1581 1582 18934
1582 1583 32323
1582 1584 899
1584 1585 30950
1583 1586 39134
1586 1587 12472
1587 1588 4077
1587 1589 8244
1588 1590 34613
1589 1591 41
1591 1592 16427
1590 1593 29501
1593 1594 8261
1593 1595 32037
1594 1596 8043
1595 1597 42803
1597 1598 28807
1597 1599 33374
1599 1600 19192
1600 1601 41995
1601 1602 7519
1600 1603 42265
1603 1604 4632
1603 1605 24502
1605 1606 24352
1605 1607 9474
1606 1608 16840
1608 1609 39680
1609 1610 29289
1608 1611 43449
1609 1612 25710
1611 1613 14868
1612 1614 2803
1613 1615 37480
1615 1616 13357
1614 1617 31531
1616 1618 35683
1616 1619 1905
1617 1620 3886
1618 1621 44319
1621 1622 5788
1621 1623 38501
1623 1624 33124
1622 1625 7041
1623 1626 7191
1626 1627 9103
1626 1628 33914
1627 1629 33476
1629 1630 16580
1630 1631 10169
1629 1632 39595
1631 1633 24092
1632 1634 19593
1633 1635 42352
1635 1636 45733
1636 1637 11682
1635 1638 10765
1638 1639 25709
1639 1640 31762
1639 1641 30892
1640 1642 12593
1640 1643 3599
1641 1644 43164
1644 1645 27942
1644 1646 30655
1645 1647 30
1646 1648 4940
1646 1649 46175
1649 1650 20481
1650 1651 26810
1649 1652 27953
1651 1653 45227
1652 1654 42992
1653 1655 46351
1654 1656 7778
1656 1657 27549
1657 1658 35896
1658 1659 10460
1657 1660 4329
1660 1661 29806
1659 1662 42206
1661 1663 31805
1663 1664 5412
1664 1665 42732
1664 1666 7557
1664 1667 42815
1665 1668 35356
1667 1669 36310
1668 1670 7664
1668 1671 40145
1670 1672 36187
1670 1673 33341
1671 1674 44765
1674 1675 31696
1673 1676 15238
1674 1677 6578
1677 1678 32941
1676 1679 38899
1677 1680 27
1679 1681 26293
1679 1682 20054
1681 1683 35893
1681 1684 42383
1682 1685 37651
1685 1686 18065
1685 1687 2098
1687 1688 36281
1686 1689 21079
1688 1690 31716
1690 1691 28574
1691 1692 46421
1691 1693 42698
1693 1694 44914
1693 1695 9864
1693 1696 38934
1695 1697 11792
1695 1698 35199
1698 1699 30253
1697 1700 40172
1699 1701 21066
1701 1702 16472
1702 1703 15237
1703 1704 5382
1702 1705 20476
1704 1706 4012
1705 1707 30345
1707 1708 2460
1708 1709 14858
1708 1710 25363
1708 1711 44161
1710 1712 28384
1710 1713 13883
1712 1714 18098
1713 1715 35586
1714 1716 36743
1714 1717 25846
1716 1718 4185
1716 1719 37890
1719 1720 10631
1718 1721 4367
1721 1722 26040
1720 1723 32440
1723 1724 29663
1724 1725 42841
1723 1726 11308
1725 1727 38353
1727 1728 8583
1726 1729 25543
1729 1730 10339
1729 1731 38673
1731 1732 1282
1732 1733 29737
1732 1734 28969
1733 1735 1243
1734 1736 37121
1736 1737 20016
1736 1738 29514
1738 1739 22206
1737 1740 9907
1739 1741 32176
1741 1742 8732
1740 1743 18644
1742 1744 37444
1742 1745 26135
1745 1746 45850
1746 1747 42768
1747 1748 13596
1748 1749 35097
1749 1750 44799
1750 1751 18632
1750 1752 46184
1750 1753 45205
1753 1754 20049
1754 1755 43797
1753 1756 34680
1755 1757 7552
1757 1758 7768
1757 1759 16182
1758 1760 46156
1759 1761 16267
1759 1762 30296
1761 1763 18765
1762 1764 42372
1764 1765 40188
1763 1766 11210
1766 1767 19797
1767 1768 31909
1766 1769 36614
1767 1770 24128
1770 1771 45845
1769 1772 17160
1772 1773 28984
1771 1774 2047
1774 1775 28627
1775 1776 7216
1776 1777 34704
1777 1778 45028
1777 1779 30545
1779 1780 34222
1780 1781 22967
1780 1782 20502
1780 1783 45224
1782 1784 35906
1782 1785 43475
1785 1786 4373
1784 1787 4770
1787 1788 22842
1788 1789 35287
1788 1790 44496
1790 1791 26796
1790 1792 10281
1791 1793 24263
1791 1794 29907
1792 1795 22480
1793 1796 23231
1795 1797 13548
1797 1798 4809
1797 1799 1261
1799 1800 441
1798 1801 34263
1801 1802 31010
1800 1803 29390
1803 1804 15102
1802 1805 32369
1803 1806 659
1806 1807 41194
1806 1808 2757
1808 1809 12518
1807 1810 16000
1810 1811 21487
1809 1812 45607
1811 1813 22677
1811 1814 291
1813 1815 46309
1814 1816 42686
1814 1817 41302
1816 1818 31949
1817 1819 31312
1819 1820 33018
1820 1821 35653
1821 1822 11976
1821 1823 413
1821 1824 20414
1824 1825 30321
1823 1826 7984
1825 1827 36012
1825 1828 12101
1827 1829 17338
1828 1830 39695
1830 1831 36217
1831 1832 25564
1832 1833 45686
1833 1834 2830
1834 1835 3290
1835 1836 44542
1836 1837 14551
1837 1838 37532
1838 1839 6357
1837 1840 4335
1840 1841 136
1840 1842 21911
1840 1843 10683
1841 1844 18451
1843 1845 14608
1843 1846 32245
1845 1847 45835
1846 1848 10258
1846 1849 20314
1849 1850 4739
1849 1851 39654
1851 1852 2267
1852 1853 31508
1853 1854 26013
1852 1855 46172
1853 1856 6153
1855 1857 35808
1856 1858 4523
1857 1859 11654
1858 1860 18373
1859 1861 16032
1859 1862 4705
1861 1863 46174
1861 1864 29085
1862 1865 40720
1863 1866 17384
1865 1867 807
1865 1868 3291
1866 1869 12648
1868 1870 37829
1869 1871 26335
1869 1872 33437
1871 1873 43332
1872 1874 35971
1874 1875 8016
1874 1876 33770
1875 1877 12939
1877 1878 43498
1878 1879 44987
1877 1880 31489
1880 1881 17011
1880 1882 34231
1882 1883 46437
1883 1884 7452
1883 1885 44894
1885 1886 14893
1885 1887 21240
1885 1888 32122
1886 1889 1623
1889 1890 28278
1889 1891 22329
1891 1892 42089
1892 1893 38634
1893 1894 20518
1892 1895 30366
1895 1896 13234
1894 1897 9174
1897 1898 26622
1897 1899 18226
1897 1900 7848
1899 1901 45348
1899 1902 17337
1901 1903 8160
1901 1904 17175
1904 1905 27351
1903 1906 13542
1904 1907 45311
1906 1908 10657
1907 1909 21317
1908 1910 20547
1909 1911 7725
1909 1912 28242
1912 1913 6207
1911 1914 23291
1912 1915 5361
1914 1916 32609
1914 1917 8866
1915 1918 41123
1918 1919 37630
1918 1920 14026
1918 1921 44720
1919 1922 25892
1922 1923 15506
1923 1924 41440
1923 1925 301
1925 1926 1188
1924 1927 9722
1926 1928 28621
1927 1929 36701
1927 1930 28250
1930 1931 28625
1929 1932 33700
1930 1933 3332
1931 1934 11178
1932 1935 5846
1935 1936 29685
1935 1937 4221
1937 1938 4388
1938 1939 41971
1938 1940 12978
1939 1941 4481
1941 1942 18801
1940 1943 45262
1943 1944 35479
1942 1945 31307
1943 1946 11461
1946 1947 43181
1945 1948 17098
1948 1949 32473
1948 1950 44993
1950 1951 30025
1950 1952 8154
1951 1953 44526
1953 1954 32837
1954 1955 11485
1954 1956 16189
1955 1957 34863
1956 1958 3184
1958 1959 7855
1958 1960 24489
1959 1961 33820
1961 1962 38321
1961 1963 13544
1961 1964 38077
1963 1965 12877
1965 1966 14495
1965 1967 9243
1965 1968 9980
1967 1969 21300
1969 1970 14164
1970 1971 26835
1969 1972 5295
1971 1973 2514
1973 1974 7787
1974 1975 25042
1973 1976 20251
1974 1977 6796
1975 1978 23399
1976 1979 28842
1977 1980 746
1978 1981 42826
1980 1982 35484
1982 1983 25119
1982 1984 17228
1982 1985 38820
1983 1986 18637
1986 1987 7845
1986 1988 29078
1988 1989 9743
1987 1990 9281
1989 1991 46056
1991 1992 24028
1990 1993 38947
1993 1994 31508
1994 1995 17936
1993 1996 14546
1994 1997 9064
1995 1998 6554
1998 1999 34994
1999 2000 7314
1 2 10115
1 3 22631
1 4 9235
3 5 38501
3 6 15128
5 7 9576
6 8 52707
8 9 79299
8 10 51844
10 11 38511
9 12 2809
12 13 50167
13 14 5702
12 15 43705
14 16 52286
14 17 52469
16 18 31127
17 19 42902
17 20 59306
19 21 5313
19 22 6337
22 23 21369
23 24 31192
22 25 77599
23 26 27642
24 27 73626
26 28 26582
27 29 48122
27 30 61812
29 31 21202
29 32 32970
32 33 23801
31 34 28914
34 35 29884
35 36 30980
36 37 16494
35 38 59629
36 39 47933
37 40 80623
40 41 39101
41 42 64382
41 43 31062
43 44 32625
44 45 44790
43 46 20013
44 47 60943
45 48 75751
46 49 50361
49 50 67265
50 51 5146
49 52 70501
51 53 27713
52 54 63490
53 55 68439
53 56 68436
56 57 57808
57 58 51494
56 59 53390
58 60 13848
59 61 1227
59 62 69150
60 63 65073
63 64 71111
63 65 34619
65 66 59209
65 67 77442
65 68 23909
66 69 64446
67 70 49634
68 71 14153
69 72 68097
72 73 74465
71 74 4687
72 75 45571
73 76 9087
75 77 73486
76 78 39942
78 79 68860
78 80 64250
80 81 248
80 82 14000
82 83 32258
81 84 28636
82 85 34884
83 86 47735
84 87 48476
87 88 3701
88 89 17285
89 90 28066
88 91 33182
89 92 66052
92 93 41424
93 94 17429
92 95 40707
95 96 56942
96 97 71684
96 98 3207
97 99 66299
97 100 2192
99 101 36209
101 102 43344
102 103 72121
101 104 70377
104 105 16487
104 106 20167
104 107 3267
107 108 5116
107 109 33243
109 110 14492
109 111 8597
110 112 9462
112 113 31531
111 114 25560
112 115 72472
114 116 45352
116 117 73127
115 118 50293
118 119 19142
119 120 55552
118 121 10168
119 122 53143
122 123 16597
123 124 73577
122 125 48686
124 126 81735
125 127 9635
127 128 13821
127 129 61929
127 130 78816
128 131 34745
130 132 50875
130 133 55064
131 134 2405
132 135 67758
135 136 67779
134 137 10617
135 138 69937
136 139 56787
137 140 9209
139 141 31165
139 142 38275
140 143 25027
141 144 70491
144 145 26676
144 146 2728
145 147 1982
146 148 17091
148 149 31478
147 150 39219
150 151 81474
150 152 61315
150 153 7141
151 154 39105
153 155 26677
154 156 37029
156 157 19807
157 158 57280
156 159 78086
159 160 29075
159 161 62732
159 162 53323
161 163 21342
162 164 71961
162 165 75542
164 166 47908
165 167 39006
166 168 71279
167 169 17821
169 170 48475
169 171 1358
171 172 23012
170 173 61680
171 174 61599
172 175 29646
175 176 18423
175 177 22545
175 178 33501
178 179 24230
179 180 23400
179 181 62880
180 182 63282
180 183 29200
181 184 18808
183 185 68886
185 186 6599
185 187 39290
187 188 67890
186 189 25331
188 190 36420
189 191 13369
191 192 80940
192 193 26010
192 194 44613
192 195 24311
193 196 24060
195 197 66801
197 198 4567
197 199 13352
198 200 72446
200 201 78335
201 202 60591
200 203 52419
202 204 7299
203 205 65754
204 206 28239
205 207 47915
206 208 65433
208 209 67300
209 210 5969
208 211 47776
210 212 31509
210 213 24928
213 214 37410
214 215 43299
213 216 68231
214 217 8394
217 218 38777
218 219 11632
219 220 16132
218 221 6060
220 222 50803
222 223 4612
223 224 4509
222 225 2857
224 226 58609
226 227 1560
226 228 16068
226 229 195
228 230 38228
228 231 24677
231 232 33963
230 233 57327
232 234 20535
234 235 40682
235 236 33877
234 237 53005
235 238 28376
236 239 76495
237 240 5474
240 241 42957
240 242 45739
240 243 79439
241 244 78476
243 245 61794
245 246 5318
244 247 1006
245 248 37134
247 249 47966
247 250 49840
250 251 63388
249 252 77991
250 253 26106
252 254 41646
253 255 12184
254 256 31264
255 257 34867
255 258 77660
257 259 25611
258 260 32619
259 261 14609
259 262 5598
260 263 9235
262 264 48755
263 265 35843
265 266 74729
266 267 35687
267 268 26959
266 269 64205
267 270 68975
269 271 69114
271 272 13228
271 273 35918
273 274 74464
273 275 18196
273 276 42551
276 277 27928
275 278 42646
276 279 59493
279 280 3126
280 281 47945
280 282 50260
281 283 72146
281 284 54202
282 285 78427
284 286 37962
284 287 27092
287 288 40241
288 289 82422
288 290 78883
288 291 62313
289 292 70350
292 293 39827
292 294 4782
293 295 19121
293 296 76278
296 297 74834
295 298 47831
298 299 47168
297 300 59873
299 301 60617
299 302 42248
302 303 11660
303 304 5887
304 305 63104
304 306 71892
306 307 65040
306 308 77602
307 309 20852
309 310 20406
309 311 313
311 312 7548
311 313 2070
312 314 547
314 315 32275
313 316 34426
316 317 36151
317 318 70732
317 319 31338
319 320 5287
320 321 47225
319 322 52135
322 323 9081
322 324 54894
322 325 58493
325 326 77776
326 327 74295
326 328 32562
327 329 32482
329 330 24752
329 331 35074
329 332 11097
330 333 42094
331 334 57497
333 335 26453
334 336 64699
336 337 20903
337 338 33858
337 339 38448
338 340 76485
340 341 18975
341 342 43630
341 343 21492
343 344 42358
344 345 18324
345 346 78098
346 347 43746
346 348 32616
348 349 17342
349 350 45890
350 351 43600
350 352 78723
352 353 73586
352 354 43226
352 355 61379
355 356 9940
355 357 10088
355 358 72627
358 359 80507
358 360 81802
358 361 22908
359 362 47592
360 363 58421
362 364 65909
362 365 49299
363 366 66533
364 367 64311
366 368 3052
366 369 47437
367 370 2515
370 371 11290
371 372 34819
371 373 70714
372 374 3205
374 375 5369
373 376 18463
374 377 37891
376 378 80100
376 379 5159
379 380 16114
378 381 33349
381 382 82887
382 383 7082
383 384 57803
384 385 44817
385 386 25804
386 387 38952
386 388 30538
386 389 68604
388 390 20350
390 391 19955
391 392 7810
390 393 45629
393 394 51415
394 395 67068
394 396 46861
394 397 40354
395 398 59690
398 399 41024
399 400 67523
398 401 79371
401 402 18015
402 403 81451
403 404 14628
403 405 2055
405 406 37951
404 407 17648
406 408 1830
408 409 44411
407 410 37490
410 411 2228
409 412 16071
412 413 17344
412 414 14267
412 415 27947
413 416 53397
414 417 63846
417 418 61060
416 419 61594
419 420 80498
419 421 18053
419 422 7644
421 423 75844
423 424 80527
424 425 2978
425 426 1832
426 427 57275
427 428 17810
428 429 3878
428 430 16976
430 431 59978
431 432 23879
432 433 33670
431 434 46696
432 435 8067
433 436 6457
436 437 49229
436 438 52275
436 439 27602
438 440 25587
440 441 56241
440 442 25040
440 443 36815
441 444 78226
443 445 11065
443 446 68068
445 447 37056
445 448 23868
447 449 40364
448 450 26621
449 451 82180
449 452 79325
450 453 26647
452 454 46533
454 455 71769
453 456 13521
455 457 51996
456 458 53953
456 459 61997
457 460 6286
460 461 76957
459 462 75506
460 463 53432
462 464 4865
463 465 13493
465 466 81118
466 467 15704
466 468 54539
468 469 28716
468 470 40626
470 471 67505
471 472 68379
471 473 5354
472 474 44931
472 475 63204
473 476 52205
475 477 68940
477 478 69201
476 479 40801
478 480 55728
478 481 12981
479 482 51249
481 483 6581
482 484 55722
483 485 20508
485 486 66651
486 487 13055
485 488 51831
486 489 76077
487 490 25790
488 491 23779
490 492 66362
492 493 14654
492 494 11174
492 495 43977
494 496 68538
496 497 57941
495 498 68912
498 499 32945
497 500 78015
498 501 9858
501 502 7483
501 503 33947
502 504 36534
503 505 34062
505 506 25153
505 507 15188
506 508 28287
506 509 30496
508 510 18893
508 511 43017
511 512 57579
511 513 25022
512 514 65723
514 515 81617
514 516 6193
514 517 33986
516 518 25980
517 519 40283
519 520 38608
518 521 65284
519 522 16378
522 523 27589
522 524 2226
522 525 45862
523 526 6212
524 527 28380
526 528 40229
526 529 48545
529 530 4939
529 531 80117
531 532 64854
532 533 82329
532 534 39006
534 535 76385
535 536 3525
534 537 51787
537 538 28237
536 539 43261
539 540 34539
538 541 32477
540 542 58296
540 543 35887
542 544 42607
543 545 32460
544 546 280
545 547 11191
545 548 56041
546 549 42106
549 550 26560
548 551 28206
550 552 80824
552 553 69952
551 554 39981
552 555 58532
555 556 66962
555 557 34335
555 558 57983
557 559 31130
558 560 63046
559 561 35567
559 562 70317
561 563 58328
563 564 43599
563 565 35451
564 566 44439
564 567 65295
567 568 14022
566 569 49993
568 570 71627
569 571 19187
571 572 61313
572 573 68176
573 574 46629
574 575 48845
573 576 9856
574 577 21898
576 578 49208
577 579 31800
577 580 19633
578 581 46506
580 582 56483
580 583 35713
581 584 70524
582 585 81755
583 586 79766
586 587 66174
587 588 62895
588 589 70411
588 590 27947
590 591 78554
589 592 8635
592 593 79491
591 594 48093
592 595 60804
594 596 67556
594 597 6895
596 598 34566
597 599 26963
598 600 78498
599 601 63178
601 602 57280
600 603 36223
602 604 42256
603 605 59534
603 606 70625
606 607 43168
607 608 20645
607 609 68643
607 610 5298
610 611 74276
611 612 15873
611 613 16791
613 614 6880
613 615 45280
613 616 54033
615 617 11972
616 618 56923
616 619 6549
618 620 3614
620 621 12909
619 622 30712
620 623 63014
621 624 27613
622 625 50488
624 626 26114
624 627 66807
626 628 858
627 629 4108
628 630 78126
630 631 23243
630 632 21429
630 633 77460
631 634 67913
633 635 60635
634 636 40174
636 637 55987
636 638 69332
638 639 7799
639 640 59610
640 641 48388
639 642 74749
640 643 71890
641 644 73689
642 645 66866
645 646 16505
646 647 60579
645 648 79670
648 649 25232
648 650 50519
648 651 35358
650 652 23148
651 653 8039
653 654 31257
654 655 33983
655 656 14030
654 657 28652
655 658 12651
656 659 62795
657 660 1718
658 661 36569
661 662 79943
661 663 27084
663 664 16410
664 665 61354
665 666 55651
665 667 49198
667 668 4563
667 669 78766
668 670 52728
669 671 8175
671 672 11609
670 673 22157
672 674 79454
672 675 4733
673 676 77539
674 677 43041
676 678 73609
677 679 6902
679 680 4046
679 681 4483
681 682 4193
682 683 78084
681 684 68351
683 685 60582
685 686 25669
684 687 13447
685 688 54348
687 689 5299
689 690 25072
688 691 54189
690 692 47166
691 693 35256
693 694 51123
693 695 24649
694 696 39486
695 697 8218
695 698 74280
698 699 51526
697 700 54778
699 701 49826
701 702 68751
702 703 24852
703 704 33410
704 705 42861
705 706 4545
705 707 73444
707 708 3798
707 709 47790
708 710 77481
709 711 53539
710 712 48243
710 713 48318
711 714 4660
713 715 36708
715 716 78376
714 717 16004
715 718 52792
718 719 34442
718 720 38422
720 721 32133
721 722 29673
722 723 7118
721 724 64319
724 725 32018
724 726 79296
724 727 45474
727 728 15717
728 729 56006
728 730 11716
730 731 48090
731 732 44193
732 733 30391
731 734 41946
733 735 74847
734 736 18743
736 737 68818
735 738 61574
737 739 7347
738 740 62899
739 741 75097
740 742 11928
741 743 1919
742 744 23818
744 745 27699
745 746 12988
746 747 57172
745 748 68854
747 749 14599
748 750 66948
749 751 55465
751 752 17264
751 753 14342
753 754 42932
754 755 5187
755 756 58350
755 757 14019
756 758 1351
757 759 68659
758 760 39038
758 761 68756
759 762 20613
760 763 71874
763 764 38787
762 765 82810
765 766 39170
764 767 61097
767 768 38792
768 769 52186
767 770 76583
768 771 82624
771 772 16016
771 773 40396
772 774 26902
773 775 24356
774 776 20548
776 777 8456
777 778 30451
777 779 56597
777 780 41772
778 781 19490
779 782 46374
780 783 21999
781 784 36533
784 785 54983
783 786 59931
786 787 82774
787 788 31571
787 789 69049
789 790 72742
788 791 25815
790 792 56558
790 793 29584
791 794 61156
794 795 45765
794 796 60837
794 797 69699
797 798 39044
797 799 374
799 800 77190
800 801 47774
800 802 17297
800 803 8264
801 804 79176
804 805 41845
804 806 75949
806 807 49299
805 808 19907
808 809 39639
808 810 30011
809 811 20878
809 812 9230
812 813 32718
811 814 28659
813 815 28848
814 816 48047
816 817 23134
817 818 19322
817 819 61090
818 820 22968
820 821 3712
820 822 61557
820 823 22837
821 824 66099
822 825 29918
825 826 52533
824 827 822
826 828 76090
826 829 48952
828 830 51447
828 831 78813
830 832 745
830 833 50584
832 834 61340
833 835 73172
834 836 1385
836 837 9782
837 838 63843
838 839 16992
839 840 58001
840 841 19439
839 842 57949
840 843 81767
843 844 9154
844 845 73440
844 846 46174
844 847 64236
845 848 57001
847 849 68809
849 850 57276
848 851 54467
850 852 46760
850 853 53208
853 854 42236
853 855 52543
854 856 68320
855 857 4869
856 858 63353
858 859 42090
857 860 48290
858 861 21337
861 862 73232
860 863 8677
863 864 40822
864 865 66304
863 866 49402
864 867 81397
867 868 82458
866 869 38951
867 870 52631
868 871 64481
871 872 54606
870 873 59592
873 874 75186
873 875 66773
875 876 54796
876 877 27831
875 878 46160
878 879 38338
879 880 82780
879 881 47787
879 882 24736
882 883 36909
881 884 35789
883 885 9691
883 886 13514
884 887 14245
885 888 31727
888 889 52197
889 890 33452
890 891 18925
890 892 36812
892 893 56326
892 894 73479
893 895 14593
894 896 1732
894 897 18790
897 898 26229
897 899 50871
898 900 66767
900 901 53363
899 902 81326
900 903 80220
903 904 38085
903 905 56792
905 906 6151
906 907 4608
906 908 51813
907 909 55112
907 910 48832
909 911 50096
909 912 53214
912 913 77659
911 914 18210
913 915 27280
914 916 48778
916 917 36958
915 918 82004
916 919 11022
919 920 16893
919 921 64417
921 922 49233
922 923 78312
921 924 64803
924 925 35437
924 926 66477
926 927 6331
926 928 68518
926 929 2687
927 930 68587
928 931 73545
931 932 77592
931 933 34041
933 934 63451
933 935 37434
935 936 82199
935 937 45492
936 938 21105
937 939 19928
937 940 67683
940 941 894
941 942 70701
942 943 67836
941 944 4767
944 945 46780
945 946 22641
945 947 38812
947 948 46106
947 949 8352
949 950 75744
950 951 59984
949 952 60698
950 953 35950
953 954 71555
954 955 17440
954 956 21590
954 957 48853
957 958 21110
956 959 16069
959 960 58458
958 961 51524
960 962 67705
960 963 64324
963 964 32586
962 965 20698
965 966 46404
965 967 61812
967 968 4656
967 969 60956
967 970 47793
969 971 34147
970 972 73202
972 973 70018
972 974 57084
972 975 82929
973 976 27363
975 977 68247
975 978 74746
977 979 14170
979 980 59244
978 981 32124
980 982 35860
980 983 36935
981 984 63717
984 985 66771
985 986 50541
986 987 26386
985 988 78751
986 989 37268
989 990 23928
990 991 4993
990 992 20413
991 993 16319
993 994 23981
992 995 64774
994 996 18551
996 997 35628
997 998 19873
997 999 73654
997 1000 49684
999 1001 53436
1001 1002 29909
1000 1003 82472
1001 1004 50187
1004 1005 59529
1003 1006 29248
1005 1007 76829
1006 1008 35697
1008 1009 48684
1008 1010 18595
1008 1011 71986
1009 1012 53415
1010 1013 18481
1013 1014 61006
1012 1015 74830
1014 1016 4916
1016 1017 41419
1017 1018 33657
1018 1019 80342
1019 1020 74623
1020 1021 3527
1020 1022 81144
1020 1023 1248
1021 1024 11802
1024 1025 5477
1025 1026 58261
1024 1027 24825
1026 1028 71229
1027 1029 77697
1028 1030 80115
1030 1031 49410
1031 1032 23550
1030 1033 65036
1032 1034 44513
1034 1035 75504
1035 1036 78994
1036 1037 51824
1037 1038 41306
1038 1039 20993
1038 1040 38943
1038 1041 73720
1040 1042 71079
1040 1043 37972
1042 1044 72195
1043 1045 71975
1043 1046 21852
1046 1047 13720
1047 1048 11547
1046 1049 3340
1049 1050 68346
1048 1051 32813
1049 1052 29901
1052 1053 58391
1051 1054 6595
1052 1055 1489
1054 1056 56864
1056 1057 15705
1057 1058 41038
1058 1059 19867
1059 1060 22969
1059 1061 3239
1061 1062 24013
1060 1063 66975
1063 1064 17643
1062 1065 56003
1065 1066 78684
1065 1067 24683
1065 1068 11809
1066 1069 75803
1067 1070 60208
1069 1071 72028
1070 1072 4420
1072 1073 47723
1073 1074 14771
1073 1075 17234
1075 1076 76785
1075 1077 64460
1076 1078 53995
1078 1079 36817
1078 1080 39030
1078 1081 6674
1080 1082 20095
1081 1083 81166
1081 1084 989
1083 1085 12136
1085 1086 44356
1084 1087 27371
1087 1088 24787
1086 1089 75951
1089 1090 76789
1090 1091 9341
1091 1092 74304
1091 1093 52253
1093 1094 9002
1092 1095 51545
1093 1096 46131
1096 1097 42298
1095 1098 82559
1098 1099 78488
1097 1100 42797
1099 1101 49422
1101 1102 78347
1100 1103 44497
1101 1104 11614
1103 1105 39002
1103 1106 57588
1104 1107 35605
1107 1108 64624
1106 1109 52752
1109 1110 19757
1110 1111 36714
1110 1112 50984
1111 1113 61993
1112 1114 71589
1113 1115 68767
1113 1116 2118
1114 1117 71580
1115 1118 63683
1116 1119 22788
1119 1120 39195
1120 1121 43174
1121 1122 74765
1122 1123 292
1122 1124 1886
1124 1125 78567
1125 1126 43516
1124 1127 9812
1126 1128 46624
1127 1129 77226
1129 1130 60672
1130 1131 48614
1129 1132 13596
1131 1133 26403
1133 1134 27237
1133 1135 8982
1134 1136 14749
1136 1137 8911
1137 1138 23087
1136 1139 67451
1138 1140 27169
1140 1141 1260
1141 1142 9589
1142 1143 76015
1143 1144 28938
1144 1145 47684
1143 1146 72621
1144 1147 52309
1146 1148 38489
1146 1149 42879
1147 1150 54540
1148 1151 17640
1151 1152 27891
1151 1153 43771
1153 1154 41870
1153 1155 70172
1155 1156 26991
1154 1157 51625
1156 1158 67542
1157 1159 44402
1157 1160 33184
1159 1161 34065
1161 1162 18100
1160 1163 3234
1163 1164 69508
1164 1165 40812
1163 1166 67351
1164 1167 33442
1166 1168 82076
1168 1169 44683
1167 1170 34700
1168 1171 80087
1171 1172 14029
1170 1173 40945
1172 1174 23366
1173 1175 70108
1173 1176 37986
1176 1177 3968
1176 1178 34712
1176 1179 66197
1179 1180 5963
1180 1181 47953
1179 1182 40815
1180 1183 18102
1181 1184 51758
1184 1185 38709
1183 1186 77239
1186 1187 29674
1185 1188 11251
1188 1189 20915
1189 1190 81900
1189 1191 16377
1190 1192 12798
1192 1193 56366
1193 1194 20651
1194 1195 67541
1194 1196 44207
1194 1197 35466
1196 1198 77798
1198 1199 26717
1198 1200 35534
1200 1201 22092
1199 1202 4394
1201 1203 20921
1202 1204 30052
1202 1205 35916
1204 1206 21099
1204 1207 8153
1205 1208 31301
1208 1209 81508
1207 1210 63935
1209 1211 37781
1209 1212 13248
1211 1213 70242
1213 1214 9775
1212 1215 29521
1215 1216 12029
1216 1217 77571
1217 1218 23303
1216 1219 18352
1218 1220 734
1220 1221 5597
1220 1222 1365
1221 1223 60535
1221 1224 64683
1222 1225 59326
1224 1226 59079
1226 1227 15314
1225 1228 51161
1227 1229 56357
1228 1230 59635
1229 1231 33614
1229 1232 3632
1231 1233 19389
1231 1234 77636
1233 1235 12882
1235 1236 63774
1234 1237 11990
1236 1238 24108
1238 1239 14142
1239 1240 5591
1240 1241 60006
1241 1242 50556
1240 1243 80769
1242 1244 44271
1243 1245 22497
1243 1246 39078
1244 1247 73773
1245 1248 1447
1247 1249 3829
1249 1250 76836
1250 1251 2075
1251 1252 1946
1251 1253 51577
1252 1254 42567
1252 1255 11669
1253 1256 27695
1255 1257 55174
1256 1258 62782
1258 1259 3994
1259 1260 77616
1258 1261 15126
1260 1262 76910
1262 1263 33625
1261 1264 23497
1263 1265 35104
1263 1266 72330
1266 1267 46741
1266 1268 37205
1268 1269 5466
1269 1270 28128
1269 1271 42746
1271 1272 40654
1271 1273 59305
1273 1274 69224
1272 1275 63288
1275 1276 69505
1274 1277 18182
1276 1278 27949
1277 1279 75533
1278 1280 8322
1279 1281 63435
1279 1282 77735
1281 1283 2330
1283 1284 37383
1283 1285 25554
1283 1286 36065
1286 1287 70909
1285 1288 20085
1288 1289 55345
1288 1290 46162
1290 1291 41388
1291 1292 47493
1292 1293 5349
1293 1294 60256
1292 1295 72403
1295 1296 73557
1294 1297 48063
1296 1298 33206
1297 1299 58172
1299 1300 11043
1298 1301 313
1300 1302 39860
1300 1303 6640
1302 1304 56029
1302 1305 69010
1303 1306 20539
1305 1307 66521
1307 1308 21788
1306 1309 31607
1308 1310 30942
1309 1311 71602
1310 1312 62431
1312 1313 73872
1313 1314 44619
1314 1315 55663
1313 1316 59538
1314 1317 42195
1317 1318 62000
1317 1319 79110
1318 1320 27919
1318 1321 69432
1321 1322 7229
1320 1323 38746
1322 1324 66287
1324 1325 76414
1323 1326 61625
1324 1327 60549
1325 1328 30993
1327 1329 38060
1329 1330 17065
1329 1331 54957
1330 1332 72569
1331 1333 34504
1331 1334 80650
1332 1335 20439
1334 1336 66887
1335 1337 16413
1336 1338 65340
1337 1339 15631
1338 1340 82239
1339 1341 48144
1339 1342 5262
1340 1343 52168
1341 1344 62736
1342 1345 44943
1344 1346 36803
1346 1347 56553
1346 1348 80972
1346 1349 17538
1347 1350 911
1348 1351 49292
1351 1352 34300
1352 1353 23217
1351 1354 56702
1354 1355 2580
1355 1356 59293
1354 1357 55140
1356 1358 33386
1357 1359 6048
1357 1360 37214
1358 1361 22431
1360 1362 35113
1360 1363 27533
1361 1364 23297
1363 1365 46787
1363 1366 15453
1364 1367 50238
1365 1368 42598
1366 1369 79147
1368 1370 18712
1368 1371 5323
1369 1372 51858
1371 1373 75718
1372 1374 37948
1372 1375 36892
1375 1376 72404
1374 1377 28090
1376 1378 17807
1378 1379 1423
1379 1380 10999
1378 1381 49021
1380 1382 10011
1381 1383 80652
1382 1384 27517
1384 1385 79631
1384 1386 15231
1384 1387 26220
1387 1388 34255
1388 1389 68832
1389 1390 66376
1389 1391 56985
1389 1392 81850
1391 1393 58284
1392 1394 32054
1392 1395 45211
1394 1396 73109
1394 1397 56505
1396 1398 16567
1396 1399 27949
1399 1400 26990
1398 1401 69354
1401 1402 32722
1401 1403 82116
1401 1404 73667
1403 1405 71628
1405 1406 72367
1405 1407 32203
1407 1408 44854
1408 1409 44870
1408 1410 32249
1410 1411 42016
1410 1412 63755
1411 1413 64115
1413 1414 57948
1414 1415 77316
1413 1416 46712
1416 1417 57281
1416 1418 55266
1416 1419 50863
1418 1420 61967
1418 1421 10137
1420 1422 30258
1422 1423 45535
1421 1424 69334
1423 1425 38495
1424 1426 36559
1425 1427 61099
1425 1428 82787
1426 1429 2350
1428 1430 65651
1430 1431 76864
1429 1432 42973
1431 1433 33146
1432 1434 24810
1432 1435 44927
1434 1436 57979
1435 1437 74121
1437 1438 40102
1437 1439 18539
1438 1440 40802
1440 1441 33760
1439 1442 82847
1440 1443 55777
1442 1444 27266
1444 1445 51069
1443 1446 10954
1444 1447 11346
1446 1448 66776
1447 1449 45612
1448 1450 25147
1448 1451 75496
1449 1452 6284
1452 1453 60182
1452 1454 69294
1453 1455 31085
1455 1456 30247
1454 1457 12234
1457 1458 3829
1457 1459 11052
1457 1460 42556
1460 1461 48842
1460 1462 33487
1461 1463 46407
1463 1464 75524
1464 1465 10715
1463 1466 11123
1465 1467 24278
1466 1468 80217
1467 1469 14461
1467 1470 6868
1469 1471 61372
1469 1472 9089
1472 1473 81456
1472 1474 52201
1473 1475 73430
1475 1476 13603
1475 1477 13818
1476 1478 77588
1476 1479 11748
1477 1480 63140
1479 1481 2744
1481 1482 38473
1481 1483 4125
1483 1484 66884
1483 1485 25478
1485 1486 10709
1484 1487 35325
1486 1488 41686
1488 1489 75221
1488 1490 60731
1488 1491 18461
1491 1492 75144
1491 1493 70355
1491 1494 64941
1493 1495 41023
1494 1496 26129
1495 1497 9352
1495 1498 42786
1497 1499 79913
1498 1500 3403
1498 1501 52569
1500 1502 40640
1502 1503 56718
1503 1504 14990
1503 1505 67914
1505 1506 29841
1504 1507 1998
1505 1508 73609
1506 1509 73540
1509 1510 80181
1509 1511 70898
1511 1512 40363
1510 1513 5124
1513 1514 61927
1513 1515 24293
1514 1516 12802
1516 1517 61361
1515 1518 78761
1517 1519 79348
1518 1520 65452
1519 1521 50990
1519 1522 66543
1522 1523 24969
1523 1524 23612
1524 1525 20620
1523 1526 43737
1524 1527 25284
1527 1528 32189
1526 1529 53921
1528 1530 63804
1528 1531 40748
1529 1532 1245
1532 1533 56147
1532 1534 21366
1533 1535 9540
1533 1536 9108
1536 1537 41260
1537 1538 35926
1538 1539 64
1538 1540 76113
1540 1541 12422
1541 1542 49187
1541 1543 45095
1542 1544 34724
1542 1545 63153
1544 1546 35915
1544 1547 42787
1546 1548 61862
1547 1549 17244
1547 1550 58307
1549 1551 41083
1551 1552 24345
1550 1553 17586
1553 1554 52952
1552 1555 74173
1555 1556 69225
1555 1557 70558
1556 1558 58861
1558 1559 66179
1557 1560 15972
1559 1561 21061
1560 1562 82310
1561 1563 57521
1561 1564 75839
1562 1565 34973
1563 1566 13991
1564 1567 62798
1567 1568 37904
1568 1569 32692
1567 1570 55945
1568 1571 3245
1570 1572 40928
1572 1573 52707
1572 1574 11934
1573 1575 42478
1573 1576 67989
1575 1577 38585
1576 1578 75457
1576 1579 28348
1579 1580 45239
1578 1581 30164
1580 1582 64602
1582 1583 66924
1583 1584 6416
1583 1585 20631
1583 1586 15147
1584 1587 2520
1586 1588 40806
1587 1589 9491
1589 1590 60327
1588 1591 67572
1591 1592 4207
1592 1593 46426
1592 1594 25543
1594 1595 25583
1593 1596 64503
1595 1597 69410
1596 1598 19971
1596 1599 58220
1598 1600 2737
1598 1601 10813
1600 1602 26292
1602 1603 68208
1601 1604 9574
1603 1605 7444
1603 1606 49414
1605 1607 45397
1605 1608 50266
1607 1609 72237
1609 1610 14939
1610 1611 16224
1611 1612 44379
1612 1613 62555
1611 1614 59462
1613 1615 1530
1613 1616 10725
1616 1617 17785
1616 1618 78979
1617 1619 28274
1618 1620 72891
1619 1621 54683
1619 1622 19039
1621 1623 15012
1622 1624 4952
1624 1625 52751
1623 1626 74248
1625 1627 47858
1626 1628 30788
1628 1629 82550
1628 1630 23605
1630 1631 31603
1630 1632 48491
1632 1633 81087
1633 1634 55741
1632 1635 18929
1634 1636 55911
1636 1637 37147
1635 1638 26707
1637 1639 27952
1637 1640 22901
1638 1641 49776
1640 1642 9137
1640 1643 24007
1642 1644 23962
1644 1645 64816
1644 1646 1533
1645 1647 45883
1645 1648 65202
1646 1649 82530
1649 1650 16997
1649 1651 19371
1650 1652 61263
1651 1653 73724
1652 1654 11175
1654 1655 38448
1653 1656 15041
1654 1657 9204
1656 1658 14104
1657 1659 75099
1657 1660 23179
1658 1661 41883
1660 1662 22220
1662 1663 3816
1661 1664 38377
1664 1665 39098
1663 1666 59850
1665 1667 47956
1667 1668 34863
1668 1669 23877
1669 1670 77760
1668 1671 56151
1669 1672 44780
1672 1673 73898
1671 1674 63140
1672 1675 16601
1675 1676 40736
1674 1677 50660
1675 1678 2658
1676 1679 82461
1679 1680 71450
1680 1681 73283
1681 1682 12144
1682 1683 10209
1682 1684 6060
1683 1685 71693
1684 1686 74189
1685 1687 57772
1685 1688 11210
1688 1689 28178
1688 1690 79522
1690 1691 6167
1691 1692 30878
1692 1693 18373
1691 1694 72693
1692 1695 74734
1694 1696 14081
1695 1697 33241
1696 1698 35057
1696 1699 60010
1698 1700 2658
1700 1701 42575
1699 1702 54327
1701 1703 13656
1703 1704 19720
1703 1705 60694
1704 1706 68129
1705 1707 80363
1707 1708 59771
1708 1709 49776
1708 1710 45446
1709 1711 64752
1710 1712 26293
1712 1713 26466
1713 1714 16555
1712 1715 51753
1713 1716 63495
1716 1717 28295
1716 1718 65284
1717 1719 516
1719 1720 22629
1720 1721 33490
1721 1722 54728
1721 1723 18217
1721 1724 55545
1722 1725 67862
1725 1726 3773
1724 1727 19784
1726 1728 56802
1726 1729 65314
1729 1730 22116
1730 1731 65171
1729 1732 80240
1732 1733 34384
1731 1734 64020
1732 1735 34000
1734 1736 19041
1735 1737 12265
1735 1738 22915
1738 1739 11230
1738 1740 741
1739 1741 52998
1741 1742 6898
1740 1743 18154
1741 1744 31859
1742 1745 30512
1745 1746 49225
1744 1747 16779
1745 1748 35333
1747 1749 23054
1749 1750 74054
1750 1751 51175
1750 1752 60615
1752 1753 1807
1752 1754 44917
1753 1755 77535
1753 1756 68528
1754 1757 13558
1756 1758 69575
1758 1759 52702
1758 1760 27066
1759 1761 59196
1761 1762 45755
1761 1763 80085
1763 1764 82770
1763 1765 54359
1764 1766 8372
1764 1767 62489
1766 1768 2923
1768 1769 59097
1768 1770 45201
1770 1771 30834
1771 1772 50342
1770 1773 12113
1772 1774 35526
1774 1775 70722
1774 1776 60646
1776 1777 14825
1775 1778 1644
1777 1779 69784
1777 1780 63193
1779 1781 54619
1780 1782 19050
1782 1783 2075
1781 1784 31024
1784 1785 13607
1784 1786 48426
1784 1787 48409
1785 1788 64388
1786 1789 5145
1788 1790 40303
1789 1791 2378
1791 1792 27591
1792 1793 78801
1793 1794 1168
1793 1795 71949
1795 1796 65207
1795 1797 27908
1795 1798 25258
1796 1799 14904
1798 1800 59306
1799 1801 54116
1801 1802 26141
1801 1803 36212
1802 1804 34003
1804 1805 16609
1804 1806 1605
1804 1807 8206
1806 1808 54523
1808 1809 48352
1808 1810 49189
1808 1811 10869
1810 1812 25518
1811 1813 55895
1813 1814 44672
1813 1815 60026
1815 1816 69185
1814 1817 17468
1815 1818 58034
1818 1819 55329
1818 1820 68487
1818 1821 69727
1820 1822 80579
1821 1823 2143
1821 1824 66906
1823 1825 1570
1823 1826 8123
1826 1827 57231
1825 1828 35454
1826 1829 36400
1828 1830 66470
1828 1831 34745
1831 1832 50592
1832 1833 82337
1832 1834 75002
1832 1835 64638
1834 1836 46843
1834 1837 40955
1835 1838 79967
1836 1839 5278
1837 1840 9653
1839 1841 29353
1840 1842 76350
1840 1843 79541
1841 1844 64813
1842 1845 21242
1845 1846 48300
1844 1847 14635
1847 1848 44427
1847 1849 47350
1847 1850 4047
1849 1851 71928
1851 1852 31000
1852 1853 37269
1851 1854 78882
1852 1855 80035
1853 1856 79036
1855 1857 16051
1856 1858 55974
1858 1859 73226
1859 1860 16583
1860 1861 80032
1861 1862 13603
1862 1863 62858
1862 1864 35388
1863 1865 68426
1864 1866 49327
1866 1867 26835
1866 1868 46610
1868 1869 46053
1868 1870 45998
1869 1871 78236
1871 1872 49513
1872 1873 65761
1872 1874 68402
1874 1875 35455
1875 1876 52383
1874 1877 20983
1877 1878 60318
1876 1879 28438
1877 1880 78984
1879 1881 55456
1879 1882 39018
1882 1883 55448
1882 1884 43964
1883 1885 28516
1884 1886 67938
1884 1887 27994
1886 1888 3426
1887 1889 6334
1889 1890 578
1889 1891 63248
1891 1892 4766
1892 1893 14086
1893 1894 43536
1893 1895 81210
1893 1896 51560
1895 1897 75751
1896 1898 46031
1897 1899 15078
1898 1900 21009
1898 1901 77030
1899 1902 11606
1900 1903 72683
1901 1904 44902
1904 1905 61551
1904 1906 21875
1904 1907 60125
1905 1908 41084
1906 1909 75836
1908 1910 78147
1908 1911 17049
1910 1912 38434
1910 1913 59767
1913 1914 75965
1912 1915 3464
1915 1916 19932
1915 1917 10258
1917 1918 18976
1918 1919 62926
1918 1920 67361
1920 1921 3363
1920 1922 61615
1922 1923 22500
1922 1924 2711
1922 1925 45458
1925 1926 47526
1925 1927 42186
1925 1928 21252
1927 1929 3621
1929 1930 44228
1928 1931 270
1929 1932 16378
1931 1933 10609
1931 1934 65438
1933 1935 81761
1934 1936 579
1934 1937 35822
1936 1938 34815
1936 1939 18057
1939 1940 50719
1938 1941 57463
1940 1942 28131
1940 1943 23562
1941 1944 17798
1942 1945 46173
1944 1946 62087
1946 1947 80900
1945 1948 24037
1946 1949 26271
1947 1950 40779
1949 1951 1528
1949 1952 51139
1952 1953 24491
1953 1954 24806
1954 1955 62910
1954 1956 62328
1956 1957 8359
1957 1958 18104
1957 1959 45133
1957 1960 5122
1958 1961 45199
1961 1962 35842
1961 1963 80241
1963 1964 78046
1964 1965 70253
1965 1966 48861
1966 1967 40138
1966 1968 66073
1966 1969 71113
1968 1970 30616
1970 1971 6761
1969 1972 56422
1970 1973 60663
1973 1974 5235
1973 1975 35676
1975 1976 21748
1976 1977 12474
1977 1978 54086
1978 1979 23571
1978 1980 5997
1980 1981 65097
1980 1982 51472
1981 1983 67495
1982 1984 32409
1982 1985 31013
1985 1986 47436
1985 1987 23406
1986 1988 53001
1986 1989 68016
1989 1990 24035
1988 1991 40742
1991 1992 50399
1991 1993 81378
1993 1994 38475
1993 1995 22691
1994 1996 41403
1995 1997 4346
1995 1998 44598
1996 1999 65455
1997 2000 19534
