100 924057884
504058517 346178773 352219818 379006326 328008209 489220633 441733852 91081584 893718512 709616056 132962896 803718288 440249786 256442886 418473112 102690233 561449293 552784956 266114943 615927059 784112975 875027345 279225191 389683628 178762067 341247337 236279369 64214005 134404373 625375833 332007523 271366477 313653445 625344680 255879619 353280424 738311780 211750444 147936995 495043455 16580736 813125280 443567401 581215755 542653904 630643444 624785253 719197341 124351284 381167117 641667881 916068874 262197907 371386489 102860530 146938093 227929630 302206806 680217505 567450865 85826772 206505172 652484805 910575750 121851073 45034007 671780744 144278883 541957251 107740501 817975539 485364068 62253127 16076274 715949701 415420014 697710866 504134041 864846997 858799494 29496449 391677618 507804137 359688321 671154729 493414557 618873029 732748708 760977994 862660425 71473386 551443508 821489862 560338471 573671036 130805710 92491013 111726563 810629738 757066243
74 81
46 70
21 50
80 87
22 9
6 48
91 18
34 78
95 44
87 90
59 98
39 30
62 82
54 71
89 54
19 28
50 25
35 73
51 96
13 41
32 62
33 67
21 32
69 90
19 12
75 41
28 10
73 40
88 28
28 17
11 29
1 11
75 1
82 2
6 34
43 35
65 3
48 85
60 62
62 1
21 67
72 24
76 99
60 37
88 68
82 100
5 68
14 11
52 34
18 23
96 88
79 88
28 49
77 94
4 48
26 88
39 21
69 16
48 24
55 28
11 61
90 84
70 28
12 83
28 82
27 29
68 57
75 36
74 82
65 97
42 92
95 24
89 9
18 63
50 65
72 56
35 93
90 7
47 60
94 31
61 53
62 9
84 15
87 1
20 40
64 60
39 63
45 88
2 98
76 73
66 17
10 48
67 42
24 58
38 2
86 72
23 8
41 77
9 43
