1000000000000000001
547
597
468
90264533560834
590
73038323804433
453
724
8
155739523725034932
3
579671828762250548
63473486328347402
3
8
4
5
338613186758752253
9
84029100665689480
3
164649402605958984
41203244246555790
4
8
88428127624352344
99946453526394903
41949126329174102
11
278368782859445868
226081421665573888
6
140703988169452457
114225550797706911
3
176253956684927320
6
6
61231115358725308
138799457467882955
261386056303912589
130388646675279678
384884070634600083
65745635190137597
6
125378905614096807
202760700978705886
175322393250345457
5
9
1
4
117040261732268892
5
6
999999999999999993
106014537837577461
5
417496480425923570
4
7
10
2
162635723305870674
106357913001712907
5
234298559762395325
3
79397553055868105
14
148759012853818279
3
7
303317609192123146
9
95494566864086506
10
7
70923680715149475
2
5
66906300281376423
4
8
12
167582166188901704
53266131401503334
4
4
3
103429887401741643
4
9
1
8
232947187056337886
60832731800124424
345882573276129265
5
63416481657098269
223143686336267416
69050545375217299
159312777665280282
283043665684048666
5
111915053319480147
3
140509529919979601
171910562252163281
11
77853358511933487
1
3
13
67148596541320142
9
7
2
6
4
235288104802303793
5
169031542417370895
444982760783126213
4
2
28244015019733738
90627916500797684
66573174169120337
6
109861987528369799
1
8
46079116475502258
2
3
120578415422041480
3
4
6
1
3
401212103914373061
106514099804653115
8
55841197248412519
11
121884816297255379
3
7
65770676029316413
10
121657423323288460
3
263299266243015171
3
48093779964067257
2
5
106970753439604491
7
166902825150625118
93851626821811752
249591701534216948
67261054292401690
142049462198776753
7
5
2
10
3
6
1
1
4
4
358806585924910099
144448589439541591
3
125559982094250047
55657513020050747
10
1
82910947904022822
7
277799210117029803
135972762834131336
8
141920839976524827
5
336751142231862888
103491527492229534
79550805452910330
6
12
6
81851262342488516
1
7
111484237500797939
215392095089692527
6
142219566433108840
999999999999999998
173447094565386814
7
295635389583633373
80544445769201524
73319584811771858
113038722623515979
254757896183675235
87893509723304373
8
15
3
172291526475817242
10
6
125360540026653016
5
5
4
3
46671465822625184
8
85504735382265013
10
8
8
212537280842871966
7
67602943159577036
105227999925873135
5
4
76576782723147453
146534384877468950
7
3
279670893698750663
152327464948620151
9
92245175399666384
93433475402768576
62756564016707748
5
2
6
2
80040506610388952
1
3
7
4
3
2
149471936228530384
7
6
113048431259447131
239456735329766514
99975558764145757
130991962532607606
4
121880212818624235
38257993887347418
6
270734957854164305
7
163767072869610172
5
4
89981584417628499
2
2
3
8
106429342473860489
262059939058573378
54312055973928255
117192335686562117
6
3
3
5
272879400743939977
4
9
4
6
1
6
3
5
10
3
10
2
2
130215970748319216
4
6
500968656648330295
3
146592016155677748
177723621221850328
5
47145807570324004
250049187622727741
151887298971138683
85967654874918881
5
317892338337980402
90364066417014279
208830875086273020
76103146307844642
464242052965299890
5
4
70255248599293653
13
137443246256260183
7
212776271275318433
495689640146029682
5
105934243469560818
10
159892531927701810
237509725143909001
3
105487105935210833
8
188018921742980201
10
130343049358876058
4
8
4
5
402567515210956752
56456992226248535
4
3
4
92460593687504088
219119114924962508
164355225526598754
5
140539771020010773
3
7
117823516173392260
72522350917029330
9
1
95464158115430027
208766318728506342
3
3
266067184127234131
3
242790562432844517
195263080462011915
35898263524433569
6
139244669807607303
7
138719706602133536
109117117993690537
3
5
84669559916721582
3563199712483891
6
94599617653488427
5
6
8
111675996206826692
114381395833120836
137512970111474305
106919583886569649
259527116234756614
120681410291803095
3
5
300857455834605497
7
96670230260411855
134210701909537054
66888785025450102
180058348027913635
198702391845564414
5
9
3
9
124937745628161456
1
127540546461128868
319068337519741875
13
194446623140385335
8
204809736191225508
53419795223341916
11
7
15855011276562355
125648247805324789
4
6
7
123440497372569729
6
213312962487000637
1
6
1
3
107803880732070679
208585304426098939
4
589762374110508346
3
5
4
181279539037232557
9
4
26
134524878042892552
98139872072972222
134413904824287158
2
305940939459109663
6
104964325293195220
7
6
2
90780968699966776
6
89425177445823662
5
4
10
85211003926086616
9
57376129636864783
5
92035099566128861
8
3
3
101625688855629889
111893544797036748
8
140939301717260470
7
156601345446183474
72764478677221382
102393047110498229
171551574323437776
8
5
10
132789582730516160
178319870237812703
99830971327888040
316071817215652056
3
2
91872205422734500
104826119562169872
74985991378727813
6
3
57578319323722714
5
6
9
155787513839998168
4
46327892019323315
4
4
92979613436888918
385074415992726969
459594114646731946
127627727137486392
7
93388723483850307
49063254060934853
11
160006151702869651
5
120722199941555386
4
87801331112774957
3
999999999999999992
182043902117408286
11
66401177362691413
2
5
174352020820457477
85081197085955112
5
8
5
93064292308644663
113648760227397120
269680419360711148
61293749088162226
57868389030400548
6
8
10
5
217201658536779964
180687011522596513
2
71891804336902322
228465986202279196
254054546423410544
3
8
6
8
6
63482973642869012
997347285613014346
8
106431494965457753
5
5
1
202803507089244818
195227548947123912
5
288820297640464092
131174349009672607
4
120084767148718696
140245649897738426
6
98811883986748378
6
72774425779303994
114283260982747325
9
185542299716502946
158630944125152580
3
4
202309115055456141
282222708778205549
179790335628523558
4
523848681328036705
243683361821532960
88312875194939323
99293960633630624
9
14
7
5
136918220262907973
6
3
3
152630977872443563
67298882434093205
19281613073854142
136578515295024316
651960859923280349
3
60360438732145035
3
8
28429936875528730
54147628057786508
99088016440962480
120230301973203126
5
145627012447518329
4
85963395894273708
72336838232913200
124507825523787753
188993624446375321
290359058382809157
5
3
132922378553800660
1000000000000000000
6
10
80482359648711560
4
7
128962732818695908
7
3
190330581319516534
122206470848793546
153470509746458959
15
6
3
175264514158377275
5
188972056175598483
7
82259990728065891
1
8
4
3
7
122598861699754406
343182251893937450
176030089286110073
8
4
8
55030258887037823
1
5
91411318809528088
103211152862282886
108630349743373240
3
39977762417414328
351484045864175794
9
77401515449447828
5
5
5
5
169652909484573977
463866794141021401
11887766125454544
305405247289692552
5
1
61611650203899761
131395115474196738
124274063758419354
4
15
262842767046228469
86700071133344843
79160008564048524
114163088736065021
5
9
35515989707473494
3
3
1
6
12
3
6
75755812119331732
66091828301894252
6
10
5
3
96957614863742795
9
297824553735912085
5
2
12
10
90795989254510722
397010289592965585
342762870372495085
7
222625396731019593
849215629859864799
6
34591394108331231
8
6
1
1
157117689020918722
10
20
49991092294680735
84637393055926903
7
120238145577932605
102519204224928451
4
6
61669969238437101
3
999999999999999995
4
505916831684960290
1
186373959312178521
7
167573414725025027
213993552465690295
5
3
74390936622546744
115589685387750095
5
134950851032415096
8
6
1
196085102729633425
999999999999999996
79806571636755991
124956015817052338
3
312205941724886856
51182602454818853
147136701361329719
82437825456122923
291064103992399717
491455725732047695
4
212514990551068242
5
1
4
160372776392353332
245222230940506998
5
4
117105841458574257
4
8
77108786046158808
7
2
110814591640427052
3
239625229227087590
1
52793514359720004
4
227912455410850005
1
153265538603610325
124818446648379508
629731369269880621
3
207827027551012697
7
97138125808238396
88205801623462647
1
8
12
6
195208312451115716
132521327873994636
78147233366697948
147775433337512523
4
4
226945192488728845
104276561377154262
264909970679869232
6
6
322323550944566171
23245744545670025
6
7
5
78676945164995308
13
16
11
116958230028132399
5
327314589447472703
219473731887017009
62739668441662988
75736955131113821
3
5
4
134871975630840600
6
4
162294861652386848
13
3
5
80915821487365184
11
3
3
68234206554845367
4
131607825873941978
87839988512492839
219648806601018535
5
4
156908851314549883
137700431346336054
259054437361260776
6
89838809743786243
315170527460499044
125503816135174189
152774016248083265
1
140799990686289140
5
5
1
9
1
167033057673477526
192633786745921566
5
4
158042063960066497
91018993138855793
246179836401988890
84238685206141610
47546757164253870
4
264614434682241159
15
390364949316137377
78419246835205878
3
52035547732103407
3
4
1
26630865913396666
999999999999999998
84930652663759366
6
4
116923240500824618
166315639297498286
4
5
5
81998979072021647
66437093736913554
5
80422982614878823
167476582096875482
3
105367280757341373
1
8
9
8
5
99957294452195879
5
2
9
6
93656014666976810
3
120257316661098196
56307602199341886
316872351142822476
163917472899778895
218381110301157620
2
77434373762546559
468298317329307264
2
11
6
14
8
99951720859268176
6
3
8
101169685408097744
7
8
3
25316996979279856
710577031725037195
121605221130970575
4
38938156638967449
182722201504950088
12
7
6
4
188009757378379895
6
712317925900716020
80876475702066023
6
145036397541325891
5
239765439891601049
8
135799155961676276
228888815221359205
177603823985454645
3
106502733434825791
3
8
107887369787507447
94811446972183278
125350108194351111
153946861664657595
214999901153266218
3
6
147996592694656322
5
3
7
7
8
388598848120987014
205993302962739945
7
117817175122081331
261290117492518271
5
2
5
3
6
2
6
137980521207910271
5
225556031166238975
77046999399553208
7
5
8
46337686073990608
83425004906050386
2
91664709920181170
527734236288027260
2
205099025432234399
693306445564963763
4
12
4
40321845918082255
9
6
5
136434449871279876
2
58552143929721037
5
4
109651609530293218
6
4
152497057704205970
6
7
106523539696878578
8
992184126172718123
658169411347924417
76859763069212008
150500969474739300
308420251868674422
153092672426062762
1
380478440084948302
176994451229425184
147941926316692269
2
8
6
385183834082564619
147427363263465902
2
6
203770571237005691
13
4
999999999999999995
14
511507796207908980
4
2
999999999999999992
21
2
271020646748244998
119719965024095548
75459233297160225
143582219872432785
120615053398921676
186054568680934217
264832150138430552
135619848414786302
7
2
100938131427245127
3
260753714936003061
143886760203474390
372277677821728346
240813674947205107
3
5
249679986086210864
90174716667067687
285513162857385068
59651245337253617
9
5
5
1
1
92807522643425269
129128472068067133
134090505018428326
3
84980826859010598
1
4
1
83158521327765253
3
249865243670891841
91191206056774297
4
93598973435628092
229864966055771732
69476684942906261
96433650646130733
430690999176075654
187724297599845116
999999999999999997
104238940651823230
61076657062926722
232440350235836129
3
12
8
842029365984667183
212080985682339797
181395992793764835
240427226158614370
5
5
2
71578049448935199
10
80620631309193429
245753786489010802
136918473743214027
115893843284945057
4
1
6
95255938003927592
78278586461738814
9
4
217014607286531638
172318127822266191
71619952851709055
2
6
9
3
2
147898692816575839
196419462574917643
7
77869489115264540
1
241033184390730712
5
133798889089595264
5
11168021234800028
60777903644511420
5
126689176894615870
5
147462713563789228
7
9
241675466093461167
3
105006130040585927
6
4
5
93917647317544118
4
7
6
8
126108226890685500
65146072162699231
117022449188174486
137786553671397344
173695657177611380
5
6
2
5
109493880104743536
82417411060903402
2
3
117341622102813673
6
142518283119877056
5
44756049388312307
6
121510073716263861
3
2
110980093639748427
9
4
6
5
3
4
3
240256826936225731
482748474982591589
4
6
8
8
106290035794818991
237222311234562953
101171286115650202
880092624788157827
135712030834677618
265219372439839674
636863541641249263
5
7
153645360149215197
93555087335594002
142570357526371635
3
252303017493469926
7
5
5
5
6
6
62556261239888235
14
4
63142830850886024
141990583879545770
97165565771338583
2
8
120690070801144192
175452218827730932
252108785160546218
646675087041587133
1
1
5
246387383291891250
2
175107297464141386
4
13
8
16
4
876594350316871852
9
228030757746165264
26
195724835082525639
3
108349765650657446
57974896045195832
73777671829039659
240294326161142917
6
72141838237592606
5
8
6
175404969769871498
4
74369360151017679
5
250256070672800870
119850408942518842
2
49656318572810685
235307981096143189
57188820887169247
19616031504968016
4
30475722684456828
8
225198501185749573
7
13
252591079784579003
29691163205293416
275884647352108716
6
7
146676009829955523
1
134457586644829614
7
6
5
5
45647494882191124
114672769107223805
3
255197245733790595
104357887307652426
9
44787970611677377
9
223829243481225010
78543268292046730
189601110964294857
1
180172571438160458
6
93562329496394034
1
4
5
4
1
7
645957230227593457
8
4
2
12
6
8
8
311350190187268237
7
10
9
141814415203030770
1
3
137084819167264528
40531669187115231
8
112693572554320906
1
4
2
83869743251988665
95719351028686745
98672694618978241
4
4
7
510025221447223569
181773392446850344
152178749674565387
3
8
26255408515982262
8
11
125654523834683571
300153308650105009
3
10
292306459742624697
11
4
858522280134013219
64023469147281905
56984610267711752
6
42454194080791002
110403676668303950
8
4
149171121125173136
5
6
11
8
168531984221254210
71457407050587062
13
35362664570219803
99794963842219961
11
152590030287281921
139378716895469349
9
68968598913700621
4
7
9
186925054234360998
128217846014244347
75639227447920851
71487206338262602
3
8
32700848820853334
134588348949767201
3
7
3
10
7
266818262576671665
4
229882849214301130
5
1
33128096270600130
10
221001812002372231
145245080893043068
3
110053185989491651
47056309180992372
3
247322463039664366
6
109665888213461356
5
200089943662723620
137188996120139424
308675485782914816
1
4
66070079807494597
8
251544129618868545
146416394807571316
3
53592777769583528
5
8
1
235609026952162084
826185864353164630
2
4
11
145201946598062565
193728186348068045
7
10
180352128489711172
7
72735906943593454
4
126364186298068521
364018046160621522
8
100972896157565520
3
434379775388314004
9
465306717252482962
107022930349034456
70334959240872598
5
4
23167364579521183
4
724533964794409288
171392525926299502
4
6
5
94044754201247184
2
4
141245048749117380
6
48333180431331899
4
178779181451360516
113727305979874381
79392697432328923
13
3
3
98738938611776803
186678198290217360
1
5
90522535190326485
78618869425880431
6
910871878651932066
72781734524100650
2
4
1
73750643666679846
7
394810127378322277
8
132181008640045266
1
11
1
6
105423803486717779
5
3
1
249374567371444802
76910194301321268
7
4
190371540084066661
117829637561546746
219014947662106419
53045583289493872
9
5
3
129163024782314678
5
113754469461038165
92444764461863447
1
300775394268775914
290542131741585332
11
227829224581177769
10
3
4
5
256116579210075156
4
6
3
67171874803885600
7
14
93060305645919485
9
72106416165486110
5
3
240381488068193330
91001490977268258
2
33398767605051142
7
156107673619198221
75158368457427965
5
2
146974647262342161
134776201912572806
4
3
11
200897642138652451
95715309933468560
141867905462520443
6
3
5
100377823851315054
1
4
104785698678790162
10
119524108566745640
10
131865999287361060
12
136042486075873351
273419629190248556
200623953831255641
8
8
117362013382561171
4
150723937887525148
72607542994135645
138170530470214152
10
8
3
228629274115106910
97926288449331263
7
2
88499552182635502
4
42399520086455950
233109114208264354
4
306775230189537940
2
309977489288896428
3
12
55881587272105097
11
61859135872739600
6
7
58056878877343817
3
108637372210842709
2
167607443462803009
3
298892930644080407
53090091362998665
146881418625359577
5
113138784816154685
73056603813879273
267449651319383052
159422973100036953
1
1
8
1
5
161606959483872662
246276539958053807
4
11
95402595509539715
4
174698605220231840
80310317008046107
169207140553337971
258065365648001845
4
131717538194486226
110851668412388425
20678389541708244
5
5
8
8
107028392628989144
8
51681137319457893
4
192816405624346846
118971265171662128
78341189251596324
358834100585701553
7
213204470355372169
2
108633189947618764
94197776767586207
7
2
113961589697751425
4
88472385422485971
3
1
8
4
133422415394553201
111555284789279366
272027003423239643
6
2
292791969792936706
85425313052736493
1
37089758242362110
941630672430340478
13
97951785181846258
5
86405317852600780
4
3
129142166545832945
4
124681170698224450
69130449017134256
97551107729820650
8
222148739004413592
124245763023170600
9
273194866717665871
3
7
117854678135524516
11
100732850641624788
408752380267132612
67902344844422535
102678619475654368
442749539887756737
6
104974853382492609
3
73912730002089569
3
10
75640288197063324
136060026750465155
3
199672794163872754
6
78317311466268816
188939983061560491
94273314462702425
4
96259115907924988
65773818571383483
285313299923825888
8
315442679996156856
601364963029724344
200242278952029266
104440383013552238
8
6
7
8
62128707930330766
4
181507798809293106
11
183346096122778833
91923047656526326
111953294001763496
6
9
1000000000000000000
99559310003428276
3
4
328052567260002983
7
4
541824054261093525
6
10
4
129450256326145536
88951129279087962
170826724046449408
84679171421199653
7
10
8
6
5
6
1
187018395598520159
3
6
3
74665568511603871
114941420626452961
7
4
168674722143420762
6
407394842551507434
7
6
5
11
203840666985676645
47704666018490712
155744420892382835
84006323434139192
3
98751054872080616
8
295190791424991254
7
8
13
72670336920711096
591606516827387078
7
6
8
148464720381317330
103437563437843384
16
217570563378214907
4
6
6
112075681273530357
52252155875460508
11
6
656853628736544778
7
68664376828487871
4
8
3
3
153906878905295911
4
5
4
95726120673998639
154667860380364716
4
5
223310389699752268
8
212700665641068746
8
90481501954463647
362508175001640881
6
97772425323040567
312458242166740282
5
6
111878896966679350
72077143160955478
159072368593017444
220495382318087038
3
7
151036006493076484
92897349545868552
142867417451805806
10
4
105925479948724387
2
1000000000000000000
8
117623250013346322
4
2
85343804724238283
3
5
58099790111328838
71999653937367492
15
1
4
4969759353661375
6
77495552685749421
6
7
75920746324260020
181155427989460138
3
10
5
33059925467937814
88474950138449716
84957270598814976
7
5
410008880602005994
1
6
9
108245355986274117
171575578681462512
189767958516522097
5
141291841811514318
7
8
2
4
107276627246866863
106662027769392275
85076818856836136
6
4
999999999999999999
156452833340409754
7
6
120264226807540025
6
999999999999999995
175788048632877515
8
4
12
7
8
118675421207510545
7
149535018192887126
228807903021813274
7
279040873276461752
5
8
8
113630625334494304
91871901138416850
106481387592614227
15
111770184068806195
4
5
2
9
135453785955083003
275604329721359177
108211327322531987
6
125388690459283159
141983553368168159
7
83866821918630718
5
7
12
151096055673529780
4
2
6
5
6
10
131580366643668705
227968969257621318
6
13
6
7
5
6
3
79697045081319751
3
209934663080921593
9
8
8
117937576455249264
185593284741740934
9
123502038807761220
1
138969941511196483
3
153612276155572479
7
70216780858802003
5
157126946744921326
134238745186044679
58536578970384530
6
11
132521057199464270
18115800578625404
8
128299577130831180
3
4
82833849244915672
8
104890337195250656
214412772649605801
103644812504033870
79901522113672123
4
6
5
85166027174467641
1
8
74643517048412148
195120121048995164
97170409123122869
112001694542176231
193118241542461265
3
140105367433049897
3
5
71961617727669213
4
150344643614529222
168339946479304681
285657282623895101
6
169479124810646319
114888360816244719
106058899351274652
132342765166007949
5
55909182983300238
136725464766203028
10
133367502674331969
12
2
7
121095175262708796
5
104477462165656853
2
7
9
58900762137848912
141532182668981154
200816168839187370
5
3
71483190415059770
354794864295777557
107138501677084352
4
26324958519925384
7
12
1
19398486782201428
6
5
14
114576522546448615
1
6
8
97402438485845929
7
6
13
14493189695715451
6
5
2
74088265816495608
6
106209639923197023
8
7
8
10
83771098222752636
164785663437123347
4
9
65646117737595974
3
5
9
8
123092709727031414
6
167722844652475116
73824300665097931
76201071542841441
146124987871151270
189199112678623759
6
7
6
4
1
6
98715620097636323
206938769265141719
187007671881532862
70055769019492002
4
109612884642809865
1
177594908884972005
130927238361687383
139733405293919763
10
10
3
4
9
105702147593068078
6
5
72864474523912296
5
999999999999999993
4
90081942456369467
3
161092517226489993
125927115892412122
181992890365349736
95257674374136503
9
1
112822503529321289
7
356735404779069288
140571994768925516
82311110480169736
116122847439660936
1
132660581421857496
3
6
156210189401655605
2
8
14
163596280173458662
4
3
109827215388587748
122944874405971466
282508283302271464
702983022596692943
7
5
4
49600311624129071
9
7
211394234464307037
6
4
1
90270052650546585
203058604423818143
122494855054268970
2
96264143152124079
153210266639421798
86534704362146256
4
11
131780040369309149
4
8
4
17
213115860531223719
214922024534944535
3
184894924502723230
217991948289525621
10
8
2
87934081669523059
5
6
85501143255306883
1
175154345263616364
95877368897238354
102432161480003985
257253742436747364
104557749094415591
63821809337574787
11
6
4
188384309965292655
114087291477239413
362280737671376042
9
90185443591430956
7
5
16979802502035042
1
13
120970655380533731
101777213339047498
4
66589263430546445
126974597549718682
56795295086757620
249187091171609592
607618173594915810
93956746244970305
80214111017430675
105522112164333188
81637927736279364
105290181991616461
4
5
504461036982670697
106939977472956246
92157472078466700
81954987147962178
126043839075172051
3
79992180608468098
1
244073415387468827
239038775147110693
265635119539245588
130655184710604175
638065522316584323
6
177968851655837208
218719175667329476
170180019356419765
6
10
3
107999986494939834
450179896854029739
202413250226457409
119890486438202341
5
89548590602158943
5
2
158738862882691034
2
74843632703264953
2
10
290486506868811077
392828287412001188
5
6
9
7
158061918018137351
5
5
6
92569423684719427
104257539552571666
245880453544256678
8
7
4
7
867236196282861865
14
240946322202897659
5
164382980801102887
6
8
7
217507834906774215
102568878126217021
11
115033093668094445
4
53657009184717629
85060284764000430
5
15
414169397522637051
122149696509223521
6
109965431419796951
999999999999999997
206565506539379279
5
111025591157970898
2
225188110016888844
4
339606015148498851
2
7
1
5
2
11
7
6
9
3
5
4
12
170889336905411746
128660222224583436
137877071303652764
1
521981719553809616
240070542195342438
1
5
102633297791141853
8
249806041122247009
2
5
7
97845272474621759
68392599227612501
108490751474979470
4
301506259320187771
80499473775438637
6
10
13
3
569370317940592450
9
4
245973535987472214
45670696890157782
73443163468256683
180147407314688417
154830622646272746
119240462363642248
128759828963568126
105248548755809112
3
146964205815040995
140985237180158142
105961264655781920
74742050752116548
137976541717789342
4
285725392004974385
301068993192952767
9
464101190212375320
7
3
4
63008754921095363
302799710636022431
3
90536055963310786
8
87978348677248679
78551353261782758
3
9
48408876368803307
286925101835430210
68557271658079472
127882977518929093
94344591134848594
190496313309611124
210878560095495479
74962301986105304
329021280269064293
194193518441389987
5
89068685431927672
9
231096735150404586
97110336780372091
8
96050066295772000
125358284691415973
1
217559840940881703
99249717065037575
2
136007465319258283
64725464068832540
25817695913406966
1
4
183762707838186313
243446115148562339
1
203045396498121432
66177144282335143
87041164754197390
1
2
6
4
97958916618138186
155359451980102178
5
6
107466881725578008
6
3
48347101076948343
239392172932626803
86793883957831274
3
257876112646883114
91209830611724452
102295866822911854
123860672091926542
1
69274330615752178
230031054394977716
999999999999999992
54777167942283672
4
5
4
7
298475716627075786
6
88899542818246502
13
8
6
119031916372226187
4
5
5
149021697912029111
130138715406221436
92186059260348225
265204017234515465
173114022730319666
145387634819506847
108040898743453138
4
848938882863373102
1
230218420602293426
4
6
90072703018168315
4
9
78741170721874056
178826639276863002
2
363311715160313968
130401231672228707
174844609511572023
59535853246899849
65821491877326080
4
1
1
262816619103186483
2
7
77334612483270200
247988047009031880
140788853159641744
262790710453544327
52577879520519462
54549140000259235
82025021726911011
1
7
85864965631235888
5
8
96570516506715570
5
4
6
6
4
9
115064492618998400
143818679120960872
81055165684770594
1
162131032443259506
436631237920769127
7
2
7
2
4
1
174696216845482396
97679686713508976
229580273009031941
3
433873296361114795
9
140179778380446983
340133250054721105
250816011819776175
69204605634831292
3
2
5
165049680140124077
126109775810951136
6
1
58360359681736742
183380217018119511
77725032510911155
113289769194915557
7
115163369468960187
5
3
442685536354123278
10
13
91454116912330500
107420234331524412
74668955683860460
5
79654918849239749
342410295187760039
134366815322584492
133796983280128118
2
118820802448555248
49390009507016999
10
5
6
10
12
7
188535730139792495
157641856998523222
70541097068039531
4
4
1
144556357729718398
7
7
73664906803505424
95464011124070404
8
76307095420739499
143004276855073362
5
7
1
6
4
94549536350272927
10
111220478985181359
86563883589440884
150433586382653238
12
7
5
11
1
5
1
111390320220343257
5
6
110114068032742831
27440856493673249
173524926931217210
3
5
114872423429971222
4
2
5
8
6
7
6
115532843695048354
125376761612659707
74063433207966869
5
102508766074069329
5
325312988497755871
74134371459757025
3
146081533471131723
1
2
233093505252810606
9
279924010440782883
3
5
9
103839553232158467
93971085032228523
5
143727672111593503
12
160258505724315941
51656522637418993
5
200598887901156263
7
1
18
190807102911142945
56706319513461732
1
353426334493185760
53678201411440419
110447618089727011
93666546885428084
19
5
31285731917969162
1
1
73773601696480980
102091588607868315
158709876264606618
72525817878202641
89707003694467942
1
475518113434718178
73531475343343580
143372637119490895
4
71581319894028708
177455404850913619
95935267609898085
4
95743453946725372
1
7
162150010093051889
216461741162271397
6
7
33970769628129704
1
127389936038259064
204529212765509839
2796164900868734
1
177882930975450247
6
5
6
7
7
70227434372611233
4
3
50555781528170654
7
105623845750803988
11
5
109872216530957457
259243965919015293
141645251281559340
81218420922024490
4
290501226280887648
8
239836316823469374
104383132360329370
71906895379353839
6
3
2
11
88776639914399438
207704364685573647
12
9
8
11
172235180275965922
58534138979709369
2
3
4
7
4
6
1
3
110382173578471799
5
5
94164749921062516
6
173600502487135449
72342517572661971
103386812906232902
6
5
5
4
146588007974856102
69492952759687729
4
301076502198173823
66923917961157590
121744200614921064
69326548884041141
5
5
225893975092378304
3
3
4
68803130524925220
147560425800450443
11
3
7
158274253720036280
144469956838853260
12
250054477884065060
85614311951208365
124997158098589115
124182496420856245
4
3
6
104818853896663363
10
9
77684714071395687
1
2
63206479258743744
72291825894786977
39885856730478872
8
12
103220748757167365
121849101486541591
4
203120265196154139
351069273353824584
8
92835780933221109
2
112650975802586151
6
13796059911775389
5
119318662807066312
3
3
118813596701433866
1
121554636467378066
4
5
147262845755923763
8
32515252377180596
81776358902391309
87948549012410316
2
191050035214378001
153172698598586081
8
15
5
119003264910916246
8
9
335910804054416887
2
5
2
4
112575091920595168
6
89493683004720781
3
427963249683965594
87761737777420623
73134814702335623
9
6
4
6
4
999999999999999997
111389806398034630
161504696116559867
259281133027393174
4
154389192335735628
212691228052146374
249892365950656124
6
1
7
13
143719704398860164
47576040891918117
11
195256036273964361
1
113496913606018850
1
8
7
176157189558915508
40206122792279337
107768085618391572
4
284937451992564939
393015503327544432
83734448615639525
5
256368159831362351
9
5
8
2
263699906020074144
141342750930471715
74561569930595894
125221911487681304
22839287081594061
119537863810746309
6
114424792555882490
5
76147829491342166
170402743161776736
8
63679830870524042
10
193577420711048437
150828366457178951
1
7
3
72607532561762229
5
9
56352579924051971
8
154696037064829922
72848064040372022
145158560152189075
135250838015329514
2
5
16
3
6
4
7
52498598187422323
6
138954400191179877
206330463697944097
10
244075409428304692
2
7
117639958017684835
5
112683695493599438
112494278849971866
2
179494004765403197
5
180485859603809725
175701599296316479
1
5
9
66756794580020789
78079544455973287
245349941466593130
227736904696322127
135131658851916152
19
227585350240906370
61456245953200255
4
13
56358699167868656
167368753426364080
2
2
135184913286128997
136794543275512228
14
8
311798176288888539
563392467961615016
113813676829124323
370801779684277103
110760985215489873
5
161963718967609282
6
156139207835510832
2
127333510387597221
11
67837885368821047
657273116392920252
122061508113031
9
8
8
11
4
235951280353122960
7
78343015184063685
238868355851660463
198769403401631689
396849905382546836
6
3
6
2
347565852269547788
200156456139282375
12
6
130004952809606290
7
9
8
5
59837370158767623
221751270117720436
467338802196504766
4
199730625153340311
6
321723434096409088
5
227233811553786477
65769765596752195
3
109574418131141483
3
5
260556002028975910
165066670343262998
2
125180854731847876
1
116091985696149934
241004951418551153
134360078263142068
8
256748250272442477
1
2
133296138817582752
6
8
182638404811774925
8
244235693287203958
121366099885572695
7
139368047966869569
9
8
100799452555536691
4
319665137960383721
279717960849480288
44245045473381743
89082355552780119
3
12
13
8
1
164860857222164375
345630164527094428
21659706613000560
4
104833241933980477
12
11
88638900910991651
239317204561386020
6
45761490034144488
174061193454536446
9
76116048315076998
11
199317223374635643
5
2529697887057957
253006427173157850
103575299603138663
250862428071988597
49035623061902700
103164276409704535
7
429392772779617210
1
5
8
115895714611578977
3
4
207081042063442037
57159689445607736
67189148062744531
553183600387420061
53152932376335102
83716249319545543
6
51650875476898382
999999999999999992
841748425960625081
7
11
7
113208959253332250
10
116424588383107394
10
7
475076306526351822
6
176778813341651041
231655756176549572
86733405763534238
8
8
19
185547921683440677
92782853438921493
7
1
783321943119383226
1
6
211865065279752770
292805992920647045
283205177166971194
13
63499336985675679
7
6
6
5
9
9
1
5
1
14
7
1
12
71693603479370446
3
2
70415064983083934
237629927883251338
224086848881859424
139263727469242765
5
5
8
81190844502268693
6
8
217642080276840279
147812473145149973
5
6
341195573658750008
2
5
7
4
4
11
6
219831959397358095
325807216028991405
409975233856168362
135395783677808244
77120161791192191
384830376023918163
6
95315986075408514
224669510395912266
148294283904839414
115215694847628922
8
12
38626519251658319
8
173915371183227001
400863989784720248
9
2
131506717866275365
6
4
53664701482275255
453977699832155732
34052129916048116
499853556329100714
1
7
9
88235654930273917
82737094381709879
5
109288680024098283
7
7
5
4
10
99811650258898912
9
52941194192905104
77042906876494809
358902875047982894
240121109034879033
138302039679012718
3
6
160650780453934794
90847135626992352
1
5
190987022383915435
303642932017831618
7
56584144927974624
121444539592219178
8
1
221569539419408650
82394298048847502
8
241812382373504514
4
1
1
225525424235489100
9
8
6
229490358202873480
93143536149330013
6
103310948621614306
308986950804342451
11
134023548496493153
214626916241663705
7
6
7
7
113780394099691993
6
136113531864903841
6
2
6
6
9
5
5
7
1
96576985469506555
5
53111437978200336
84516062756698317
5
1
2
179660203093718070
5
6
2
1
227724458103921275
82816324393860405
8
6
95530440519229825
170671073406313616
7
68889357034232554
1
6
388454485299268339
105619925690523537
2
150632468351910768
3
5
8
150232044337600220
6
75900047445828622
139989089143500588
4
474474605913853238
131449557219026688
2
4
5
3
89657278729429832
7
4
82768509041022751
161891387496169054
735480953927435779
6
1988913632412471
8
241306923590622525
185950747955205105
2
7
9
138684143280256163
5
2
97663066690105675
4
5
84837665611753703
213479418634947361
153449563684029328
291746480592425011
2
9
269715745326992188
1
153098646990709109
7
47107976769319087
167452203312128888
7
231050246868995814
6
150566841640391300
95441504311108843
7
6
7
150705932920685473
78380708407688132
179672927897226129
3
60439155822538991
3
7
6
9
74291058536173530
3
394392381658898224
5
286833286485122174
1
6
3
36817332239181609
4
6
166743776997366498
2
4
98726224873829069
6
7
178950694367672604
99974075035088217
4
51931891955090350
5
9
1
147655256017936519
591533638708382800
3
175186208720625668
97960014220598572
9
6
75985578486455817
3
6
1
5
58971144998971962
230622624611011110
64599580514852358
97612361757580773
6
95245817527534385
151373437308193585
151377666794330782
999999999999999995
4
91251312722277789
170829706315340720
61408250627727775
8
4
144294726443387757
110695536728648782
267993428053621665
65388075393123534
5
158196274929353320
4
103148204989443890
999999999999999992
30521239040178926
2
2
78680150978893683
8
141135515007725039
4
2
2
88270739701693120
10
215805166304693602
1
6
52753863378585269
308482977287548229
87612070606100223
2
5
154456625757347249
7
10
4
157108471370831115
9
167493946769747001
2
4
7
2
141323943613044306
10
3
112589321984363878
66919195504231338
6
8
5
6
5
46759397172977068
5
83281078797926796
1
135562730053799838
154643409256516984
160892612390124364
21944548349338343
6
89354774225311937
130064197306210576
198105172285017847
5
4
3
4
5
6
4
109038450929627358
91665720758155593
3
92717907818203592
143621776402991724
9
5
264455108448922315
4
2
4
146614073715809297
160507320200245971
13
180146166737449357
103972702484448868
73238441253626351
49017412053301044
5
6
7
135050682289942716
103891278351089950
1
4
75177307475174955
79575017432484342
10
5
11
146818222041737499
190535782539358588
2
6
4
10
110607474852490467
5
174089431511442276
204981105161114737
5
1
5
105544863295852032
7
5
9
5
589405624030948605
719320091581735432
59195357424319527
201280009193176199
321322034274870935
101355536213245813
24000417341574833
152880681411512751
86867088714529602
8
34768677883978880
6
74166020906600570
4
17
328501235273578241
8
205413267435971983
6
110987335408036072
4
7
122809966130233865
8
97269234728758600
5
209098647171112347
422497817808177299
4
10
201622815586250897
131812778428277809
8
9
111092420198746389
206466376922632393
8
6
83734033953618170
4
120986616811803742
136024366469130960
1
138341235722127404
144451969718323469
92239487693901807
108520746130082591
3
173302331226424204
126596560823229906
12
87078286260800976
105141185640884661
1
999999999999999995
5
8
121501135220635526
3
2
295454120869745135
11
910414289713096582
69813562462210134
19
94657923869461154
999999999999999994
5
6
21997183164301820
14
6
72778397817017214
95377486578637397
159657989463418610
5
7
88712882810860357
5
142103267124812363
7
219803171880623648
132046931270635818
5
77996077166859273
5
156459420833637519
5
8
8
181548253681771951
137782072619012981
4
65661568045537535
90925402124831801
86973601662515180
49677120233086525
1000000000000000000
4
6
227847138365854385
122342515579950547
5
3
56728614303554879
154147416890555485
2
241796250154202792
113384630883195944
11
5
1
188320391140143783
6
168527265676993480
4
226142406419194044
13
8
173769964069710533
3
5
305807374569235174
6
3
93566210117456498
146845130679710932
221665162703814465
208256314615735314
79600390711919296
7
6
76653125887006922
280841006205497426
79593125591952438
8
92676439493733761
5
8
4
210057496011996355
2
89307658737724907
5
14
588226943683093579
7
257774352111319609
7
4
6
1
226436379532313432
10
397185976137944438
96941284231018733
2
89173267710489224
7
102754715874079798
15
177937867892786256
179621388970947946
67582826036386330
9
2
112529366372188811
4
9
109964532365697608
3
3
13
45265938432555314
7
3
4
6
9
11
5
1186072407393513
54081604411858274
7
4
134806032211792993
1
213225654136613527
2
5
6
169921195884909222
7
8
6
1
6
12
3
2
212472751080971451
8
12
1
64273724410728261
10
107751922927577470
8
16087130175094446
125301547326847071
69783266074006167
244136569964451670
106181803556068434
10
5
383722044181678465
76271532191531652
95687143222533413
3
80584849616116363
7
5
6
7
12
150486342479402984
7
8
2
117748342799637767
4
5
12
8
6
160360016388593965
1
113213970965681046
5
7
46355805663400542
82627120257904989
287410482046646059
2
3
306176350410535198
133136018321362693
8
7
4
6
4
67028735837669593
268800813698828027
9
6
175610247345039015
7
13
161047878775694517
61471550884328855
5
161956660749148067
4
5
5
105902626245307404
10
3
66739035838701813
128030898950500498
2
4
6
166895125056150132
7
547924044902109661
5
5
7
2
186973729579517527
999999999999999992
4
3
108382491822918118
106596562928684671
73621670125374758
71243996082951251
159502365236241146
538440363173168428
6
176698576693717529
11
6
186710457679380008
6
132824679392783666
97834256396500035
219036580169931447
167577016972510016
9
5
5
126266467610009874
5
6
7
4
272547218432724984
88314845360732211
60801038614074956
416339673404698192
500536161471824587
67072900438668840
6
127989888877479563
8
1
16
73154555589242414
24518807383953768
823318328489183247
3
182330014708343371
242569322041751777
9
249133834731706257
205592074160886956
4
73475064070268606
6
6
124107472196170888
3
92036200480413127
11
89594258017610509
3
6
6
229958398649018561
219135246102477604
84875931437843787
307866127503236113
58830944948812003
2
7
93607059879947241
3
4
5
102314423916316610
4
3
2
226925481243132844
56143867073028033
134775282596172897
2
136135220393180625
138687319013599680
78695162578984802
102516242203580200
4
8
4
3
8
5
140639402844493615
219649790740499422
6
9
103501079853020897
8
185194372656801053
4
3
5
39268288480926102
14
100664760326192203
168047641768634329
6
224109404034219865
114183679969989486
1
167094891473710920
106166912628152035
111253079712920531
11
94347905383906653
1
4
10
3
5
3
2
82117810003675468
999999999999999992
1
13
3
55807979882886670
92746316032246658
89808312114302208
3
9
1
141528433367867670
355316106945885531
1
52219973760472427
3
620865236657829825
7
6
4
5
9
133774197890743485
12
5
7
8
6
5
3
75906628970878487
7
2
137832532145740665
7
260549449631153683
236673830371292595
3
5
439068056135376482
2
180106004120228384
108857035927705357
3
7
7
209166915777084832
38018528446327762
231193977769763334
112333166524632695
5
111607418417257452
129510340645832394
117597076718500875
116250268629912962
424570343473299879
201517543612558004
8
70260483977815997
164267976077873923
2
188935200534356920
9
37220933459178704
215736292896715679
33362113198323548
259767257828693571
7
101837612857414316
7
8
4
4
2
11
253281275990837066
1
6
6
45239679077898728
5
244791500856259658
261497698057227767
5
7
1
4
8
3
230176714936444452
84806958599799486
4
8
4
14
5
120169082474569203
31538605053685745
6
148867405258484975
6
90962680015382334
63662256714371815
7
4
7
9
4
110575644726939043
6
198939872209604510
6
96376431877519130
7
2
106912437880468799
4
2
3
145347468820024253
82302609194116533
6
247306400517273415
361794010820904775
232411391513541274
128055240705849461
131732975347641293
80935609978699473
1
106434704098064941
9
7
107868192075464243
4
4
3
77792988934408256
81412945164357593
6
8
79326635177313847
2
6
123890218397510760
137497912843284259
148446834741008071
157584866371136650
7
155512965388393870
12
1
144260323983698534
5
6
197305638585719546
101126306033317676
207997440718018537
9
3
106434543722684374
4
210124294687929740
108352288674149955
6
13
187688259598218789
5
5
20679799521089279
3
5
357886616819794636
1
6
6
7
6
5
6
3
3
1
1
4
6
1
4
7
114394440006563536
9
1
97103917650438377
7
7
9
78470300247333324
116531764345335748
7
231753739203531789
82661001202181936
3
57163866301053523
6
4
14
152935728706730519
433670919104417084
3
10
5
6
8
186390644844007988
999999999999999996
51552435032775794
3
6
144640366453437353
891827206991818444
128433711161979432
70784573988972676
189725539410313031
15
116460698657937730
2
238085915552662158
145531192440105712
90906374837332095
191933349206805725
2
88815466432532834
5
111740185070023205
7
184095308984393006
127201289079395097
8
5
4
175013377992818473
8
128500432728593774
6
105296905848143746
8
4
5
86178961686803735
6
396748399322112168
10
166851552786975108
3
1
8
90586506522941051
7
100149940350197746
193749363904659809
50893890025271758
109494932180330775
8
5
4
70842377192287846
143820257827481324
241647473659790722
8
5
8
208977975514917684
1
212922252121452315
297362094721797809
7
4
139327154401249026
5
172053212077444071
4
9
6
9
94530770316609210
131504825149810452
999999999999999999
96824713038775341
4
7
68110009101951456
2
6
7
240117127307992066
3
1
73598520458436745
8
106838387845883282
14
228879966890848262
1
4
311191940345714331
96856005989396743
2
172479513520656717
4
68645327948273199
2
9
66344141243168640
8
128007544545857450
4
57084792603811509
121226388656514705
8
88409546804417900
6
50868360940676292
5
6
209889574260544969
8
7
196925856801881850
11
126462082527467945
4
223693853485819177
7
6
8
160848849981300414
8
539157611269922200
6
1
187168486051795980
301325096369412726
6
13
3
4
128675122184412683
14
3
174708076161827444
10
99986700690694920
8
2
8
68508619060894798
494703627578681624
15
3
219283023804309309
344435851854044409
6
133024976443027025
3
317809544077070365
148593539361796753
103513662601083236
11
4
3
6
134590812768629758
41524793280499245
87224024403757889
9
95865527425730026
6
137824580703609059
87072013673018439
6
2
1
4
29991121330983185
5
5
7
246924089642268478
135007869557641210
125537448943430812
66177590754866986
6
3
4
48089029732730820
3
9
3
6
6
523864565298436950
314833144971106333
6
2
190641664796627259
9
119836025657202057
142930385121801748
105333642470475682
6
87868007761932795
190148458651985146
1
4
7
5
4
7
41948614215824549
113092952518094480
6
91935015426414749
8
289032636613809736
7
11
78749009486678552
11
11
5
11
1
97580985777395043
3
42114790439367612
7
5
161551164038300692
3
4
5
6
3
4
11
7
8
3
55764132397861097
39713743545341551
51323538188305570
2
113173495861241986
230203883020658273
8
1
155461866850981682
138891773070910524
6
8
260241263741975748
350859594684135556
177039738844449957
6
54853605728750704
10
83293850731289512
157852878547257170
4
42944062443824594
77721998505641956
78080677699548393
2
148674896705349954
4
7
7
4
3
2
7
10
3
1
145462603093503070
7
252176078491392864
133157804244920384
10
3
89410742098398640
7
137996107204501732
7
4
99021394762884810
78600571703742492
13
10
12
10
3
4
109478641140645604
4
1
150095651622438211
202415311446958549
151671697618923105
6
112481240058562523
4
82716229188899676
243010902447146716
4
6
3
9
49856402332374857
78954124571772890
5
5
177421486724004146
104927851101643037
7
132576783749781734
5
207215452534082760
71779228587631256
243536125896468787
96510257933913771
4
293441201009804932
199759530224756246
7
5
220912306982061168
2
213944133110541569
6
2
10
254227521251521086
5
7
327959523251814405
7
165947214355274627
6
2
69911183579237683
8
422989654446200771
739619297189422158
12
6
7
13
181178993567785537
70837258798631130
113544037875246420
215011657235351228
116794899756505851
8
1
13
8
6
87844759287199893
3
109608152549428743
1
161552881501192116
6
110068547493922866
64315906802795182
4
87932553989047840
3
8
109685325763336360
8
93304978648341764
5
1
7
7
101025090225875368
1
53638921061555156
832514371919951408
265606872880439506
4
74916796447229111
2
5
13
82729226607026136
1
1
101050259260943531
10
3
1
999999999999999998
122302472113715349
62133877270269998
5
122349999998610758
79338945433697312
431894954672763603
6
11
204189819083685527
129625466601071162
6
145799072217177436
3
829544625957768749
183360966764988290
6
117612538685272533
241145284228226385
3
100771368466965746
5
8
175859377770535518
60556871266549460
127115508780769698
2
115383391486364286
112312853576795575
3
7
133503500948674837
8
212900484157917032
7
132772162443105643
8
134744591414454401
9
171518338040097097
765168576290242422
1
2
7
202181898957801570
89924161707897333
105983531230243891
64406686172276678
13
105423870150088107
172643960896993849
140695713318685314
193092627139348222
9
333616320512963859
9
6
9
3
5
118026434329048949
6
6
224162283882157088
202964386178249340
4
138234645652770323
9
9
4
4
288829105349556236
6
2
7
139786884140800013
147880427840266702
126486751746429414
216226559471463019
121658445400101601
114994912740983350
9
55458138837027677
148237952793495553
106396825408580571
9
97525030247804377
6
3
103157133584938186
1
6
160352913399032442
4
7
226007497651489739
7
6
419853826939859371
95165238672608567
78820066816991836
31451477282586054
88141446511451129
5
138661687507178148
9
10
121369102172036835
236938528410042185
7
239259834108611745
4
2
4
171627131383374014
129067437576847106
140027559818679897
10
131290120629191653
5
4
64389825671942855
6
73200216557771287
10
72704934129777050
224497835581488960
145142601199514963
213237362998167378
2
126012712908436892
236671333315151573
58878549904048628
4
127035962099575809
2
397581705553269812
178290685381616235
192908923982589812
6
343427351935231061
46772650559293219
82349950890353965
148301570825602991
35394743074669086
6
187211670682279321
8
1
88439151226641250
61319026843383535
176676147147724406
86982891439997387
9
6
5
131704544612450582
117213093154607136
586010191419796112
7
8
1
2
1
4
62749941910002683
113468058340419372
137056815744591773
148354857952998046
9
7
87050358784211724
15654061766739560
127177326022319723
5
233158062165452983
59497584268497813
9
161139047787203322
10
1
3
134524101897021972
2
5
7
1
4
2
6
9
113875334520524546
131942899603985711
91707362560208818
60391730976399739
1
53806814228859914
92409783190812549
76766954931673616
12
2
105211464583906494
186182993457899053
1
13
4
6
5
3
6
163821571047887588
6
5
627795991246330164
2
4
9
1433733455234736
94880948339723030
10
7
3
6
6
9
190336100848373172
1
36431707646213609
144350078784649569
5
132767705968033029
130319784022774083
4
4
6672086613596150
4
2
97283124915357801
4
118212063039145019
4
16
49118545349474243
258955345518812490
5
8
86878368504523463
8
188140283836649945
5
3
5
56776184345875020
76402431444534999
9
24123036910615130
47307435221030510
167919917796217731
6
122817698015751542
8
1
235766093533880480
218973208402284543
4
134540977445919270
131926199646909212
70322303775245089
7
405690485015521996
86684635988788020
4
5
619662701009973810
1
6
4
1
8
2
10
6
186689862896790496
7
1
95421573197014290
9
11
2
40140082986785708
91883577461765903
3
253866662636648511
5
3
2
293775897712128489
118720860794605588
3
237912165133516179
6
5
13
1
60069037941386815
152191401451318868
122676893087018391
102829095180165750
206270543625690075
7
3
7
574235320466083811
8
6
5
132737441906171402
6
133226145071889824
99556738735475448
5
4
236102027343189424
100712178797803532
243376782780360414
115569352665588348
183049276992104152
74463776235742058
2
5
5
110134594251228926
5
4
225216866620861780
3
262194980255284432
4
120594689204121330
6
52335667115040044
3
4
638821732377269064
104238104106543270
83661270084647441
3
5
6
135165178802532182
1
84047036773821257
4
3
113088650427317918
105053541733425555
76529289759274450
324748910932938064
1
7
122415173460932522
81277853871269854
215511749113135504
131032015993344217
7
90709480551699757
44130821715866240
80992164718453847
9
120805033983951444
4
92531152871103170
64544551917856961
7
50772973437992574
108185908852562578
5
97713545442446228
4
197104422485354242
2
147875335656991300
762107648984030967
8
149860618619654573
7
165522624381792765
4
2
11
73891777743953839
474041312934770139
5
9
4
1
4
132377639691291434
7
193105678906501335
86264071155038056
5
5
8
80740476132401136
7
102583340711452609
5
244875807499135069
2
452232620172016665
130086604484735402
91786730930782553
4
2
186128222714348646
4
619473173489682061
5
732856806938934560
6
98363753363061637
15
1
271440524211809973
7
8
151942180969787774
183066376220397324
6
80724367770446443
7
8
222107877063128348
1
5
2
7
160097224855886210
10
11
177020819596558978
192601269251592942
50685358808724071
5
6
87751109537874373
6
8
1
67455194299409274
5
13
1
12
5
254894130549178585
137658835400016897
999999999999999997
1
8
4
201642605442820115
175377390088145119
5
96911531941343434
13
121517553510781127
4
77643762960075906
797243043118057058
7
8
137390854528587160
7
156840986627989543
186103938254000955
4
3
78156877648637093
40957478701502137
8
9
140980490545947539
1
4
80343695743104159
276785420057974151
133797601890525347
1
4
7
131006666027281079
145257438563822125
2
74709349985686755
4
5
4
2
49727310728274165
2
132267039308505442
79101956667692853
8
222068690007151367
2
31834396655700652
178513360094583820
106840839629283138
175532067048332908
8
8
121618157255037173
47018911978970018
7
14
94392740581765996
7
544414305926113512
112596357308986480
80407144399579200
6
122865934502992955
63238352520758944
339778645261419937
95818174024697760
93232295176148723
4
5
2
6
130681138252469684
256947827309543236
85498455838280396
160667882043486812
182781620705888324
102937738687599078
132885160708132046
142726598961732222
9
202446563206002957
9
7
5
8
43812552543112065
84084108463494842
7
494007040530777116
108695057531920942
9
10
10
130585979983546124
2
60669485372337010
1
101970909739692479
1
31341315460208076
4
13
999999999999999995
1000000000000000001
124409963787513858
8
8
56011772132572512
2
8
1
8
200219054243689579
4
6
117980991496531153
219185971144986694
6
68356831612628765
297886760057946807
5
73409944975405758
5
288668541282092135
76438779310451933
433719057681632276
6
4
4
2
139598916803051080
419534856994275813
999999999999999995
116734168051539336
136914693172118765
12
97067037300610319
5
3
562276145704262758
6
8
378952389239086516
4
118487072468824663
211658946552063433
280906710004806215
89698866099517922
55920630252675632
289743023025360662
9
44521478420419744
1
135719257230042883
6
2
1
2
73129060514715686
111484760379321284
152756242680203441
150589957678481965
4
3
7
4
189272723789432441
30643659655307647
5
9
9
4
3
3
304300176562725821
65674264013236884
92194745221810596
7
7
6
297224437399912628
7
128466898819918661
8
134120229335181250
6
127220320412209656
7
6
138639024183246554
8
111124990482746284
312704678835954004
207692859804518950
1
18
180649294115395831
3
85490474900494638
65826808453759523
632752050017537241
2
131254390565453111
4
4
211558511197884404
4
8
232272254780355281
68938444750037154
125178533057907510
5
1
125622856358129911
5
5
2
179668598563601196
118236826224792627
182585285249912013
3
476559080008933388
200103317810011013
610070996896847037
6
5
597932365814449081
9
189274455796607099
47267726760746555
344921237980565255
3
7
94799800450650974
5
239845270432591122
2
8
3
7
14
8
714574345873796955
2
3
142461503720730772
206481474696302934
7
8
146470061787201542
125626517771299700
5
2
131211312820638179
6
60140549269950747
2
127118942386896963
4
56276385054631007
7
423868138588432640
259019946351797152
53325229834333056
10
11
94845887392326647
37298856893304146
4
201584993862496989
192736998529009467
143420202715163413
272169913888533649
35630426402312757
5
5
7
7
1
156460057092072687
50987040620363457
6
4
4
3
3
5
7
5
2
379124272356096263
5
4
152380886843390356
505918115868285596
5
6
176093389226582771
5
301158097808177020
7
9
6
5
4
5
13
6
6
4
129722802987186255
69722290722039631
10
3
6
6
278369866945316447
443181591849852614
6
162689116059055252
8
5
3
8
112659469943544350
163580621135111910
239356585412436035
960230618892475632
9
5
173911210576611804
46973899863491542
4
161010848292747364
8
5
64221487220488743
5
363736838748163225
38030661983723839
120143747641968555
6
7
70817814487616883
93512213963464450
434758936877733964
153077073618704541
3
4
5
116826673583536579
86167258242575353
73539281769607215
5
11
119235849715323587
4
12
129447261209421974
82592239406245092
33493232509744679
192887818748451559
10
13
179771368165198632
91024193271903591
56608307491007957
10
9
169448452747511191
11
205413581265354009
141319641389939348
693589496931769863
7
324162365430574539
7
4
3
7
10
5
144933360268891249
7
123045922349729363
207816688197722694
8
404095239242989265
54925238275710030
7
249548725393997958
3
14
164431194512047058
81240120825696975
135660390923821982
113454285656283024
10
123871418631024384
11
79625439005433690
95859741232995990
254823217130401163
187596227510489873
150464530984757949
999999999999999994
95111242076582232
90703760687343281
4
99925944455265291
4
7
4
214349266073351052
193046829248195920
7
3
151056257580070844
7
1
82930103394234964
233376055921194065
112093532060632379
153422528176962478
143024608411785649
5
109863412150375680
107491710131932197
2
24721120766644023
10
8
5
5
147549788545967294
159089652181034551
8
1
322857589947868754
213127385306743678
3
4
242685239665499994
154261525081514023
2
3
170420051676818578
94374189658581529
146880246618111667
7
5
12
6
5
114558821973696554
202927195716791249
133651015920566688
136535364644795518
115102682689337932
3
180819187005935166
102680666022979177
124037220424627926
151628176279281760
2
116967764490149375
5
97608069396319798
514719700861150224
9
172873389057708461
6
64661927911624963
231331816368611000
220025609630821930
1
221355405518251017
3
6
6
261906694563965081
122280153372125863
7
5
4
6
5
170901370105216865
195941981466661843
6
97447652703879494
1
2
165075376646839159
5
1
278862599825708670
123852168401371202
3
12
7
192568667189601404
11
8
7
7
141781690896130357
116606109312577243
6
8
317949420816154245
6
338660906203133423
74702168619170540
161532328077251498
5
99888550995998932
1
3
130732021372535044
84908392331624007
50053055970403156
1
129284913512005922
67166757546488830
5
210822775803772336
7
10
77512038229176647
35673777667216022
2
4
3
7
88436917837638211
756888630024468712
113556140044222888
83352644340581773
68251130235777137
8
9
80716454234145443
114657752708184163
285027154945160663
68115818273113000
99891880185948679
343745899130363407
1
6
39191964799065563
999999999999999996
1
4
268359569241844317
266340871262997709
6
4
4
173786424412731142
218699590015835773
9
4
4
1
67045207591635300
68831953839159152
6
89617997900655524
240063908615791169
2
106877846659274153
4
6
10
197587250384852876
157487355972728611
7
4
10
581415214682069660
1
87220185816263546
193760608248115450
12
5
93286009406060712
175656568565124242
146343371652148851
115631637347435520
174657317123144119
294362452969541860
316268883918793435
223578648909432828
259509957621656365
7
561027681812181988
2
7
12
61286943070802645
2
7
10105723471911631
64132595914603448
7
72496956188768995
111072935048051977
3
6
107463416145476290
4
333831059656134525
6
1
117787894490357359
6
4
23909213034020933
202777848138327907
2
81737710685566510
6
54759633509346198
213339472118385163
999999999999999998
8
692190391771289895
64729555946621285
4
106997398584405262
242361509414389958
9
5
6
70928908028170711
5
148988543248752753
26023998520375270
3
115496673970489716
97642628445705990
7
440680719541657883
2
8
141689675489109514
8
7
5
160601104280888598
5
9
3
643296796570845092
313085847370160166
7
52977786528595528
129513600149449627
302065995507595011
5
95639870640221289
87466816531577126
117581204254853016
3
109670137746382169
8
6
137872281299214911
1
97405964016275688
2
486713164862322340
10
8
6
142512686653065005
147270011787647624
258227181981170863
5
5
1
5
8688678091206219
8
122374796585351239
246077302966034276
14
317689293954422139
10
131203715925774835
3
5
114133406475352154
172594157007484101
119662780443185905
85503516700121508
1
7
77396464500857580
443843268781382443
234088636911678371
105203260533653987
7
4
2
7
6
5
1
51217115809564559
9
116281262685157294
97738942162272343
196383436997452983
7
4
60989602131923740
128722708295699301
755329064615439569
36149976928028164
242907546129127310
8
67944300791520248
125013753763381374
8
95565066867493925
160474572775947106
4
2
64717158045509352
166844465885009883
130569578062063762
87614009758435347
77609751796845668
5
8
9
78442248694100153
2
229992860949188281
90920610078446784
7
1
122132245570263331
360731914107321001
7
99012852642425760
9
178505726673275272
123424274726003901
7
10
546154918217826688
5
8
514306963036700074
184589875159704830
9
2
13
165867310461649856
5
261372873528978939
7
5
4
129195822069172889
181156972698555683
96533230605235351
5
72945648150412690
173789447469919343
1
8
56296867790588972
6
3
17
6
4
9
4
3
134830635617863871
3
179584176537395341
100693514784392577
65748713255262520
4
6
133873005533631232
6
4
197531009651891751
81840965352801839
11
7
3
188893831665829213
142892162052666797
2
74188928750399600
4
201085384074550656
5
87053421437705050
4
3
224824563297196433
101315260524796397
50660425231114421
1
189220201002521890
102655637730863708
207659789777981973
392789618020828205
6
161287826085611964
127209141034031756
3
100063895763338945
84924299143944534
2
149733441483944512
4
3
3
7
86241722422838190
123001155937064346
116044545050435160
7
148007078499311368
5
18
69284482587410391
6
4
6
3
98635010313456667
8
80563806694443787
4
68438585692379363
68383390385724634
238906890570297444
5
203350537542922895
51045326540496815
5
3
123421137332884219
1
115005242691920713
9
109113546462996644
64113225456146851
660796193100612271
268037235397755476
118579062226402885
119234698338663446
10
3
513794509036729504
2
17
6
1
3
102843203377682174
7
8
5
1
46000993891914292
2
2
2
98491633556686504
2
4
130497459555306666
359432788090163972
2
4
101977718660265417
80990229867937375
443545357562204715
11
5
12
2
4
129302735098391452
208584402422773957
6
99891035796748687
118524008175898208
10
133398488255439783
8
2
68647227459005249
10
3
5
4
211895577730014686
4
8
11
760809873487268171
89452274547690545
5
6
3
9
60237046091486795
8
9
7
45486054079619128
7
153890775395598966
4
4
9
10
1
5
51929428260052201
88472559950386946
57620692110484547
360259792646865230
94886270642321364
172089514131360536
8
8
11
5
4
359790780610932561
269420943228991358
3
7
110451243031570597
3
255946794632015438
13
74714279714757295
847672804574240657
59333247820721854
7
275826616714582303
71809794729199372
5
1
207590465995894982
3
5
350614697842897441
116042514931763914
8
10
152197909969651423
88527155859945736
190409503251342618
157821255371414028
9
265123100674067175
250558629176755547
4
6
1
5
334859046297210107
135374873787870353
75980631476596798
125647554698279926
1
5
2
9
128979791071765358
150763208981980987
259434082114292024
6
1
85521258659771436
5
15
2
3
71334059313237949
126419891489144137
275164636927303265
5
3
85087016929348162
5
5
1
136610998410437234
228969965286113307
236223059810304508
7
2
5
100263768381720640
106804124992614730
6
137483508122500261
93307073273695532
4
8
3
138803923764890410
2
150672463805218135
6
264611145327207942
253072387068104824
174611950220474682
1
435814310485187840
5
106090935495149203
173214206312118497
123622772454394753
234216347297326662
138746259188283146
119046552393966252
3
8
1
7
195808650831564220
7
58138317271082729
43574509789151970
214018634337639123
119681109677269186
165920110133093122
51566400852562177
5
7
9
7
1
2
8
42564730185316307
389778358687104082
367682579772170071
203457718326375560
131844441991538327
4
4
136813015763904521
132882784503647822
9
2
7
3
283512077777067101
9
313556840034065965
190489913431126218
7
5
115453093788595834
7
2
4
4
6
7
3
122675884039171680
287517120118108257
6
165111315496921970
4
7
211909209804426001
152724773190541595
134255006953507708
65993945554326534
95552788859780541
72352369107112902
479036329692164462
96925005976068122
4
171687212404609628
114364109703023533
50692942027968099
106355414590650336
38343735116558289
5
4
186777156140145601
64470957155403284
121095700791405331
474602208664246974
4
122308888934501604
111395775304668434
538801680501286118
162802743213951711
15
3
7
333344321773989737
7
167814534962773406
3
195249717708627786
77797145232386377
215255066422472468
3
357874985035662405
10
9
7
6
66296670375053424
166463749501205620
11
9
95027667625771726
2
3
1
11
999999999999999992
7
61151548184845624
3
76319665571834540
125642384869536496
1
250014140260874220
3
10
55386991020372001
3
9
163381721144562024
10
40187736045808842
195539568651696100
78598815140709573
108553957497792947
10
95295518330919732
4
2
5
152074804816173355
7
151739705532292344
252625382982347962
212727827022736923
7
197241027739424217
180762927077296628
6
2
2
174039644823030007
70630205369538335
106987316597939282
166108629919229427
9
5
424284431576138853
112739783828160310
8
54840466215964834
380886512122460901
5
5
70249253601487683
115685110217992359
253342944779895455
3
7
5
108773605029565307
138258278535201682
1
3
79560567875033691
126767443068632126
230841140079210732
137221956775731820
555729114414839372
117616244232157289
12
76500129537509791
10
168748508232595009
75657437073825934
127858545800431412
155493062183648657
4
4
3
5
127556882808572322
6
176834703681764060
5
118248029984282436
5
3
8
11
4
3
715934199568084317
10
7
219838521678390981
6
126419225068186921
5
5
5
87403934715636898
94751777600395909
127087443181016674
84975621385844766
195274962184446413
8
230083936608634052
94084843152321166
181885757469106835
1
8
302422990722257528
76867670037833229
5
129326840526246322
4
10
121090022880293235
69155798299079764
247082977900649260
92115643642306654
5
5
3
3
2
6
87407963062343761
196341089636790380
81160558495908746
6
122834688798222257
96125577847727760
1
4
6
10
5
96394326080068264
310883503264788203
4
205965983833709760
292686938673718341
179889551614579739
154172941314444856
102768052928674426
7
1
97710041394327642
288674994029955243
6
8
7
6
6
6
66255636550158964
129475269243009256
313560436542488686
2
8
119054918837337746
588643965830955203
3
8
101349746900313610
10
5
7
3
142827048079166592
107511374560999951
182938186791441031
23343016119787213
4
11
40081511126576133
135731613199325464
7
6
58243518898941995
255437780986415665
13
129974479345688689
7
184357711925408757
2
10
11
73342886583496674
27861591107791431
9
3
6
6
16
8
115546350915727471
131942682736557400
1
3
148426002186286140
133102663441727175
5
132482728455507928
159074130554989209
73606361588245329
9
72182320871648620
5
8
4
88349033384401034
229674101874982621
67495845795833449
1
5
3
7
8
163463169467206610
1
3
3
2
5
5
4
86898274460373221
71297223768047557
3
3
7
7
1
40646477230201436
63649173803641088
2
277465364371738177
252609311796975273
999999999999999996
9
588586099005307000
101897765614994727
5
269382410392243459
2
11
146571994864751791
8
10
7
14
109864515583889545
19
93146734183501473
2
11
4
5
69904365136507371
191402345896989217
193861331876529797
2
146003370405479778
3
3
7
149621957181374119
100439789727028131
4
88706728846179237
68483541165141783
5
167517792718561559
1
5
85913273604780587
1
7
7
168836803991141986
1
85076321245930211
99867011817037765
5
113818455826856001
161245124659216210
1
60887721007540979
116580587795228731
9
109688674029150502
55357862120337488
6
10
4
61254291128887267
369763315929289437
4
5
1
5
1
388998999213379244
201275253133539383
6
44580056229000407
9
8
6
9
2
999999999999999998
3
126340837046248728
114167620474636044
135288714337608189
4
10
3
1
50331355074752920
239566598072914258
349542310010182997
122432989675268161
8
142625687427254433
4
6
94632095920696002
104531735659304182
134990546226807690
4
517605880205280003
2
5
121735449314938421
830483475830790116
296648596989385692
188762968812802277
4
123949504751811908
7
4
5
1
4
12
7
132606710678859677
223382273410811437
2
5
4
319365360985781536
83118846260784649
7
519403535042763851
2
4880295327891525
96643943781558280
337432348410689693
7
9
8
88464882789852666
175469697044028740
10
6
69364994485794650
2
117544015452757604
7
3
7
58226961619141302
10
2
79283706017272075
8
33540265384296166
93455200900414100
6
13
1
3
49656122403820354
9
6
2
7
5
13
6
3
231393651602172182
69005500257138453
92614006569907727
15
3
5
5
1
3
5
4
64106223204041990
65997778524840566
9
1
5
12
127308379907585073
92263300805661771
9
5
1
10
201424119075888084
79607441718430734
3
9
66296422046338642
6
3
175693215516835616
83689822092276833
148959681967939711
3
4
2
4
4
92628731012578703
1
63076415830159562
150587182344920085
151582737941240176
3
10
5
463691341412378366
191114151677576664
132438602689664544
2
21349440960063689
103046496432354962
7
61550321858299024
3
1
113558183696870693
196348489043812674
4
323722369124439649
6
3
136022484347675559
4
2
6
4
152378323440863645
81597827206899235
5
5
9
107344623034023304
332901236711360213
3
6
5
3
82982239321070430
9
84450299275166382
5
208829630614653570
7
185792322463665343
7
5
100146251466493866
1
34170320231569794
158653165136700797
306904978027211982
95440722204014501
121194990746789843
10
4
5
2
79449436532699323
130068806544732318
403993498756388606
162834842532739576
7
6
5
65871130828108166
13
14
6
50103043862214873
5
4
8
4
7
209353720309186428
136904666848746567
210810218648359505
5
159196921319902696
7
2
13
175321376951209213
454492356547180619
783013036248761679
292156959992267773
3
2
84828019399427580
65676546266284858
2
96371643932566465
145221660317303891
264209004077957406
11
601624579708803934
6
977838584952205008
76851504976573233
4
8
129363242457577152
98490575937208645
115075166809817030
8
46371095412150607
4
154520656745221734
153823191913736399
304360090042516513
128533833903061647
5
6
8
6
169280565835288400
2
82339950630695384
8
70339005978556731
3
105086564299361016
1
6
255055499157924032
5
2
85917712356378275
6
5
12
1
128532110117718622
7
8
5
105929076584106830
8
99959560608764988
9
87389967327781875
7
91822843641152634
7
2
20
348486547886535364
5
81306699505571834
178819294697519549
8
5
10
2
11
132109532992095192
128966668711173461
10
8
72857996853868284
16
123094488164185174
9
279475776891733846
4
3
171693192136114612
9
187029390033460569
14
8
2
63947660511266676
2
6
234360216794944926
130383530643179071
3
115719721271586904
219289104873670551
285339545977594188
3
6
172016333855052025
228897694876492406
135818345680408084
1
4
104491299964654612
355601028384681404
5
3
7
99581995140234531
74355611520767494
3
5
101228069313044671
3
6
5
722704105515758761
193688853803418247
7
79316710003205854
124976620774735426
50088170485218352
7
4
5
130662017698853989
1
5
7
165532079790915990
3
1
154289615577878713
12
6
173003589768716703
3
182731112208890267
9
146266324875094840
7
226024092379114807
135182912417528331
1
119924676727791575
1
4
101400826951671357
40148991240893528
5
11
100866244454876132
1
204397361199724435
178503469503656606
4
93737253972886965
1
996963622542203840
216061019574517896
5
84983717968529863
79310883481831576
77440567160501694
9
3
1
119324592028657331
2
105120087632379084
132500389504640686
80459962662525323
83538085699083552
327456542611426832
218350217196490570
4
1
8
149412341807614182
351394159732402777
69868193653520040
100087461449271433
7
155184142150076478
3
6
257543318385227346
10
7
164212798697277232
12
364435822938509853
85248701710895589
3
109538929988751208
6
5
139388449124512471
111727889653283870
10
162774062950974009
5
130205773444381127
2
4
15
2
1
15
119762725246489582
10
3
6
4
7
62024593322957845
83175454119667871
10
8
96207224129830842
8
7
5
112746728883215172
527527234059417856
4
97417690867797671
7
141173426041526172
581263764108368538
9
177091817611600395
7
197837609401405141
556350292429809574
344049926291268467
5
145939636608308545
112274943584317889
83624198010203271
80184160694722416
12
366492123219005407
5
9
2
118902130347628793
8
10
130963102326406184
5
258421678713554261
6
4
123101426963264543
94850706420958579
5
4
187574653361519343
148975845031703320
107046360855627241
243226849759096573
129265961168389911
124337799485984496
244948545729052259
10
202379596378580153
3
106006866588635199
82411589530309621
223847088584513358
13
9
239446542507698934
9
100002603672914908
132604752680804479
184896975485069098
5
6
118410339942850822
5
110303856733649801
418372283122385738
5
3
181637638202760855
134969454471477445
76864035697377930
5
7
153888404296349557
8
4
71627737878154584
376439252839480183
1
5
214707107769122914
78384091642202176
40205647782684252
1
7
5
3
7
4
4
4
59878598028132115
311144604796944362
93896222994564942
82920941592943258
3
8
5
169310114542051709
113135387079225172
2
51701225324468877
66751817393661122
15
7
5
83563962796927121
110729782065401153
5
2
6
341019310668315187
2
155132201940877307
10
5
58560619571305371
5
19265935106305231
4
134684563223065122
10
4
6
199692181779634135
5
12
100723486479719671
10
7
7
6
106167562194597163
2
341154617207354440
416455272885130221
281928664053943298
4
6
227211979711264702
3
4
60716161148663098
6
109184996136090997
100156948895803390
11
56387578397142955
1
4
10
136102814301629902
395949465269529083
3
6
173451852144068395
225115259489957785
5
95619839206395385
110428891178956138
349963593540272442
12
4
5
209459244640131252
88253429098675602
5
1
6
1
6
277983655325869122
206319928643290488
4
43401578370959135
106214601809014018
168399589079924592
2
225288846715110299
10
73280037381770611
11
233449197902602472
83283426813942825
74467272628182870
95574453254020514
5
76824509890668266
78391701580131483
7
64395264824771630
225730775401365632
6
70448029098062062
106831417072325438
4
5
3
129861692931316341
100532826139949050
85372375737590823
231758863165604208
149575795219503047
3
3
72923344452099538
4
23083947488456593
189866746810146406
408181412342310344
80972208510261582
224154329402377932
1
123827477699977003
111082637317086207
119141244067943801
120659166173164565
340834744945716044
81066929380540577
246508945159757941
9
252777178841178631
98258279040451956
4
3
205366930145157893
4
197076249394326585
10
4
1
79292364375922675
7
138408610511604283
7
6
6
140370826632064617
8
4
128014533713431987
121937760936789089
3
10
5
5
2
80549746620081073
161818733868127499
5
4
64752049160001611
114135744552621136
6
144634270661379625
5
109251226148913304
104892471929523102
73116424834167569
112912577780440100
5
85744238086543010
145913753941157419
10
12
207313768275134710
47202638365709566
690633563335995541
5
8
98311414231287063
104583104585319692
8
8
7
1
83203232117350905
6
59453516456544993
103767315705845027
4
101173964529743711
11
7
4
269603829903367496
6
999999999999999995
97346194864236256
89104511503724675
336523968329089330
3580922350481391
15
11
5
5
262620452209091937
17324542027009494
327232511789661857
7
187323799056956291
4
92697398863583483
7
213792101418996754
2
7
76302454430763860
4
12
6
178264874933075867
7
136338862240460138
1
4
89532423740528116
2
62391038024569366
79382748708483514
6
227330446102436055
223461415334784761
223664852336549515
10
7
7
13
1
101769052071943926
8
10
224486407151366552
642319318510873825
422794565078418089
93301319716497874
766237144002537823
3
15570746976037510
5
3
6
3
348306219471946576
155997906035826183
63436428720310374
10
82508236925276111
180382483736251388
236152454224426442
261340936017237941
3
3
172467807736470268
98415136875509821
3
10
8
1
157708604275777886
139973390800277229
1
209686869949419425
75184854503501825
115110370631062581
243323956292850882
5
246036443331150098
2
318527511819613055
188913221016161046
2
7
251172798666318813
30581777772040812
131592280741125084
144636789988408371
9
4
8
5
266345489911537717
65035648872338066
3
121122065477627676
8
6
37019846100255261
5
8
58613308957612208
113613128708315154
101811440328955823
147829054128722693
3
97077341621261270
301053599611667440
350906809772229485
2
3
1
176476329772154799
341316991984496791
8
1
9
119459798377373385
51086871861598426
6
2
5
9
73351203774414593
90102071677192122
1
10
150342235006619561
5
4
82575284242641106
1
6
1
6
62989238388226675
12
387945789605917289
121386004367882180
374168907996905851
2
3
4
45853407971589187
127006092300621382
86210359639078029
96780476174816393
110289128379848440
7
4
73839548287687897
275753202808309092
420322157046047424
81762921305697323
3
999999999999999992
173926244813408478
5
8
5
14
7
104580777030457161
7
4
511488238346991721
82454822017338229
283723673338406767
5
274874096676337730
2
8
135035285048109471
11
3
55634326384809010
164545950496369471
5
1
5
9
3
172952496601487272
111635555348920806
5
266040356493964044
226751960128539329
121194337015408054
534570989731984668
255619141241424546
5
5
125883570649062706
64710989364158407
8
75912827218011336
8
8
331871961321897398
5
2
124271711229367448
148966793363558156
10
2
3
5
6
2
1
107479738649665858
9
37407070086387135
11
4
27977535936202290
5
51194725972310019
999999999999999995
6
6
108824060892215880
73074456607249386
10
5
130673552021926762
4
81055189199062438
147472162627830135
4
3
264679215827106646
5
147922043788953054
2
242072634759256020
122688879472840642
1
6
101810999523827564
2
6
2
3
1
174844032711236234
7
88790777949669283
58481316507920419
68137424463701038
4
223550540144479071
5
6
92559957011613836
215174390049778397
263507873885820030
1
62012968100981901
7
215185857109038231
7
88036079888856511
7
5
45189466961598369
88558279016072146
8
4
8
4
177047382087039975
420996963551262230
2
124005080056185781
2
50023930339263436
140729873897516212
9
8
8
6
7
6
67943220612512472
4
142520440355546236
9
7
404628873720719014
144582782839786878
1
7
116613287794917774
489173681889864251
2
3
8
6
52460272199237749
188673651046288088
89307045419842562
43081329783901079
1
4
122231378043434713
9
18315125262685122
4
298710749710191562
177223028458458749
86912663320948465
118970713369287475
180533671617330688
6
1
14
140692191061272098
6
11
4
93885686828640430
10
88760418676179607
3
7
168526171260328631
165511476595505244
1
109201807850054491
8
64630629507079169
4
4
59081181742838271
120426564992465857
5
4
144572445957233535
54573162675792449
6
162801807996144188
98611964069146943
1
126229144982874281
164801433394973055
8
133095938629617034
1
1
76702033442107285
5
104054130255676281
5
13
6
3
3
77485152027262559
10
140403813087858387
132948815765259736
104364419176180876
3
129141088424305414
148815498476229187
6
120902804225375890
92104954779738497
155792180609691347
180587917268677523
8
6
91169913128476367
104400939308845086
90033001388514073
7
12
112736584794977203
14777491786097439
124900505358516221
12
63419369831221440
9
14
5
9
4
4
9
5
80499066176688118
122851090530463300
69938678790547443
407530413042072978
4
238625608431357545
3
102858786296010388
87798865632312601
389072104618858801
156567247574659128
3
5
138853782481259757
242131609132203642
160656154671450761
5
341887985783430773
9
280785732771418411
3
9
10
7
90126155418305412
80483391736585240
117805822347876181
170196721287503190
2
6
997338125238730171
13
2
89008869920508409
522983220855404817
5
60360965041977231
250442204378662292
118806376955774688
6
117203301969982737
96169856317334631
5
14
1
155346138277837445
102863755221032841
10
185093393745078938
2
8
104952888924953516
129808227811914459
7
8
73049004717926050
156900622310859356
6
229937545671333470
248320541501322422
165906768334753916
276060317027056785
58686975558165341
263807077798892358
6
91226709789585259
5
213072899089134334
485362219474868735
2
118440994897220785
1
5
193517831926904485
5
171764215412764825
5
9
4
13
1000000000000000000
129668216427061667
148748633157756930
12
5
72121073191900820
3
3
8
184255621408101603
123655009345085408
222702053146804195
7
133599894726856471
3
2
86551738731993660
142805094329118225
7
145781550048749999
40820975035189512
155538532283504413
474752685482346937
5
137387981723805710
114295927609413093
5
156456577815019567
84970054116596343
10
184656527616389254
7
118412936124417335
4
136405796544737923
216223991770666715
156873310136031049
58385028092636105
136535564562477860
6
7
8
1
7
4
5
7
183996841501003088
2
7
487530813234625691
90557464607801291
9
10
5
444040275644607027
6
160277007947244607
83597912599794711
5
2
1
132970808868133543
162843305911714548
74710739415325963
3
10
227420246810069170
351167674930812068
170781901726476928
161507588954169278
49086419741796575
119716228907161424
218880329376995128
6
23647669634511271
163583534199828519
254961281214845208
211659299034507824
4
6
9
5
822922177142816315
7
366007205525576592
8
82937023527242323
157070561305973954
2
105864369465216930
444312739456047495
168409146826901254
1
55989126748344717
2
154287526586670673
89387821954380270
11
1
3
5
103976482596656800
10
5
71720012199300006
2
145234030099097055
536134292070244448
145909082095360430
7
126136122842636266
106683409704030449
2
138723269643619485
103281788394625465
408804630790545103
1043488316342602
122774862710118789
39512467013132401
7
2
4
9
9
189416598177385791
2
1
223821771106149427
275003530751131040
1
8
7
7
6
8
2
6
113481547694938743
7
6
4
4
56818992242565820
3
437399870766567445
999999999999999992
201045306797505147
130051464892239630
10
292768886090141216
5
6
428948715320258196
8
133837257122564045
92346421390400173
141508130516208961
6
524206343600679861
173462973689257749
56744461967336592
459757112971896607
220800184626985005
9
4
6
4
135009510863367120
257153020659912451
256538790882548312
3
6
5
9
166962547090747683
10
3
4
421262383453074014
9
65626667546908678
4
5
6
1
9
222238255292235772
97701042185343662
73343399220211107
84447471794183171
124286565106030302
123217119971614215
6
334050015624357589
496454910688687308
10
148291192843350977
8
9
9
6
5
204993423634386668
5
61568461072766213
9
173665613113859941
116606231573226009
672270137717001189
59376574583719844
148787726270280270
4
294861711335164917
392065538034644211
166324241935770575
4
1
245591149480487556
8
76979286969450957
85238443877036202
116050757325817123
5
342455662784855498
8
4
681586546708094354
388185872637821706
8
3
4
3
4
46178307765379307
9
89022092450727105
341481408909288121
9
3
6
12
98642266838962032
3
104203636357478659
740947919018705945
5
2
6
4
137714185433387099
216475301749507193
3
75487658511689059
7
237022384085633894
118028325593765255
297149108145197525
16
5
4
58086483784419253
11
6
7
8
8
150614763079837637
109456238260051386
14
8
240656568028665106
10
133700810107118423
7
6
1
60769357658962281
3
4
7
275763037321143561
1
1
