1000 100
1 5
6 9
2 10
5 7
8 8
1 6
0 2
2 4
9 10
1 8
6 8
0 4
8 9
6 10
6 8
6 7
1 2
3 5
9 9
1 5
4 5
4 6
7 8
4 7
8 8
1 10
3 6
4 10
5 9
3 5
2 8
3 10
3 9
6 6
5 10
0 3
6 10
4 6
2 3
8 9
7 10
5 8
7 8
7 10
0 0
2 10
8 9
3 5
1 9
0 0
0 3
0 4
4 8
5 5
0 10
2 9
6 10
2 3
1 5
5 8
7 10
5 6
6 9
0 5
5 9
6 9
7 8
0 7
1 5
4 5
2 5
0 6
2 5
8 9
1 5
0 1
1 3
5 5
1 5
0 5
1 4
1 8
1 8
4 8
0 10
6 10
6 6
5 9
1 9
6 8
4 6
6 9
1 7
0 7
6 9
1 7
2 2
1 2
10 10
5 9
83 99 54 12 4 32 73 90 54 81 71 87 65 77 62 64 97 21 63 18 73 91 5 83 29 37 44 70 95 93 32 77 91 86 40 46 69 12 35 22 44 58 61 60 86 22 24 34 94 38 3 67 29 8 1 9 96 96 78 42 88 10 71 31 47 10 76 67 22 63 41 17 72 53 29 57 26 52 42 20 41 45 38 21 4 38 30 51 85 7 92 73 68 62 55 66 72 30 33 45 92 25 13 15 77 41 71 2 44 65 73 85 9 10 5 64 99 86 14 36 93 57 8 12 71 62 78 94 43 62 90 87 86 2 1 14 95 24 15 90 88 88 74 48 49 31 63 100 68 28 35 60 84 94 24 6 7 53 51 49 14 40 87 51 94 88 64 40 63 30 29 50 17 55 49 18 85 11 69 4 90 3 16 25 96 39 31 54 91 81 2 56 73 89 6 66 28 21 57 90 50 85 91 19 39 91 36 75 53 4 79 42 58 94 66 5 32 96 58 74 29 11 29 1 51 86 18 78 6 74 19 7 10 9 25 49 99 12 75 51 67 53 44 24 98 10 80 29 5 89 54 85 100 34 37 50 19 6 80 76 31 98 83 41 7 7 89 57 19 63 60 85 68 3 61 65 12 92 46 69 81 99 5 80 85 42 81 55 47 60 31 30 10 65 70 68 23 10 76 93 72 35 30 91 90 90 56 53 33 53 21 13 3 78 44 87 19 25 42 17 36 24 46 97 88 67 64 10 76 40 3 100 26 32 90 15 73 97 68 5 49 40 70 52 17 13 38 87 89 31 4 25 54 1 21 41 68 37 3 43 76 57 42 53 40 84 68 64 80 35 20 29 26 89 32 43 2 69 29 90 52 84 66 5 85 39 98 4 75 100 98 2 8 40 54 47 75 73 62 54 59 81 34 85 70 65 27 71 86 7 12 37 91 78 41 27 68 38 30 94 89 27 95 48 18 100 94 92 25 55 98 83 88 31 19 57 96 45 79 81 4 90 17 94 19 9 20 86 47 1 79 87 27 25 35 97 77 80 40 1 87 37 35 74 20 54 82 15 50 60 47 53 49 63 98 20 71 17 5 69 17 36 8 96 60 42 44 36 73 35 88 11 72 23 84 91 28 17 57 77 76 3 82 77 17 79 96 39 48 100 8 16 87 67 63 47 60 58 34 32 93 22 43 64 96 78 6 75 95 14 3 22 16 84 98 84 15 93 22 14 45 81 29 31 47 44 29 6 1 15 90 93 88 84 8 83 13 65 9 59 78 11 81 45 47 30 28 13 23 50 26 19 30 6 1 77 1 82 34 2 96 75 46 83 58 54 65 71 70 25 81 48 35 61 92 33 91 20 45 65 21 70 35 50 28 35 78 28 16 64 81 11 38 27 45 96 32 9 18 1 85 98 48 20 11 92 52 1 63 49 17 83 18 51 32 97 37 62 25 5 25 5 67 62 83 12 9 14 72 26 15 57 76 14 28 86 57 31 38 19 79 6 53 49 8 85 45 44 98 21 100 22 78 67 35 60 30 44 74 1 21 40 9 96 5 36 33 62 19 22 32 97 27 85 45 34 21 42 30 18 62 81 91 39 99 25 51 28 20 76 81 93 15 41 40 19 29 73 32 47 46 64 43 73 100 88 58 20 29 87 89 42 68 79 81 66 55 83 46 27 58 78 19 72 18 58 42 46 82 26 92 28 41 35 100 40 74 9 11 54 96 99 95 15 29 27 32 83 9 29 61 66 6 79 89 24 89 31 69 70 56 13 49 96 99 100 87 72 9 97 25 56 47 19 22 75 46 53 9 6 34 70 72 39 100 60 14 88 42 35 10 49 47 58 96 45 10 34 16 18 30 92 73 76 62 94 2 7 98 11 65 31 32 36 22 31 47 35 71 41 69 80 41 15 89 37 11 98 70 78 67 52 69 91 79 31 36 81 89 34 91 53 16 22 40 37 4 39 72 74 31 92 5 71 7 94 59 69 43 81 47 62 32 15 52 10 97 88 90 38 73 32 42 40 53 82 77 9 72 100 82 54 91 87 24 49 32 83 18 26 15 64 87 46 30 91 7 79 30 49 16 2 80 57 41 85 90 69 93 13 20 74 66 11 12 90 59 43 24 28 69 38 43 7 35 25 97 41 3 78 41 18 31 21 26 24 57 16 92 49 28 12 74 94 74 86 35 84 80 58 12 48 47 6 7 33 30 55 25 32 33 66 1 63 86 27 86 94 42 78 42 21 41 67 66 14 52 100 49 32 