40 100
26 20 23 23 19 20 20 20 28 24 20 22 22 23 19 16 20 20 19 17 15 12 17 21 17 22 21 15 19 15 18 23 20 26 15 23 21 24 15 20
868 13 26 39 48 50 674 113 127 163 371 611 539 938 192 195 217 221 226 238 260 263 274 287 290 291 322 322 995 345 347 358 177 371 396 420 425 428 429 431 432 894 463 465 476 478 479 493 519 534 535 181 546 559 802 574 576 584 584 594 611 179 615 625 651 668 671 731 682 685 693 8 700 700 713 725 71 737 743 743 760 768 788 790 561 814 828 854 859 698 871 878 462 909 931 181 978 982 993 330
15 18 19 395 29 39 47 61 87 94 99 101 102 845 272 128 599 151 544 170 171 178 847 195 201 206 226 227 243 253 505 126 638 295 303 307 311 328 346 366 374 756 22 404 406 585 442 445 464 482 483 486 270 509 513 541 155 544 551 181 558 409 134 628 637 293 642 666 669 678 686 690 722 728 736 738 744 388 757 758 762 766 774 783 793 795 812 818 828 842 117 553 848 881 891 897 902 924 978 996
5 14 29 43 45 64 66 100 936 115 126 133 139 143 151 176 182 183 184 192 635 253 983 305 304 309 748 320 783 331 366 368 521 403 405 408 421 444 447 451 463 472 663 483 490 506 393 554 562 565 571 572 577 578 582 584 590 592 627 218 114 648 481 665 678 680 696 700 837 763 730 742 315 753 754 754 709 767 279 770 773 781 327 799 828 706 837 838 843 846 848 850 851 851 882 918 640 938 975 767
44 6 11 13 18 917 84 94 96 397 103 114 120 122 123 140 488 187 190 202 216 883 247 255 791 266 270 276 281 290 294 300 300 306 311 325 327 359 359 367 368 392 865 399 428 459 449 447 474 476 476 481 146 492 493 514 528 554 569 584 607 698 661 672 673 675 681 240 607 698 710 719 897 733 736 760 760 766 774 790 256 791 795 813 816 818 831 837 4 859 103 692 725 856 917 928 934 972 976 994
992 19 26 28 40 58 71 76 512 368 303 115 135 156 668 770 201 203 230 236 238 239 240 251 289 293 295 112 318 322 347 357 364 92 382 387 396 412 491 711 512 82 516 525 527 532 569 582 582 584 589 599 607 627 649 660 833 673 673 889 685 690 695 698 881 702 717 194 775 780 796 800 819 830 182 907 837 842 845 851 852 854 860 862 865 879 879 502 885 680 837 911 917 921 929 970 11 994 999 1000
19 38 44 670 73 74 82 84 902 113 424 167 315 134 181 182 186 201 209 211 220 335 242 262 272 285 298 300 301 306 306 148 780 751 348 347 338 780 356 385 388 410 132 445 456 463 477 486 487 494 500 517 527 530 543 548 556 557 558 573 582 609 630 641 642 662 932 744 713 722 723 54 744 747 220 325 353 801 821 830 834 844 846 853 854 858 863 866 103 904 913 916 921 921 668 938 964 971 988 997
9 19 749 27 974 925 803 153 631 186 195 199 210 219 226 231 237 243 244 472 299 312 891 325 326 338 343 345 347 354 361 368 390 403 411 414 417 429 437 441 446 454 470 275 472 706 520 521 547 550 563 570 705 585 597 599 166 952 616 609 640 640 654 655 657 660 688 700 703 574 475 717 723 22 753 755 759 762 762 770 774 796 123 837 856 859 861 879 320 92 918 920 922 911 944 611 968 59 995 997
20 21 24 37 41 55 72 73 85 88 93 106 187 110 235 113 118 122 127 878 141 148 181 259 316 191 196 827 207 453 221 111 239 240 249 256 184 949 276 289 305 305 306 109 353 360 367 791 375 376 411 411 414 415 211 465 467 582 468 476 494 502 524 544 561 637 468 591 610 623 629 636 568 649 654 661 680 705 736 762 777 369 801 808 201 836 843 846 135 898 901 923 934 939 943 273 974 978 986 991
13 7 538 19 21 186 32 32 838 44 596 59 84 87 571 123 160 161 507 169 172 179 24 191 208 209 214 225 240 255 262 280 307 308 340 639 390 397 420 436 436 437 440 446 584 464 498 167 508 19 542 544 550 33 97 573 575 575 462 47 623 365 662 687 693 960 704 710 720 723 728 728 743 760 773 776 781 791 793 799 799 800 805 818 835 571 849 881 915 922 924 935 942 944 957 693 960 967 972 996
1 445 23 28 955 364 126 127 129 131 147 171 176 606 204 231 291 251 253 267 286 549 58 854 326 340 63 377 395 406 407 413 420 425 434 436 440 16 454 456 471 478 492 492 494 497 500 617 515 521 528 873 533 538 542 245 559 561 572 581 593 599 178 514 620 654 667 672 674 697 712 713 714 717 910 744 787 768 789 792 797 810 816 828 837 306 858 530 888 897 903 728 925 936 950 950 303 983 984 987
23 24 28 34 47 60 143 99 104 695 407 172 175 714 796 206 213 219 223 238 941 251 259 261 263 267 286 318 319 340 348 350 65 367 372 376 381 383 384 144 408 416 418 430 439 561 453 461 886 501 501 506 522 549 552 558 560 561 450 578 704 614 618 627 631 644 654 655 659 679 875 697 612 705 193 742 356 757 758 763 772 789 201 818 823 832 833 845 848 851 875 749 490 896 919 239 968 968 985 991
11 13 29 43 43 61 68 101 103 111 112 112 112 124 126 162 163 163 182 188 562 587 221 264 277 285 288 289 743 328 329 332 332 731 340 354 356 358 938 395 560 411 436 448 456 493 645 826 519 530 547 559 885 206 573 221 590 592 601 620 494 971 677 695 703 724 333 857 739 293 744 774 775 780 790 799 806 810 818 929 827 832 845 733 864 867 402 892 893 902 922 925 496 936 389 939 953 955 657 993
13 17 23 52 66 71 155 81 499 110 116 79 128 134 146 411 122 270 178 179 182 195 195 203 789 225 233 250 252 256 258 173 280 297 530 314 334 740 377 378 382 389 409 152 411 428 428 456 461 496 85 506 608 523 919 530 557 560 821 568 574 578 604 518 625 625 644 648 661 667 678 705 723 731 337 746 757 760 770 788 206 816 572 822 826 830 853 855 865 867 872 884 898 899 911 306 921 960 997 998
6 13 14 18 270 835 65 83 106 124 134 136 136 137 139 148 161 166 198 204 218 222 892 814 249 256 259 32 271 277 300 311 312 315 333 510 342 343 355 365 368 385 387 395 399 451 430 433 430 468 338 47 518 527 789 570 574 574 880 591 597 621 622 625 634 716 649 650 653 679 680 686 704 706 713 637 735 749 762 775 783 547 813 243 821 829 517 841 845 849 879 591 906 234 998 920 936 969 986 919
3 372 16 41 54 60 83 86 457 416 116 124 139 161 172 675 741 953 239 242 249 270 273 275 294 312 315 332 337 334 350 354 361 363 8 373 373 526 381 385 393 396 398 401 110 418 424 425 435 449 90 502 506 515 516 523 380 537 558 560 563 567 590 618 626 983 648 658 660 667 185 864 704 709 851 734 736 741 199 741 745 747 751 759 880 819 733 861 862 862 681 788 894 950 952 201 962 965 648 986
8 37 46 68 69 71 73 81 83 100 110 113 355 811 136 140 144 185 206 533 213 226 371 759 254 257 276 286 288 298 319 322 323 781 369 577 382 387 397 413 424 425 483 484 485 486 489 489 506 211 537 541 557 232 567 558 580 586 586 906 648 650 654 671 672 672 683 686 704 706 715 745 235 896 115 791 791 129 840 847 848 852 861 865 866 885 890 892 766 904 970 587 933 940 941 971 905 955 983 983
8 10 11 19 85 222 111 119 259 189 152 400 184 144 196 206 210 211 103 900 568 141 274 289 290 295 625 316 316 325 331 735 372 377 161 411 411 453 456 470 477 845 495 505 505 509 514 518 525 559 561 237 594 595 612 302 627 627 661 689 705 709 723 732 734 347 789 746 765 771 778 781 744 971 818 824 824 827 827 833 838 844 479 850 867 974 893 894 897 237 908 917 928 952 954 790 870 993 994 996
3 556 7 14 337 29 177 36 40 45 682 721 84 120 151 757 203 206 708 232 233 236 250 261 268 268 279 285 286 291 453 312 324 330 334 23 345 350 363 370 374 468 397 398 407 421 7 434 305 454 467 385 469 485 494 498 507 534 538 539 545 427 591 596 600 608 617 637 650 666 906 690 705 31 716 68 735 740 743 232 786 793 799 805 845 867 871 897 66 912 912 914 916 918 941 942 970 970 984 993
9 10 13 16 17 26 30 43 53 61 79 80 80 84 84 112 133 143 146 802 220 168 435 852 213 163 235 237 242 257 977 311 320 684 333 897 341 352 357 373 376 382 325 389 390 400 402 428 198 446 454 457 547 551 568 577 597 615 621 640 629 629 633 624 661 651 147 669 673 679 384 693 712 722 725 727 730 752 754 760 784 662 804 819 824 847 850 210 855 889 900 333 895 929 931 932 967 976 260 991
19 285 30 799 73 88 97 89 99 111 113 114 118 121 129 679 164 173 621 184 21 187 190 212 232 236 240 244 249 275 276 185 287 288 761 307 324 616 367 523 389 397 403 408 409 805 460 463 471 482 484 490 496 379 527 545 547 552 556 566 572 573 589 593 598 332 183 991 650 665 671 148 692 699 858 737 752 753 299 797 38 805 412 811 814 821 824 833 713 883 890 900 914 927 936 969 976 978 648 995
1 1 15 19 20 25 26 31 43 50 72 89 765 112 126 113 127 638 144 151 197 211 223 671 228 235 240 245 259 922 263 265 269 276 882 288 293 411 534 345 357 365 388 391 916 411 437 443 451 463 479 482 486 493 498 510 514 326 544 545 546 549 555 561 681 602 924 615 637 132 665 227 562 683 683 684 736 744 750 989 821 828 828 835 842 858 869 282 900 316 261 605 958 966 969 976 89 992 997 998
23 26 56 61 907 68 76 80 97 104 105 110 114 141 176 256 182 513 188 211 226 713 500 273 282 614 614 294 331 664 348 355 366 394 402 410 413 418 427 448 451 459 467 627 510 185 515 527 704 534 539 779 554 575 582 587 588 590 596 600 601 293 291 176 640 332 669 532 245 715 720 733 742 749 764 764 544 795 800 1000 856 873 875 876 881 882 902 902 66 914 922 923 925 956 962 968 982 989 998 816
4 12 40 43 627 62 90 95 109 116 129 130 138 147 379 967 220 219 252 258 558 272 277 277 283 297 302 306 317 853 348 490 577 383 385 388 392 393 402 405 418 428 456 465 467 655 881 158 369 503 511 512 526 538 539 547 556 558 267 565 570 485 596 609 612 49 641 468 668 894 676 688 700 707 714 714 715 728 747 753 756 821 832 832 333 477 675 932 935 940 963 964 242 972 973 980 981 981 985 994
8 22 24 27 49 56 59 269 81 89 973 97 98 104 117 142 170 170 171 218 198 268 237 245 248 258 266 267 196 61 271 279 315 337 342 351 355 358 359 806 96 384 512 421 424 424 432 442 448 452 580 459 483 486 489 906 519 532 540 550 691 560 572 575 579 617 583 591 593 596 599 453 648 649 555 693 748 954 761 766 767 769 775 780 793 793 359 824 867 875 888 899 392 912 950 751 957 376 986 997
18 27 115 33 45 307 320 84 798 127 129 141 153 154 171 177 447 181 181 184 191 200 207 234 234 247 247 249 251 256 258 265 265 268 592 276 557 286 292 304 58 311 59 324 348 33 653 404 406 410 418 500 179 447 449 450 466 472 477 478 480 443 513 831 552 556 280 561 578 591 592 592 271 611 635 645 648 380 661 928 681 723 794 794 360 523 842 843 847 866 882 896 919 661 931 936 956 961 969 973
5 76 625 35 489 45 956 75 8 93 115 119 126 149 235 758 158 168 169 177 206 223 226 227 230 154 246 692 471 274 278 288 334 340 345 467 420 428 429 863 436 458 363 468 269 35 489 499 517 520 51 563 574 575 576 599 606 614 617 158 33 636 639 655 667 671 673 674 679 685 689 250 704 720 729 744 622 762 763 773 788 791 792 806 814 820 844 847 849 853 432 865 874 885 901 916 917 561 960 974
2 11 14 338 808 15 20 27 33 40 44 641 121 126 222 130 141 148 153 169 189 190 195 880 15 206 129 230 235 828 963 240 313 316 199 333 15 383 384 387 412 715 428 466 472 475 489 497 512 520 526 568 585 742 591 596 599 664 623 623 630 632 81 652 603 684 697 699 701 707 420 724 729 730 737 738 741 587 752 753 772 778 790 796 800 806 201 238 862 865 331 912 917 922 930 961 962 239 965 985
378 576 50 65 93 98 110 315 123 126 139 143 169 185 194 203 383 220 221 222 222 950 496 302 304 311 311 400 25 330 322 380 212 384 118 404 404 429 429 437 475 479 480 483 486 264 506 506 508 511 521 756 539 546 547 548 567 575 26 583 883 591 598 602 775 609 639 650 653 672 675 687 698 707 713 715 722 923 733 737 527 774 775 609 782 782 783 792 801 841 841 586 901 728 930 942 948 244 954 965
16 648 53 55 60 71 103 132 145 169 157 843 183 776 523 215 217 233 252 256 286 319 320 326 341 999 347 362 379 387 394 998 402 412 417 426 430 440 467 469 821 346 210 523 526 532 533 545 555 555 558 562 566 568 582 586 587 596 600 602 606 603 602 647 24 670 710 723 732 742 746 747 755 759 206 788 820 923 825 843 514 854 869 874 883 886 889 898 904 920 486 926 947 985 992 992 994 396 148 1000
6 110 45 87 90 98 17 117 127 130 149 165 188 183 214 217 250 257 277 279 294 312 315 319 330 332 333 349 350 364 371 373 392 397 408 416 422 426 430 734 878 475 476 477 484 493 495 510 891 612 734 524 529 752 566 582 590 597 603 608 513 640 643 655 789 677 688 696 515 432 452 746 748 537 788 659 796 796 813 867 817 513 830 838 814 871 874 736 886 830 908 933 951 960 966 976 982 986 991 999
5 5 12 16 19 24 31 34 44 60 80 86 821 104 110 115 135 137 332 155 155 536 170 183 219 242 261 290 300 312 320 600 892 335 359 398 404 415 434 467 932 441 442 958 453 455 435 435 478 502 511 515 530 531 161 554 559 571 594 326 613 619 620 626 642 671 707 725 733 745 833 754 754 799 803 102 822 824 832 746 845 457 865 866 879 889 891 154 897 999 907 927 927 928 852 944 452 978 988 901
356 11 18 19 26 177 77 78 80 89 104 98 96 125 162 75 187 212 233 271 263 240 282 291 294 294 306 310 535 325 338 347 348 356 11 362 376 383 404 422 425 437 444 449 461 467 491 534 318 549 573 584 606 894 632 767 623 734 653 661 663 672 680 680 771 692 697 710 712 726 651 742 754 754 758 607 631 767 767 684 780 792 808 813 815 864 843 858 822 865 885 890 891 766 915 921 942 952 981 995
767 58 65 69 407 810 593 117 125 131 132 150 155 164 178 303 210 227 233 259 260 264 294 423 178 314 584 357 379 385 612 87 407 419 302 432 439 440 830 449 976 458 480 482 503 505 510 511 522 551 560 578 580 343 584 108 1000 607 386 613 613 618 640 648 656 661 670 673 674 682 694 710 715 716 725 728 742 743 755 54 947 803 102 829 443 835 848 849 854 882 887 927 931 942 777 948 456 985 993 596
14 564 500 482 41 42 44 61 905 82 82 96 126 129 139 146 232 174 210 212 213 173 254 269 272 285 295 718 318 322 330 339 361 365 373 376 382 24 412 417 420 428 433 617 460 466 608 477 477 27 757 509 528 539 549 550 552 14 566 574 579 593 595 758 466 609 612 451 619 647 655 695 696 706 309 719 747 751 822 392 607 759 761 778 781 789 810 753 860 861 862 867 899 903 77 936 973 981 1000 1000
359 44 46 49 53 56 61 68 72 74 94 103 110 44 114 800 130 139 140 146 164 168 188 203 212 349 259 264 266 293 309 335 335 343 234 351 353 356 477 110 449 404 410 411 665 427 430 444 387 522 358 543 480 491 504 508 451 524 534 539 479 626 573 579 589 596 622 550 628 655 656 658 664 413 680 686 710 715 727 738 965 784 785 927 816 831 832 833 840 845 864 876 882 122 934 769 966 967 977 1000
791 14 16 37 60 71 78 82 419 90 102 123 192 140 457 146 156 561 181 181 186 294 137 644 222 225 450 250 251 257 264 277 285 286 141 190 299 305 318 336 344 373 404 406 411 413 88 437 439 448 567 860 473 496 496 498 541 543 549 550 558 167 226 575 581 586 595 596 607 612 625 641 221 647 655 658 664 694 706 720 727 737 748 771 772 791 5 900 824 835 841 294 876 792 926 966 985 988 989 992
6 524 14 18 23 34 35 36 50 872 86 90 118 119 123 707 361 160 170 179 65 367 244 246 267 273 557 502 721 326 343 352 353 355 283 138 361 362 238 376 395 396 403 409 418 423 426 426 430 431 444 448 451 455 485 488 854 514 519 12 360 560 596 599 627 636 663 665 670 681 692 693 697 698 703 137 299 735 738 780 783 781 790 823 828 829 842 289 859 200 883 887 908 910 940 957 975 983 988 990
1 11 482 26 104 118 127 912 180 196 199 13 223 250 255 261 262 269 273 290 753 300 305 338 363 368 379 379 412 405 414 416 520 430 432 460 782 481 210 483 486 499 502 506 421 528 927 547 791 563 571 596 617 621 650 548 660 676 941 683 702 707 737 724 741 747 299 756 759 760 763 764 769 774 777 464 786 652 791 799 806 817 825 825 827 885 905 908 173 914 922 541 929 679 959 962 966 979 980 990
404 193 15 20 25 27 695 48 49 59 834 74 2 113 126 128 130 147 149 163 164 166 183 188 75 207 219 238 244 247 275 276 288 293 743 313 314 351 367 371 388 1 413 716 452 461 478 484 952 501 510 514 536 547 548 556 996 566 567 569 570 589 615 636 638 639 639 640 653 685 686 688 32 704 444 730 299 753 849 761 758 775 777 788 790 825 67 957 762 863 877 891 906 500 955 844 969 972 996 562
46 20 21 22 23 1 226 35 41 45 30 53 92 96 98 113 126 139 151 184 607 203 201 210 218 224 33 245 388 740 299 299 316 322 343 611 583 386 273 411 424 437 451 455 473 477 617 488 501 506 509 534 536 540 549 559 563 564 565 567 570 570 584 382 209 610 379 616 485 632 657 662 667 678 693 728 283 744 767 786 787 812 824 830 833 834 871 873 876 886 893 906 916 927 929 939 943 975 990 996