1319
287
458
943
2167
1044
363
299
2547
1962
1132
488
92
715
508
1115
1595
2372
2393
1231
373
1755
1535
1684
1773
848
146
2368
1350
981
2707
1926
483
855
1947
1349
1146
787
191
441
623
2237
1537
1887
2739
1328
488
1746
2760
1679
641
216
2428
839
24
64
1421
2750
631
1884
2070
1936
789
3101
1502
2820
373
509
314
828
625
1890
1628
2211
2265
1768
496
1198
973
2771
415
1377
85
2112
2223
2178
1444
1456
1541
370
848
1434
808
77
1409
1214
327
150
693
1718
1564
604
2182
355
1463
1931
524
127
1039
984
1052
195
2914
589
765
3356
816
1227
1106
2409
543
1864
508
1844
1478
1763
1224
529
373
549
2278
1401
2342
1828
2349
2836
1496
1244
1930
287
509
2212
450
1425
2389
108
687
438
250
447
662
210
263
945
1080
2582
387
68
1812
1424
123
2314
2265
791
828
3136
308
2661
1043
1862
1598
267
2602
15
981
1350
2665
523
1389
608
72
1691
287
2313
2739
1316
1732
885
870
495
1417
1145
797
3095
1454
2463
740
340
351
414
27
1845
235
1576
1037
717
54
719
890
944
1850
735
71
1768
1803
552
629
134
186
860
3556
736
502
1272
2232
3315
320
233
1909
1111
3004
2275
1788
1464
460
3090
490
1636
1322
607
2607
1247
585
3007
1144
2376
480
1342
860
1028
1046
23
948
1097
351
147
952
3192
1236
928
1862
1627
424
38
1294
656
1526
88
1120
984
1889
407
242
1202
144
732
1811
1583
2111
885
1095
2413
617
239
367
523
885
1512
661
1974
467
1266
919
2793
898
303
601
1956
65
626
110
112
108
1363
1760
198
488
1329
1153
1985
1021
3330
171
356
3550
1243
550
70
1288
653
201
723
341
1759
2427
1236
718
1086
1627
2720
1841
1229
1478
1339
2791
4
3362
866
810
8
832
1473
576
948
1013
1491
1597
553
2570
66
515
2052
2530
128
304
409
889
130
2659
1517
858
344
62
458
1735
1169
145
9
829
2445
1555
1212
555
2160
92
481
1045
2574
2118
482
417
159
1115
727
159
879
447
379
173
718
1370
557
1118
17
2277
2816
1257
894
2627
2858
1862
1754
1332
799
2057
732
1083
1676
1583
207
2170
312
1061
2940
357
1339
1534
650
1316
2299
1277
3
572
1731
1255
4
76
1848
919
52
1597
896
88
40
1959
17
1033
1086
1518
2927
1346
1359
128
2279
2025
187
415
1068
2279
609
2908
207
746
852
281
469
462
1050
981
1670
64
79
2240
1389
208
1204
1797
930
495
213
612
415
288
963
1828
1438
1890
1529
1769
940
1808
330
340
149
61
176
2317
587
2536
26
1378
1657
958
1810
2060
298
2943
621
200
2503
63
286
3
831
1491
2165
454
148
378
2115
749
2329
2142
669
1960
1800
968
994
374
66
1513
102
260
2427
803
1210
699
1291
1912
758
2532
50
1997
1035
2852
2633
2445
1391
1582
369
1877
1199
1601
1237
2250
192
917
1399
639
56
1464
1589
57
125
2889
2649
2894
1177
663
2858
180
1270
1547
1935
2222
2831
2688
437
1909
1322
777
343
719
591
2134
2894
1737
2370
1780
2160
2156
818
1173
1942
1373
717
2094
777
448
2248
1011
2256
1060
126
48
1975
9
588
1718
1450
1179
1876
885
818
2923
2560
435
303
791
804
201
1527
825
621
2605
1680
1767
1814
1179
1468
112
395
159
674
351
144
2938
770
15
2066
668
1349
1631
2197
842
2752
2225
2268
580
1836
2238
1091
2560
2212
96
472
2073
2640
608
538
1339
488
200
2065
2410
1252
2379
82
174
163
557
3497
271
347
510
2294
790
281
73
768
1832
1836
2534
1067
963
1911
304
43
1908
1794
1464
83
1673
2563
826
626
190
2491
367
1296
389
2524
1386
125
2692
695
1659
1383
1175
1725
307
814
2380
221
1245
855
1070
669
2216
1342
1543
733
2163
1769
702
1446
1993
99
1253
1155
1165
2321
1843
1992
1143
1863
215
590
999
915
148
1779
765
30
1182
369
41
1858
522
1427
281
1728
353
733
1291
2743
898
1973
2006
254
1906
2181
1400
1173
1387
1906
1884
462
222
218
1016
1911
955
416
1783
958
19
505
394
1613
951
456
214
754
1658
924
825
949
925
300
399
2781
684
412
901
117
903
965
81
1043
813
138
2445
638
916
1666
183
712
2391
1058
289
31
1134
1264
1164
1182
1022
1249
526
2051
1596
2423
90
433
1097
1299
1437
1542
854
1443
1128
539
331
323
1891
1021
2249
529
78
2397
115
942
1272
781
402
1099
23
88
1394
2048
179
2424
544
1518
1964
1487
216
759
1680
1268
1523
1930
2026
1391
260
997
2304
1232
740
905
333
1932
1427
264
574
217
1609
1252
304
214
1697
566
637
334
1566
808
913
2197
62
1895
1464
1445
1118
156
379
1454
52
408
273
266
489
2176
1264
1325
2377
1264
1352
907
449
239
1516
1230
1651
1260
138
1805
1159
283
99
1225
532
1878
205
867
401
87
1037
1186
2565
138
282
1342
1066
1253
843
1072
2053
1256
1683
4
2247
1781
2215
2206
1465
912
2059
257
1729
13
336
329
369
453
1474
5
88
1150
1040
1089
923
914
653
1603
1646
396
553
495
371
1213
448
1068
378
225
269
260
515
187
793
747
380
2040
1090
1234
352
2696
1407
802
118
1463
1421
288
542
1668
635
838
2952
343
1508
419
1240
3021
1575
1960
643
310
137
1357
1553
2150
1323
1164
1632
387
1357
18
1189
1050
57
806
48
611
10
1175
313
2775
0
469
853
153
356
856
595
162
43
219
1286
1376
1069
254
523
602
774
707
1764
2255
419
1646
354
1852
141
934
1580
1173
676
2090
286
1741
1536
51
485
103
207
1551
85
2080
1162
1970
401
1002
581
2462
14
1969
970
2314
2483
2083
500
329
506
985
2754
574
117
652
212
1486
955
2241
2981
1321
1393
1223
1192
514
460
1311
988
2700
1189
1077
756
418
918
516
1572
97
1405
1783
1206
880
1476
293
659
174
1901
1537
1926
338
1032
784
1615
4
3307
1846
1016
29
2652
210
2260
1068
1534
1627
699
1070
570
26
1369
300
1198
3565
1855
2609
946
2212
362
453
768
2082
1224
17
421
386
178
2671
662
248
811
89
871
1063
1922
573
648
485
930
477
1949
1179
1186
202
699
2145
278
1557
167
301
699
1749
1570
623
806
18
738
433
1372
320
3031
482
754
466
2311
1088
1296
791
171
2656
1807
305
129
808
755
127
326
1958
2011
124
1007
4
1951
255
2157
1476
1313
2060
140
779
669
1127
1246
2736
485
2084
1361
1285
2316
1040
210
2271
1002
2649
1777
190
1564
2342
231
483
320
884
2263
223
2345
1176
3603
739
2122
2005
322
1900
419
1839
311
2689
3421
35
1960
3165
285
1100
1357
2026
1058
3533
693
1489
2601
548
2149
177
2206
997
524
1813
2339
836
1428
749
813
1170
1024
84
1017
2366
1099
141
1936
2443
755
1047
1243
1111
1999
417
2434
1592
2249
1107
1509
1001
1511
1608
1079
1301
394
1639
652
1429
823
1770
359
921
166
1576
65
635
478
1680
1033
2700
752
1968
666
17
954
544
470
2101
469
737
616
196
1719
104
1853
1348
433
269
2252
1708
13
2022
221
962
161
59
89
134
3428
1157
630
234
454
115
1995
803
2114
1366
393
454
1346
1955
1019
186
2107
1138
319
336
961
2410
2348
625
3141
3104
640
217
2652
841
1350
588
418
1385
1702
1453
2215
274
1562
1258
1590
1214
1227
122
2675
2808
2561
2054
93
1235
2397
1484
209
1299
2449
1083
306
494
1242
768
1027
1817
559
807
2374
837
687
1841
1463
252
577
1297
266
826
33
1158
1415
484
1445
1018
1077
444
2374
727
1594
824
451
1545
2406
3447
675
1445
1430
1517
1723
579
3388
637
4189
1224
1761
1393
2729
1475
2365
2149
722
567
1055
1103
1975
1897
256
2320
577
102
921
2610
2693
2790
2406
2824
459
1324
2252
358
893
1461
765
1979
138
1891
1954
1548
2516
1326
202
1023
1677
2207
171
1751
1252
3030
1694
3294
2747
212
1859
1954
714
1746
196
1667
34
2023
1496
1439
460
2909
1729
1081
850
729
1609
102
1545
14
2342
1108
1378
1745
1008
3185
1557
89
3511
1912
1332
83
16
306
20
2134
2631
1208
152
885
805
889
2740
3010
1331
725
1805
1573
1111
1093
679
1339
396
1208
1467
1109
14
331
389
128
202
1516
1695
711
128
1467
377
1532
588
334
415
114
893
645
3279
751
1425
1048
1803
2590
1635
139
910
1932
481
2153
1406
1263
1564
674
92
772
528
70
2148
1127
430
1631
782
638
1696
2191
10
2766
348
539
1183
2284
2903
1521
530
48
1614
1101
1455
677
1848
967
1979
1458
244
1328
1566
137
335
1763
718
2238
2735
74
2154
1874
870
2201
787
222
2042
1127
1634
643
1303
371
1597
1418
417
1269
71
841
554
855
2145
1580
104
254
626
687
899
27
136
326
62
237
952
1314
1390
1872
114
1877
2101
1279
908
2397
533
4
779
225
612
97
1506
45
659
585
721
1502
442
470
2702
309
545
70
623
1721
236
2944
169
1332
2132
599
416
1815
645
489
2416
706
1061
2051
394
109
1651
56
1940
1356
1471
75
1445
1666
1041
300
2405
506
555
246
3232
1496
2134
2620
2974
1611
2818
446
2905
310
2190
2022
1376
1041
333
160
3501
1436
66
774
3153
1367
2194
1417
1651
75
1481
925
992
3170
196
864
2320
2165
2314
844
1411
2113
2251
1240
3212
1206
445
940
1391
989
925
1599
2585
435
2627
1418
1306
195
1070
264
41
798
1499
171
455
279
303
139
1854
1554
1274
445
205
2934
256
1836
112
302
106
2744
1644
1549
1520
24
1774
3237
1788
2279
2724
57
51
35
158
2126
1142
1945
1746
2207
1992
915
369
1737
1417
1171
1086
1711
1271
169
3274
273
1866
2268
375
1555
2796
1715
670
810
1330
275
1514
1435
2247
1368
2110
45
124
1621
196
2323
106
82
1817
675
1346
757
413
592
531
398
1070
1301
1883
2055
1941
1052
1492
347
126
580
911
1176
1358
577
693
1216
367
16
469
1716
1874
2480
1144
28
915
185
1078
1551
1669
2317
3092
1046
282
1589
165
935
1910
278
292
1867
206
2192
517
1375
307
1129
1621
1334
663
1785
1533
601
2245
889
367
109
2066
29
1233
527
1837
545
2539
1604
2827
378
1090
245
953
547
414
673
592
1536
1168
752
350
354
1723
1299
1036
1182
233
259
1819
80
360
1736
3046
613
2186
1964
2139
2248
803
339
217
1493
334
3158
904
2142
2840
3349
3492
1641
938
337
79
803
1288
2394
608
405
727
1854
2898
1385
1472
591
327
1870
191
2458
2324
303
292
950
69
1230
835
1849
821
385
1152
1530
1198
264
504
844
2928
2762
1628
2469
2164
405
1554
386
1758
609
1316
1422
646
1023
2648
37
1315
952
2083
927
2821
1750
2847
2926
2451
366
122
663
739
1436
1608
1875
274
1405
849
368
2093
