10
1000 70
-1251 2368 -3738 4309 -5308 6279 -7461 8238 -9031 10525 -11700 12392 -13464 14313 -15272 16192 -17819 18070 -19697 20881 -21752 22510 -23025 24243 -25976 26738 -27208 28927 -29000 30786 -31692 32833 -33728 34772 -35262 36982 -37115 38145 -39639 40858 -41203 42744 -43423 44839 -45408 46891 -47323 48211 -49128 50397 -51853 52178 -53375 54835 -55075 56452 -57464 58826 -59896 60848 -61723 62006 -63824 64281 -65007 66704 -67202 68425 -69923 70471 
999 998 996 996 992 994 991 985 991 982 984 987 987 973 978 971 968 966 980 974 961 963 958 954 952 954 973 956 971 961 967 952 963 950 945 949 945 960 947 926 929 936 923 916 939 942 938 941 947 942 938 924 942 928 908 897 891 924 906 929 935 878 895 896 883 901 891 867 887 921 
1000 80
-1065 2161 -3927 4498 -5979 6067 -7690 8060 -9785 10815 -11902 12533 -13564 14885 -15206 16709 -17274 18012 -19111 20503 -21891 22630 -23042 24033 -25495 26899 -27632 28296 -29182 30649 -31635 32216 -33228 34756 -35179 36738 -37667 38572 -39025 40021 -41204 42335 -43385 44424 -45767 46425 -47468 48978 -49749 50619 -51615 52159 -53712 54949 -55147 56528 -57604 58823 -59782 60895 -61558 62814 -63369 64576 -65971 66448 -67233 68403 -69260 70049 -71518 72024 -73703 74938 -75988 76065 -77586 78495 -79785 80598 
999 998 995 994 992 991 989 988 986 989 987 986 986 975 981 979 976 974 963 961 973 973 963 965 951 956 949 953 943 944 950 952 945 966 938 953 946 953 949 931 937 930 953 935 933 941 914 919 920 902 934 928 909 921 920 922 921 941 936 930 899 905 895 908 885 933 879 925 893 863 889 886 863 918 923 887 899 898 919 889 
1000 73
-1403 2958 -3701 4552 -5706 6430 -7968 8150 -9139 10265 -11713 12469 -13091 14545 -15354 16295 -17392 18833 -19758 20096 -21542 22993 -23043 24877 -25701 26842 -27558 28967 -29380 30808 -31338 32475 -33743 34623 -35967 36226 -37022 38843 -39018 40277 -41369 42611 -43385 44063 -45620 46367 -47853 48376 -49775 50424 -51520 52869 -53568 54962 -55404 56521 -57662 58400 -59333 60530 -61403 62979 -63537 64838 -65318 66388 -67925 68997 -69915 70656 -71087 72198 -73326 
999 998 995 994 994 989 990 990 987 981 980 978 980 985 974 981 980 972 966 974 960 961 962 959 954 956 971 953 969 950 957 952 953 941 958 938 944 951 953 944 952 923 934 947 920 909 916 934 928 925 938 905 928 939 940 941 916 912 915 939 894 888 912 878 904 894 910 884 865 888 926 863 921 
1000 72
-1333 2217 -3102 4724 -5992 6320 -7495 8010 -9927 10311 -11916 12239 -13007 14149 -15365 16482 -17041 18165 -19241 20527 -21874 22506 -23581 24602 -25883 26340 -27712 28933 -29839 30959 -31626 32933 -33982 34613 -35490 36966 -37438 38269 -39922 40973 -41941 42341 -43511 44544 -45755 46328 -47305 48839 -49187 50263 -51693 52399 -53634 54002 -55838 56803 -57942 58791 -59518 60039 -61080 62104 -63981 64805 -65757 66407 -67497 68286 -69880 70855 -71280 72684 
999 997 996 995 992 991 993 988 989 986 984 986 977 975 981 984 970 971 973 961 960 972 955 954 964 964 959 970 947 966 953 954 957 965 948 960 936 944 943 928 920 940 939 925 949 946 934 916 913 930 930 943 897 906 933 943 892 894 933 915 925 910 917 913 880 889 929 925 882 863 889 864 
1000 71
-1049 2074 -3469 4107 -5027 6545 -7879 8162 -9507 10571 -11822 12980 -13339 14694 -15041 16717 -17310 18401 -19161 20893 -21675 22211 -23956 24070 -25462 26496 -27892 28669 -29867 30590 -31259 32361 -33200 34430 -35595 36752 -37990 38535 -39545 40971 -41130 42271 -43107 44487 -45948 46026 -47699 48039 -49002 50606 -51746 52710 -53831 54725 -55783 56798 -57052 58373 -59447 60841 -61194 62375 -63671 64229 -65673 66762 -67322 68168 -69952 70092 -71364 
999 997 996 994 992 992 988 987 986 985 981 984 984 980 976 982 982 971 980 966 977 968 957 964 972 965 961 954 962 965 951 941 956 940 948 960 945 948 952 946 927 924 939 933 942 949 942 917 935 910 935 902 922 927 927 892 925 888 904 892 935 931 904 905 883 926 925 902 889 891 890 
1000 70
-1790 2405 -3385 4779 -5350 6571 -7450 8649 -9493 10089 -11769 12198 -13384 14520 -15675 16491 -17853 18056 -19219 20901 -21945 22155 -23211 24900 -25137 26107 -27921 28658 -29452 30904 -31356 32634 -33672 34307 -35965 36882 -37909 38365 -39611 40360 -41352 42173 -43649 44003 -45658 46902 -47319 48438 -49675 50917 -51199 52277 -53821 54988 -55995 56435 -57288 58069 -59225 60253 -61171 62498 -63134 64218 -65333 66731 -67813 68846 -69528 70472 
999 998 996 995 995 993 992 986 988 988 988 986 987 973 982 975 973 977 979 977 976 961 976 974 974 967 971 970 963 959 960 949 941 936 965 945 960 929 935 935 930 958 929 926 927 933 927 925 935 930 901 921 940 932 925 892 921 929 901 885 911 910 880 922 886 893 868 874 877 908 
1000 79
-1285 2445 -3124 4916 -5982 6943 -7974 8610 -9050 10371 -11693 12079 -13328 14393 -15874 16787 -17370 18044 -19088 20815 -21195 22598 -23476 24983 -25704 26796 -27223 29000 -29597 30120 -31994 32989 -33593 34728 -35178 36350 -37558 38514 -39835 40175 -41098 42768 -43728 44687 -45957 46088 -47198 48792 -49528 50384 -51001 52950 -53363 54193 -55492 56731 -57451 58288 -59074 60799 -61622 62170 -63706 64867 -65003 66337 -67725 68942 -69682 70236 -71035 72802 -73964 74983 -75470 76429 -77565 78480 -79650 
999 998 995 996 994 993 993 985 987 985 980 983 981 979 980 984 968 972 969 968 972 968 972 969 963 972 947 958 969 965 942 962 955 938 935 931 956 942 946 930 936 927 943 914 953 917 914 929 933 914 947 920 901 895 902 935 923 924 892 939 919 903 923 908 914 870 917 898 928 875 863 867 923 853 902 915 876 904 868 
1000 72
-1615 2046 -3030 4625 -5323 6289 -7551 8380 -9058 10157 -11049 12563 -13422 14399 -15911 16559 -17908 18322 -19019 20716 -21657 22204 -23927 24004 -25610 26694 -27141 28751 -29355 30689 -31381 32047 -33149 34959 -35804 36359 -37379 38648 -39032 40720 -41084 42888 -43527 44146 -45461 46374 -47187 48578 -49565 50934 -51988 52109 -53628 54419 -55333 56840 -57244 58630 -59333 60150 -61428 62132 -63081 64457 -65231 66208 -67240 68602 -69526 70604 -71225 72970 
999 998 997 995 995 990 987 990 983 983 989 984 976 976 982 973 970 969 979 976 978 969 973 953 957 961 955 971 962 966 951 951 939 949 948 934 961 940 947 937 958 946 955 933 923 911 911 916 934 918 904 937 900 918 911 913 937 910 891 889 890 902 884 873 916 891 908 919 919 877 892 863 
1000 73
-1853 2032 -3604 4433 -5666 6838 -7856 8702 -9215 10537 -11531 12420 -13713 14281 -15347 16261 -17476 18727 -19616 20003 -21098 22425 -23217 24707 -25308 26601 -27802 28948 -29145 30359 -31701 32740 -33247 34236 -35123 36320 -37639 38901 -39518 40171 -41301 42592 -43972 44717 -45013 46181 -47701 48625 -49905 50095 -51997 52613 -53796 54002 -55065 56444 -57803 58530 -59387 60273 -61321 62632 -63302 64379 -65854 66699 -67625 68179 -69267 70781 -71941 72638 -73344 
999 997 995 994 993 993 993 985 986 982 985 981 979 985 978 970 980 968 975 967 962 965 959 953 956 972 961 947 957 944 949 962 943 958 941 960 952 956 951 952 959 920 925 943 936 941 911 915 930 934 919 918 925 921 931 902 942 929 901 914 881 921 930 900 928 879 888 924 919 927 895 920 921 
1000 75
-1322 2925 -3998 4421 -5326 6486 -7714 8036 -9232 10497 -11954 12964 -13291 14162 -15584 16514 -17315 18448 -19897 20901 -21988 22529 -23865 24554 -25256 26247 -27571 28664 -29535 30095 -31240 32218 -33268 34916 -35004 36433 -37141 38252 -39544 40950 -41979 42444 -43627 44712 -45955 46491 -47758 48719 -49093 50195 -51693 52882 -53798 54539 -55695 56927 -57971 58602 -59949 60998 -61746 62929 -63421 64591 -65690 66669 -67315 68394 -69143 70717 -71961 72315 -73559 74246 -75520 
999 997 996 995 993 991 991 992 988 990 980 988 982 973 980 970 968 966 979 976 971 973 977 971 974 951 959 955 962 958 953 957 949 942 954 954 947 941 941 946 944 932 940 932 925 917 937 930 906 920 919 915 935 919 916 932 892 918 905 927 921 926 934 921 875 897 903 906 917 903 888 863 898 876 870 
