10
1000 9
-1196 2880 -3359 4279 -5561 6896 -7205 8868 -9511 
999 997 997 993 993 990 991 989 990 
1000 9
-1839 2772 -3537 4882 -5089 6777 -7277 8791 -9191 
999 997 997 995 993 994 988 988 987 
1000 9
-1255 2019 -3198 4001 -5365 6581 -7874 8236 -9390 
999 998 996 995 992 991 993 992 989 
1000 7
-1407 2634 -3392 4571 -5780 6537 -7001 
999 997 997 995 993 990 987 
1000 9
-1416 2624 -3467 4678 -5454 6355 -7397 8528 -9335 
999 997 997 993 994 990 990 986 985 
1000 9
-1402 2643 -3136 4248 -5141 6420 -7678 8379 -9008 
999 997 995 996 995 990 992 992 983 
1000 9
-1003 2113 -3429 4695 -5971 6624 -7201 8663 -9086 
999 998 996 996 994 991 991 986 989 
1000 7
-1485 2240 -3781 4983 -5602 6147 -7588 
999 998 995 994 995 993 987 
1000 8
-1767 2388 -3583 4889 -5184 6619 -7969 8452 
999 997 995 996 993 990 987 990 
1000 9
-1839 2547 -3919 4719 -5237 6790 -7229 8841 -9830 
999 998 996 993 993 993 989 990 987 
