10
1000 19
-1829 2243 -3850 4853 -5514 6200 -7444 8929 -9936 10132 -11405 12817 -13206 14176 -15536 16532 -17339 18193 -19109 
999 998 995 996 995 994 989 992 991 986 985 977 984 982 977 979 976 971 978 
1000 19
-1245 2881 -3808 4046 -5175 6326 -7290 8831 -9298 10006 -11179 12109 -13153 14693 -15023 16224 -17317 18210 -19548 
999 998 996 995 995 991 993 989 984 982 984 987 986 979 983 972 967 966 975 
1000 17
-1779 2760 -3838 4955 -5743 6646 -7289 8437 -9136 10919 -11682 12476 -13324 14781 -15190 16592 -17877 
999 998 997 994 994 990 988 989 986 981 981 981 982 975 981 976 977 
1000 18
-1334 2171 -3767 4341 -5172 6164 -7345 8337 -9105 10289 -11583 12886 -13384 14534 -15821 16764 -17034 18124 
999 997 997 994 993 990 993 991 983 988 982 987 984 973 981 977 970 970 
1000 19
-1121 2854 -3416 4107 -5854 6822 -7966 8364 -9956 10341 -11811 12956 -13756 14942 -15222 16021 -17828 18300 -19989 
999 997 995 995 995 994 992 985 990 987 988 984 976 982 978 973 969 970 970 
1000 19
-1286 2162 -3532 4728 -5821 6317 -7864 8273 -9397 10591 -11615 12339 -13040 14675 -15127 16890 -17912 18264 -19207 
999 998 995 994 991 994 990 990 988 982 983 980 977 980 978 977 971 979 963 
1000 17
-1441 2000 -3379 4516 -5472 6205 -7893 8594 -9604 10166 -11458 12063 -13714 14267 -15152 16478 -17547 
999 997 997 993 995 993 987 990 984 983 985 981 978 973 985 980 974 
1000 18
-1297 2933 -3684 4152 -5890 6431 -7467 8200 -9838 10677 -11252 12251 -13109 14761 -15068 16768 -17527 18665 
999 997 997 995 992 994 989 987 985 988 987 981 982 986 972 973 967 970 
1000 19
-1674 2215 -3999 4846 -5387 6164 -7233 8665 -9525 10238 -11245 12469 -13198 14202 -15981 16080 -17556 18006 -19077 
999 998 996 994 991 989 992 991 989 987 984 983 985 979 978 978 971 965 980 
1000 18
-1031 2013 -3716 4536 -5571 6861 -7674 8764 -9260 10003 -11226 12709 -13666 14315 -15544 16778 -17557 18540 
999 997 997 994 995 992 987 985 986 989 986 982 983 977 977 980 970 980 
