1
100 293
10 42 3
31 62 3
74 82 3
2 21 3
32 99 3
57 99 3
41 64 3
50 99 3
25 28 2
2 29 3
48 73 3
68 88 3
37 91 3
22 67 3
14 68 3
25 85 3
45 79 3
23 92 3
59 74 3
39 84 3
60 64 3
59 79 3
23 78 3
17 68 3
64 100 3
2 42 3
83 84 2
15 21 3
13 94 3
4 59 3
18 21 3
5 85 3
49 99 3
11 23 3
33 53 3
29 53 3
1 78 3
5 26 3
28 87 3
14 57 3
14 22 3
15 59 3
11 32 3
2 70 3
9 26 3
72 93 3
22 48 3
49 97 3
52 71 3
23 67 3
44 55 3
39 64 3
1 27 3
9 43 3
9 17 3
31 78 3
29 72 3
44 83 3
22 90 3
44 87 3
47 94 3
58 70 3
52 63 3
34 46 3
53 59 3
3 52 3
48 59 3
13 31 3
48 56 2
82 97 3
87 94 3
94 96 3
62 68 2
64 72 3
8 11 3
49 83 3
62 85 3
3 70 3
14 93 3
15 34 3
31 92 3
27 50 3
29 98 3
76 100 3
38 53 3
10 24 3
9 82 3
41 53 3
52 68 3
7 94 3
19 70 3
1 58 3
2 76 3
14 55 3
61 86 3
38 94 3
12 18 3
35 44 3
72 89 3
46 55 3
24 64 3
1 43 3
42 49 3
1 96 3
32 88 3
29 97 3
30 77 3
14 41 3
1 96 3
21 92 3
18 78 3
1 87 3
84 93 3
2 47 3
55 56 2
14 65 3
54 94 3
56 69 3
36 52 3
15 78 3
2 74 3
48 70 3
23 43 3
29 81 3
2 80 3
21 91 3
43 50 3
50 75 3
64 92 3
34 53 3
57 78 3
86 88 2
5 96 3
95 100 2
58 80 3
21 91 3
95 96 2
14 32 3
2 24 3
20 100 3
69 72 3
44 57 3
30 58 3
1 55 3
47 51 3
52 79 3
3 17 3
20 43 3
5 35 3
27 57 3
13 31 3
10 79 3
17 100 3
3 81 3
13 71 3
7 30 3
14 55 3
35 55 3
63 84 3
68 97 3
53 65 3
12 78 3
54 82 3
7 59 3
30 85 3
11 30 3
76 84 3
53 57 2
31 32 2
64 77 3
57 66 3
10 40 3
37 83 3
15 21 3
45 85 3
46 84 3
31 73 3
46 47 1
40 44 2
18 78 3
25 52 3
20 31 3
10 60 3
13 48 3
34 85 3
51 84 3
7 51 3
2 55 3
12 24 3
71 74 2
11 68 3
43 94 3
27 85 3
56 75 3
71 81 3
56 84 3
39 53 3
10 50 3
62 84 3
24 98 3
48 89 3
22 43 3
45 90 3
25 36 3
12 53 3
6 37 3
49 100 3
5 56 3
73 77 2
35 62 3
34 52 3
21 58 3
4 36 3
2 6 2
2 49 3
4 79 3
28 56 3
26 58 3
49 66 3
45 69 3
56 80 3
22 35 3
56 62 2
41 80 3
11 82 3
66 80 3
20 41 3
24 66 3
98 100 2
7 34 3
29 74 3
8 70 3
52 57 2
36 82 3
59 72 3
8 24 3
90 95 3
18 19 2
22 52 3
5 51 3
17 31 3
10 77 3
27 91 3
57 62 2
1 33 3
3 64 3
92 98 3
8 72 3
49 84 3
5 83 3
48 100 3
33 84 3
4 79 3
37 76 3
14 61 3
2 75 3
6 46 3
26 80 3
15 91 3
64 99 3
3 4 2
6 28 3
7 84 3
77 79 1
5 26 3
95 97 2
4 44 3
27 86 3
21 32 3
29 82 3
20 75 3
37 63 3
7 49 3
51 57 2
55 96 3
3 52 3
25 42 3
3 34 3
12 80 3
14 19 3
68 73 3
8 100 3
92 99 3
7 28 3
22 23 2
41 54 3
93 95 2
51 69 3
10 13 3
64 72 3
46 60 3
30 51 3
54 91 3
