300 299
00100100011110110000111000000100000001010000000011000000010100000001000010001001011110001001001001000000110000011100001001000001110011000010001010010100101000000000110101111100000011100000111010000010001000011110010000100100011111011001011000000000000000001000010001000100100000001100000000000001000
11000010010110001001110000001000000100000000100010001000100001001010100000010000010000110001100100001110100000011100011100100010110001100010000000000011001001110100000100011010000001000100111001001011100100100110000000000000010111000010001000000001100000101000000001010110000000000000110000010000001
00001000010000000111111001000001000110111101110001000110000000000000000000001100000100100000111000000001000110000101000010001010101000010000100011100100001010000111010001010010000011101001010000000000100110100000010001001000100000000001111000010001001110001001110001000000000001000000000100100000010
00100000011010001001110000000001011010111000100001010001100000010000101001010011000000001010001100100001001000010010100000010100100000110010000111101000001010110001100000100100000001111110000010000010000000001000100011011100000110111000000000100001000010000010100100010000010010001011110010010000000
01001010000100000001110000100000001000001100000000010011100000010000000000110000010001001001010001100000010000010000001100000010110000101100110010000000010001000100000001000101000011111100110001000000000010001001101000101000001000101000010001110000000000001100000010100001001000000101111010001101001
00010000000010101001011100000000000001111000001000110001110000001000001001110000001001001011000010000000010000101000001110000100010001101011000000010000011101100010011010001000011111111111100001010001000000010001111000000000100001000001001001100000010000100100000000101010000000001001111100000100010
00110000000100111110000011110000010001000100001010000111110110100110110111000010011010110000111001110010000100000010110010000110001000000000001000000001010000011001000110000110010011111100101100000010000110000001010011001000000110110001000100110011111000010000100000000001010000001000111001101100110
00000100001100101110000100000000100000100100100010011000100000100000010110000011001000010001111000110101001001001000100001100001000001000010000001000100001001001010001111100010000111111000011100000000111010101000011000000000010010001000001110001010010000010100001000000110001100101000101000000000000
01000001000001100010100000000000101001000000000000010100000001001010110000001001000111011010011010100001000010000000010001001000000000010000000001000000000110000000000001000100000001111100001000010000010001000010000101101001110010010001001110001000000000000000000000010001000001010000000100000010000
10000010100000000000001000101101001110110001111100110001011101000100000101010010000110101000001011001001001100000001001100001000000001100011011100111000100010100000011011000010001000001000101000100001000111100010000001000010100010000111111110101010010000000000010001010100000110010000000110001000100
00000000110000001011000000011000001000100101101001001111000101101100000001000000000000101010000000011101100100010000110000000010000110000010000100010100100000010001000111010111001100000000100100100001001000000100100001010000111011100000001000100000000000000000000000000111010110010000000000110110000
00001001010001110010000010100001100000001110000000000000000111000010000100010000010011000001010011101010000110010100100000011000000110000000000010000001001100100000101110001111000010000001001100010011111110100011010000000000110000000100000100000100010100010100000010000100000001001010000001010001010
00000000011010000000000100001001100001000000000100001001100000010000100000100110000111000010101000101000100100000100000011100010001010100011000000000011110010011110011000000111100000001001001011001110111110000100010101101000000010001000000000000010000010000001100000000011000000000011010010000000110
00000001010000100001001000100001000111000101010000110000111000000000101100001000001011110100000000000100011001101000010100100010010000000000100111000010100011001100010100000011101011100000000000000000111100100100010000100000000000000010010001000000100110000100100101100000000000000000100101001100001
10100100100010000010000001001000100000000100110000011000110001000000001000100000110000110000100001110100001001000000100010000000011000100000000101000000000010011010100000000100010000010011011000010010001100100000011010010000000100000010001000000011001011000100110001011001010000110000000000000010000
01101101000001100000011000001100100000100011000100001001001100110000000000000010000010000101010010000100000010100101010000000000100100001100000001011100001000001001100000000100001100000100000000001100000100010101110011010001000010110010001010111111100000000000000101011100000000000110010100000000000
00000111000000110000001100100000010100000000001101110000100100000000000101000000000101000000000001100000000100000010000100010000000000011100000110000010100000100011000000000010011111110100100110100000010101000000000100010000100010111100001000100010000000000010001000001000000001000000110000110110110
00110000000000000110001110100100001000011100000100001001100001000001000100110100000000010100100001000001111011110000100110000101010001010000111001010000010110100100001010100100000100000001100001010000101000001000100010000000001000010000110000100101010000000100000001101000110001110010110100011001000
00001000000010000011101000000000001001000000100010000100000000100011110000111010001100010011000011001110000010000001000010011000100000000001000100000100000011000101001000000010110001000000001010011000000010000010001100100001110001111000001000000000010100010000010100010000001000000111010001010010010
00100000010100000000010010010110101100010110010001000100010011000110000000111001000010000000100000111001010000000100101000001000110010001010010010010100000000100000001100001001111000000000011101000100100110111100000010011000010001000101011000100100000001001010000001100101000101000010000001100110001
00000000110001010101010101010001000010000100001000001101000100000010001010000100111000001001010000000101110011010100010000000000000010000000001000001000011100110011000011011010101000000111001000000000100001000100100111001000000100010100000111100000001000000001101000100001000111010100101111000000000
01010010000000101000010101010101000100100000001001001000010000010100001101010010010000101010000001100000000010000000000010100010000110111000010000000100100110000000000001000000100111000000110000001000101100000000000010001100001100101100000010110001000000011100000000000100001010001101000000000100100
11000101000100000000000000101010011100000011001001000001010101000000000001100001010000100000101000110100001010000000000000111100011010100100010001110000000100000010001000001100000100100001101100100000000100000000110010000010000100100100100010011110000000000010010000001000110001101110010100001001000
11000000000000001010001101000010000100000010000001000010000010000000111010001000010000000010001100110011000000100110100001000000101001001000000100010001000001000110000001011010010110001101000010000101011000110000000111000010000000000001000000100011001000101001001000001000000000011101000000110010000
11001010000010001001110100000001111010010000000010001111000000010010100011000111100000000000100111000111100010110000000001000010000001100001000010101100010000010010001010000010000001000000010000010001001110111001000000000000010000100000000000110101100110011010010110000000110011001100000010001000010
00110010000111001001110011010100001000110010101000000011100010000100010001101000010000011100000010000111100101010010111011110001010001100001011100000000100010000000001000100011011001000100100001001001001000100000001100000110110110100000011000100101100010000101010000010000111000101101010001001011100
00000000011000101100001010100011001000010001001000000001000001010000000001000001010000000010101001110001101000001001000011010001111000010010100000000100010011001100001100001010010110110001000100101010000000000100000000110010000100010100001010100000010000000001100001110101111000000011000001011001111
00000000000000100001000000001010001001101010001000010100110000000001010010000000110101000100111100011000000100011000000000001000011110000000011000101000000100000110101000010101000110000000000010000100000000000000000000001000011000100100011100000001000100001100001000000010011101010011010100000010100
01010000010000000101100000000000000000001100100000010110000000010000010101001001000010011000000000001000000001000110000011101000111100000010000100010001010000000110100101000000001001100010000000000001000001000000001000001001000000000010001000100010010000011000001000000000001000001000010000110010001
01100100001101000100000001110000000000100001000000010000000000011001001000010100110010000000100000000000000100000110001010011000011000001100000000010000101100000001101110000110100011110000000000000000001100110010011100010010000000001011000001000101010000000000000000000100001010000000000000010000000
10000001011001111001001000100100000110000000000000000000010011111001000000010000000000001100010001100000001110110100000000010011000000000000010010000010000100100000001101000100010011111111000000000100000010000100000001011001000000010000000100100000011000100110000010000000100000000100010000001000011
00000000100000001100000110000000010100100000110001000100000101111110100000000000100001000000000000011101000000100001100100100000000000010010001101000010000100010100001001010100100001110000000000100001010000010000010000000101101000010000100110000101011100001100011000000000000110100010101001000000000
00001000000011011000100100010100010010010010100001011000010000011000101000000000000000101111110110000100100010000110000000000110110100001001000100100111010101001100001000001000000001100000101011001001000001000000000000100101010100010000110000001010001110110101111100010011000000000000100000001000011
11000100001011111100000011000000000011000011101010001001001001001101110001000010010001000000000100100110000100000011001000100110000000011111000110010111000110000010000000000011000000111100000100101000000110010101010100000100000100000001100001000001001110100111111000000001100010101011000100000001001
10100000000111110000000001000010001001000011011111101000001100100100000010001001010100100100000101001000110000000010010000010101101100001011000100000111001101111000000010110011000001000110110001000000110100101000000100101000000001000000011000001001011101000111111100100000000001101000110010000000100
00100000010011100000100000001000111010000100001010100000001000010110010110101000010010100100101010011100000010100001100001000000001111010001001000001010010001101000101001000011001011100110101101000000010011000000110000100000000100001010100101010001111001001111111110100000101000000001000001011000000
10000010001010000000100111000010000110100000000000000100000110100100000000011011010010010000001000101110100111111011101011001000001101001001100001001000000100000000010001100101100000000001000001000101001000000100111000001000001010000011000011010000010010000111110110000110111000001100101010111000100
11000010000111100101000011000000000000010000100000111000000000010001010110100000101000100001010000101111000000000000111000011100101100100011000000001110000001100000100000101000001001110101001110000010101100000000010010011101001000011111100000010000000001001001000010000001111101001110010000011000001
10100000000000001000110000000000000101111000000100100101000100011110011000100110101000010000010001100111110111010001111100000000100001000000000000100001000110011000010011000110000000000000101101000000000100011000001000001000001000010011110011000010010010000000101100010001111010000001001010011110000
10000010101001000110010010011000000000110001000000000100000100000110001000100010000000010010001000000001000111010000000100000111100001010001010000110100010100100000010000000101001001000000000100100101000100000000010001011100101110000011000000000001011000010000000000000001110010011100111100001110000
00100011100110000001001100110001000000001100000010000000100001000000000100001000010010000000000000000101000011100100000001000000000000010001000101000000010001000001001000000000001000000000000110000010011001110010101000001100101111100010010010011000010011101001100000000000100010101101111101001000010
01000101110000000001000010000111000101000000110010001110000000010101001010101100000110000000000000000100000001000100100011000100010001001110000000100000000100100100010000000000111000000001000001110000110001110010000000110000110100011000010010111110001100000010010000000000000100000010111111000000010
10000001001001000101001100000000100000001000100010000010010000010111000001010010000011001110010001001111100000001000000000010100010000000000010000000100000011000000110001111000000101001000000000001111110100001110000000000010000100011100001110000001000110010001000001000000001110100000011111110001101
00001000000010001010001100001010010101011100011001010000100100100001000000011010010011111111000000000000100010000000001000101010000010100010000000101000001100100000000011111101010100000001000000000001101010100001100010000111010010001010100000010101000000111001000011101010110110010000011110000100100
10001010001000001011101010001001000010001100011000000100000011111000111000000010000111111111010110000111101100000000100001001000000101000110000100001111010010001101000001000010000011000010000110001010000001000000000101110000100001010000000000000001110001011000100000000010100010101010011111000000000
00001000000101000010001000000000010000000011000001000001010110000011001100000000100111101111100011000001100010000100110000010000110000000100001000001100000000010001000100000010111110100010010101101000100000001011110000100110001010000000000000100100100000000000110100101000000100000000111010001001100
00000100010101001000000000000100101110010000000010000010000000001000010000110000011001000001010111110001100000010111000000110000001100000100010001001100111010001000001000001000010010011000001000000000001000101000000000100011000000100000000001110111010101000000010000110000000000001010111010000000000
01001110001001010000000011011001000000000000010000000010010110000100110110100110000100010101000101101001001110111000010011000010010000000011000001101010100101001000100101010100000010011000000000010000000000011101100011001100000100000000000010010101000001000011110010000011010110000000011001100010000
11000000000000000110000000100000000101100100111110000110001100001000000000000010000000000001000101100000000001111000010000000010010100000000000111100000100000001100010100010000001001001000100000001000010001101010000011000000000110100001110011000001000000100100000010110001001000000101001000010000110
00010010000000000010100000101100000100100000000111100001010001101000110100001000010001000010011000000100000010110100100010100010000001000000000001000000010010101000111000001110100100000010011111001110000000001001100111100000010000000000111000110100001010110000100100000000010000000100000100000010000
00001101110100100000101100101001000100010000100000000001110001010010000001001010010000100000000100010000001000010100010000000011100000001010001011111010000000000111010010111000000001110100001000000000111000101100000111001000000001101000011001100100001001001001011010000001100011111000000000000000110
10100100001010001010101000001000011100111000100010101011100000000010110100110000011000101101100001000000000001000101011100011000110010010101000011110001011001111010000000000000101100010000000010100100001010011011100111111011010100011010010011100000101000011000000000101000100000000001001000010110000
00001000000001010000000000001000001110100101101000000001000000100000001000010010010101001010100000010011010000010000001010000100111100100000010101110001011101000000000000001101100110011011000000100001100010001010100010000000000000111000000001111000100000101111110111010010100000011110001010000000000
01000001110011110010000001001000100010010101000000000000000100110000001001000000000000010000010011010101010000100010000000000000000000100010010100001000111111000100010000100000000000010001000011100000011100010000000010101000001000010010010010000110100010000100000000000010000001000000110000011101010
10001001100001001000101011001010000001100100000010000001000101010011010000111001000000100010000010000001100010000101101001000110100000010001000000101000011101010000011100110000110011010100111001000001100000010001000010000000000000100000010000000110111000000010000000000011000000001111110000001000000
00111001100001000110011001001000100010000100010100100000010100000000001000100000000001111010000000100010000000010000001000010100001111010010000100111110001000001000000010011010010100000100101010000100011000001000001100110100001000010010000100000001110100110011110100010001000010000000100000011000010
00100011100100000100100100001001010100010000000000000000100100011000000011110001101101111000001000000010000000001110000100100011000010000000110001000000100101000001001011100100100100001000000111111000011000011111010000000000110000100000001000000100110110100010000101010001000010010000000000010000100
10010011111001100110110000001000000011000100000000100000100100001011010101100001010010011110011110000000010100000000000000101000000001100001000000100011100100101000000010000100000010000010000000010100000010110000100010100000101000000010011000000101000000100100000000001000010111001010110100000000000
01000000110100000000010000000100000100000011000001110101000100000111100000101100011000001000100010001101110001001110000011000001001000111001100100010001001000000010000011000000101000100011101110000101011100110011001011111000001010010000010111000000001000100000011000010000010111100100000010100001000
01010100100000000100110000100000001011100100000000101110001000000111000001010011100110111110010000011011010000101000000011001101010100000000000000100001000000001001000010101001110000110100001000100100010001000000100010000000011000010010010000100000000001101010000001110000000111110000001010001010111
10100001000000000010000011100010000000000000010000001100001100110101100100000001000100111110001000000010011100010001001101100000000001010101000000000010000010000111110000011001110010001000010010000100111011101000100010000001011100100111010000000100010110000100101011111100000010100011110000011000000
00010111000101001100001111010010000010010010110010010000000100000100010010001101011000011111001100000011000000000000101000010000000011000100010000100000001000010101100000000111111001100001100100010001111111100100001010110001000001100111010001110110000010011100101000100110000000010000100001100000000
10001110100000000001001000001000001000010110100100001100110010001000100010101100000000101110000001001001000000000000100010100000001111010000101010100000000100000000100010001000100010010100100101000011110011100100100011010101001011001001000000011010000100001000110011000000000010100000101100000010000
00001100011001110011101000000000011010000111101101000011000101000110001000001001000010100001010000001011001100000001010100010001001010110000000100100000001101010000110011010010100000001000100001000010011001001001000001000100100001010000110001010001000000010000000100001000101100000101011101000010000
11001000100001100000000000011000001010110011000010000011000000001010001000101000010001000100000001000010000010110000000101100100000000110010001100000000000000000000010000100000101000110010100101001000100010010001000100001010001010000011000111000100100000100001010010000111110101010011000000000010001
11100010001100100010000110000000010010110110001001000000010000010010001011100000010001001100001000010000101100010111000001001001010000000000000010011000100011001011100001000001001100000100000101000100000000100101001000010000010000100011100000100110100000010000000000100000010000011000010000010100001
10101000000011001010000100000011110000001111000010000000000011100000100010101100010101100010101000000000100000110010011000000001010010000000010000111110000000100000011001000101010000010001010000010010100010010000001000000000000000000111000001000011111101110101110101111100010000000010011100100110110
10000010000111110000010111110111100001111100110110001101010110010000000100001100100000000011001000110110010011000010010010010011111100001111100110011000010110100011011000000100110100000000001010000010010000100011011000000001111100101100011001000110100111110000011111111100001010101000111110001010000
00100111000001111010010010000010000010011110111000001011011000000000000110100000000000000000000011011001010000001000101100000000010000000000000100000000010000000011110000100100001111100000011100010111011000011000000010100000010011000001100001111000000001000000000100111110010000000011011110010001010
00010010000000111000100100000000100000000110000000001000111001100010000001110010100000100100000101000000000110100010101111001000000110100000000001011010010001100000000011000000001001100100010110000001000100000101101010010011000010000101000000111100010000000001000110001000001100000000011111000010000
10000110000000010000000011000101001000010011110100000001111000001100111010000110001000010011000000010010000011000000000000000100011010011000000000000000001010000000000100000000111001010000000010010000000000000010000010100001100111000001100000111100010001010011000011000000000110110010011100111010011
00000001010001001000001000100110011000000001000110000100100001100000000001000100000000000000000010000011010001100101010000011001000010111110011000010011000000101001011001000000010000001000001001011100010000110001000010010110101110010100010010011110000000011011111100001000111111000000000000000000110
01001100001100011100101011110110100000000011101100011110100011000100011000100001011000011100010000010010000011110000010100001001010100100100011000100010000000000000110010000000000010100100000000110000100100100100000000001000111110010001000000000011100100010011000000000100010111010000001000001000000
00000100001000110010000000100010000001001101000110011001000100010000011000010110000010001000000000110000000000000000000000100110111001000010100000100001010000100001010011100000010001101001000000100010001001100010000011010010111110110011110000000001011000001000010101100011010011000000100101110010110
00000000100010110010110000000000001100010100000000010010000010101010010000011000001000000000000011001010000100000000100100010000010010000010100010100100010101000100000100000100011000000000100000001000101000101011001011110101111011110001110110011100010001010000000010000000010000000000100111001000010
00000010100000011000000010101001011001100000001001011000000000000000011000001000010000011101100011100101001000000001000110000000111101000101000001001000000000000100100100000000010010000100000010001010000000000000000000000000011010101100101100000100000000000010001010101010010000010101010000000000100
00110000010001011010000001111011000000101010100000001000000010000000101100000010111000000000100001100000001100010110110011000100111000100000100000000011110010110000010001100010010011100000100000000000000001000000100000000010010000000001000011100101001000110000100100000110000111000010000010011000000
10111000001000010011001011110100100000000100010010111101001101100000000010010010111001101110000000011000010000010100001011000001110010101000000000000110010111000000001010000001001000000100101110011001000101000000000000100011100000000100000100001000010000010100010100010100110001001100000100001001100
01010101100110100100000100110001000100011110001000011001100100100100010001001001000000100011000000011000111110000010000001100001110110110001000110001101001100101110011000000000001110111000110010000000011100000111000000100111110001010010001010000010000100001010101001000111111000011000000000100101001
01000000000000011000001100100100001001110000000110000101000001110100110100000000010000001001001001101110000001010011011000001000110000000000000001000000000000011110000010000000001110001100000100010000010000001000101000100111100100111001000000011000010010111001000000100000110000000111100001000100000
10010110000010010001000000010001100100010000001000000010000001000010001011000000101001011100000000000000000110001100000001000001011011010110110100100000000010000101000001001000000100001000000001000000000110101000000101000111000100000000000010000000110001000000010111111100001100000100000100100100000
00110100010000101100110000011111110100000010100100101010000000010000000011000000000110011101000000111010011111000000001101100011000010000100000000110000001100000100101000011010000101100010100010100001100000001001000000111011110100000010010110000010001100110010001110100000000100010000100100000000001
10100110111010000010100000111100100000000000010000100100100010000000011100000001010000011100100001010110000011011000001001011011000011011000100000001010011001010000101011010010101100001100000010001100100000000100001111001011000001100011010000000000001000110100011110111000100001110000000100100100000
10010000010001100011000000111000001000101000001000011000010111010110011101000100001010001010111000000000000001110001100100000100001000100010000011100000000001000011010000000011000000011100000010000000100000001010010010000000110000000000110100000000000001010110111000101010000010000100001001000010100
01001001010001110110001101111010111100000100000100000110001010100001111100010100010000110000011110010100011000111000010111110000011001000000010011001011100010110001000001100000010000001010100000000100000110000010000000100000001100000110001000001000001010001000000001000000100110010010001000101100000
00110001110000111100001110011000100001010010000000000001000000010110111111100000000011001010111000001011000010010000000111001101010010100100000011010001010010010010000000000110100001000000011000000010101000001101001000111111000111010001000000110111001110011001010101101000010010000000001100000010010
00111111000101010000000100100110101000001000000000000000100000110100100001001000000011000001010100010000000101000100110010001000100000100001010001010010000010110100010011000000001101010101000010100100010011101001110100110100000010010100000000000000011100000010001000000001001000100000001001010000000
00111110010100010010001000000010100101001100010000110000000110100010000100110000000000000000000110111000100001100000001000000100111000001011000000100000001000110001000011100011010000000000010001100101000000010000000000000011000001101111000100001101101000011100000100100000000000000010001111010110000
00111010001001000100000110010101010000000101000010000101000000110110100100000100010000010100101100100000001110000001010100111001000010111000001000100101001010001000101011100010001010001100000010000000001101001000000110001011101010000101010110111101000000100001110000000111100000010000000100010001001
00010000000010000001101000001000000101100000001000000011100001100000001100000001000011000011110000000011100000110010100000001001010000000000010010100100000101000000100011001001100000001110010010001001010111011000110000000000001000000001000000000100000100000011101110000001101000111000000100010011110
00111010010111001100000100100000000000100010011010000011000000001011100000010100011000101001100100000001000001000100000101010010100000010001000001000000001000100001101000110001011100010001000100101101000010000000001101111000001000000011100100000011111001001000000010010100110000000010010000001111110
00100000100100111010000000100001010000000000010110001010000010100101101111000000011000000101000000101000000001000000010000110110001100111000000000001000000000010000000001010000010000000001000001001100010000100000100000001011101011101001110000010101111010000100101100010010101000110011000000000111000
00101000010000000000111100001001000000000000100110010000100000010000011100001010101000001001001010000001101100000010010001010011110000110000100000001101101000101100010010001100000001000000001010100001010110010000010000001001000011100001010010100000110000000100110000000000001000000001010101000110100
00001000001000111001000000011100010101101010000000000110000001010000000010011010001000000110100010001000101000101001010010000001000000000001111100000000010000000010100001000001100100001010010010001010000000000100111000100101010000111000000111001001000001101000010000100000000000100101000000110000100
11000101000011001000001110111110001000010000110000100000000000100101001100010001000000010100000001101100001100011000011000100000000010010000001010100010000100000001010100101000010000001110101010001100100000001000010100110001100000100111000011100000010011100011001000001000000100001010010100100100000
00000010001001001000000001000000111000000011100000000000000000000010000000100000010001010010000000100010101000100001001000000000011011000001100010101100110000001101000100010010010100000000000000000000001000100000000110011000000101100101000101100000000000100000010000000110101100001000010110000111110
00010000010000001000010000010000001000100000000000001001011011101110001000011000011000001000000001000001100000001000000000100000000011010000101000000011100111000100001001000000000001010000100000010110001000101011001000111010010000000000000100100100010001000000000001101011010000000001000101001000000
00000100000001001001011001000001000010000000110001001000010100000000101101000011000001000000000000001110000000000110001001011010100110010110001101000000000100000000010100110101000010000011111100001010101001101000100010000100000010001001100000001100000000000100100100000001000100000110000000100000111
01001000000100100100111010100000000000000000010000001010110100000000100000001100000000000011111000010000001000000000010000001001001011001100011001010000001000100010000000000100011000000000111000100000000001101100100000100000000010000001001111000001010000100100001000000000000011100110110001101110000
10000100001100011001011000001000001011101000000000000000000000000010100100000100101000101011100001100000100000000011100000111001110010000100000100000010011001000000100001100100010000010110111000110010001000101000000001110010010101110000001001100001010000000010000000001110010001101000000000100000010
00001010000000001011000000001011000100100010010111100000011000101000000000001000011100000100000000000000010000101000000000011010000010110101000011001000000100000101000000010000101000000100100010001010001100001001011001010110000001010010001001100000000100000111001000000001100101000101011101000110000
00010000010001000001101000001011100010000001001111100001001110000001000011001000001110100000000010101000011001101000000011001000100001011100001000011100100000001110001000010010000010100100111000000000101000001000100000010000100001000110101100101100110010001000010000010000010000010000001010000000000
11000000000110000100001001010000110010101101100011101000000010000000101110000010001100000101011000001010000011001000001010000101001100000000001000001000010000100001000000000100000101001000001000000000000001010000100000110010001010001110000000000000100100001001001100100000000000001000000001000000010
00010100100000100000001010101110010100000100000001000000000011001111000000011000000111000000000000000100001010110000001001000100100100010010000000000000000001000000010000100100001000010101010000000011000000100100111010010000000000001111001110001001110001010000100000000000100101000000001100010000001
10010001110100000000000000001000010011000000001000110010000000001001000111000000000111010010000000000000000000100010000010000100001000010011100001000001010010100110001100001110000000000100010011000000000000000010001000101000101100010000011000000101100100000001101010000001100100111010011101001100001
10000001110101000110110100100010000100100000001010000110000110000010010010000000101111000100100000000000010000000000100110011001000000111100001001001011000100101000001000001000010000100011000100101101000100101101000000001010100100000000101010110100000000101010110001000001101110011100001001000001000
11001111111111100010000100101010100000000001000000000010000000001110001110001000001110000011000000100010000000100010100100100001000000000000110100001001011000000101110000011100100000001011000000000000001001101000010100000010110000111010000000010100000100010000000010000000011100111110100011100001100
10001111111111011010000000000010100000011110101110100011010101110110010000000000100000101000001000011000100011010011010100011000110100011100010000110000001001010000000100001001010111000000100000001001000100100010000000101000100000011000010100001001010101100100001001110000000011111110000100100110100
00011111111110001000010101010001010000000000100000001000100000000101000001110011000110011010010010110000001010010000001000000000000000000000001100000011101001001110001000001001010001100000001000000100001101000010000101000000011000011110010000001000001001000001100001000011100011100010000000010100010
00001111111010100011001000010011000010010010010000000000111000000000011011011000000010101100000111010000101000000000000010111010000000000001011000000011000100000001100100000010000010001101000000100000000001100010000100010010000010000001000100010100011101101010000000000001111001000001010011001000000
00000111110000001001100101000000110100000100001011001001000001100100000000001000010110001100100001011000001101000110010000100111000101110010001000001000000000000101001000100011110000010100001010100000111001110000010001000000101000000000000000000000001000001010000000000000100000011011000100001101000
00000111111000000000100001101000001101000001110100010100100010000010000110101110100010000011000000001000010001110001011001000100000001111100000001010100011010011100110000000000110000100000000100000000100000111100000000110000000100000000010001000110000100000001000100000000000011000110100100101011010
01000010000110010010010001000001000001100100100100100010010001001000000011000010001100100000000100010010011000010011000100010000011000010000110101100101000010110100000000100001010111101010010100001000000000000001101101000010010010001010000100100000100110100000100000000000000000011010000010001000011
00000001100100100110001100010111001000000001000010000101101000000010000000010000010000000000000000001000000001000000101000000000000100010001100000000010011111110011000010010101000001010000110101111011000110000001110101000011110000001000110110000001001110101100011000001000100100110000000001111100001
00000000001000100000000010010000000000110000000100001001101010100000000000000001001010001110011010011100100100010010010000000100000000000000000000000100100000001010000000001101100100011100011110000110100000100001100000010000100000001010100101000110011111111110101000000000101000001000000100111100101
00110000001001000000000000100010000100000000000000100010000110000110010000001101001100100000011010011000000010001000000001010001000001001000000010010001000000100000000010011001000001010010000001001110100011000000101010000100000110100010001001001101000011111000100000000000110000100000010100010000100
10000001000001101010110001000000001100010100001000001010110010000110100101010001100101000001100000001100011100000011100100000110010000110101000010000000010000000000110100100000000101111001000000000000010000000001010011001000000010000011001010000001011000111100000011010100000111101000000110100000000
00001010001000011111101100010000000000000000000000011000100001000001110000100100001000000000000001000001000101011011001000000101010010110100011011110001000101001001000101010000000000010000010101100100100000000000000000100100000001010010100011010000001001000101010100000001011101001010000010000000110
00010101010000000011100110000001000000001110101001011000000000000010001100101000001101000100010010110011010011101000001001010000000010010000000001100001000000000101011001000000010010010010111100010100001011000001000010001001001100000100000001000000001100000101000000100000001001001101000010010000000
10000000010000010001000001000000100000000001100100001001010100010000000010000001111000001111010010000001100110000000010010000010100000100000001101000000011001001000000001000000100011000001110001001100110000100010100100000000010001101000100110011001111001100000000000000100000000000100000001001010100
11000110010100000100110001101100001110001111000010100000010001001001010001110100100011011111000100110011101101111000100000010010000100100110000000000011101010000000110010001010011010001000000001000000001000110010000111000000011000110000010100000100000011100010111000001000000100000000010000011000100
10011001000011001001000011001010000000000001100010100000100100001001010000111010010000010000000000000100000100011100011000111000001001001100000110000110000000110011000100000000000001110100011010000000110100000011000100000001100000001000000100011100001001000000000010000001001111000000110100001000000
00000010010000001100000000010011000010011000001100111110000000100000000000110010001011010000000000100101000000111100000000000011001100000001011010001000000100101000000001100000001000010010000001101010000100001101000100010010000000000000010000000000010010001001000110001000011000010001011001011100101
00010000001100101010000100011000010001000010000000000000001001110000000000000101111111110010000110000001001001001010000000010100110100000101000001000000101011100011100000010001100000100000100000110000101000101001000011010111000110000000000000000000110001000000101000001001000000000000001000011101000
00000110010010101000011110100000010101011000010011000100000000000001110100100000111111110000001010000010010000010010100110100000100110100011110100000100000001101001000010000011101000000010010110100011000011000100000000100011100000100100001100100100110011101010111110110000001101110100001100010001000
01100101000010000000000100000010011000000100001100000010000001000100000010000010111111101010000010110000010000000000000000100000000000101011110100000000000010001000001000010000001011001010110000000001011110000001010010110001000000010100001010010100110111010011001000001001010100010001000000001000011
00000001010000000010000001000000000000011000100010000111010000100001000100000000010001000011010000001000100100100000000000110100101000001001100100000000000110000110111100011000110001111100000111000000111000000011101000011000001010100000110000000000110010001100000001000000000011000011000000010001111
00100000110000101000000101001110010000010001000000010000000001100010000000000001100000101010000101000010000001000000100000100000001000000100010101000001111100001111111101011101000000011100001010001010000010011001001000001001110000001000001001010010000011001111000110100100100000100001100000110000110
00000010100101101100110001000011011101001000000010010101001100011000110000000010011000100010001000000000101000010001000001000011100010100000110000110000011000000111111001000110100111000011000010001010000000000100001100001101100001010001100110001001010000001001000110000101110001001000110100000110000
00001000101000000000001101011000100001000001100000110100001000000000000100000010010110000110010000010001100001000000110010010010000101000010011000001000111000001101110100010000000000000100000000000000011000100001000010010001110000011011101110010000000100010010000010000010001110001010000000000101100
01000101101001110000010000010011000011110010001010000010110100000000000110000000100010000100010010000000001010000111100000000001001100000100111100000000010001000100000000010100100100000110100010000000100100000000100100010000011001100010100100001101000010100100000101000000000110000100011000000000101
01101010000010100100000001000000001100101011000000001000010011001000100000010100000111001010001000001000011001001001101100101000001000001000111100100000011010000000010000001001000011000000001000100000010100100001101101011001000100000100000101110000100010000010000000000101001000000000111001100000101
10100000000000110100110111010010000000001000110100111100000000010010001010001001110100010001010001000101100000110000000010101100000010001110001000010110001100101110110000010010000101100110000101001001100000001111100011000000000000000000000011100000000100100000000000110010101110111001010111000100010
00000000001001000110000011111010010000000100110010000000010001110000000000101100000010100000101001001011000010000110000100010000001010000000100011000000001110000101110000000001010000000000000001100011001001011000100100001001000100110010010000010111111111000010000010010100010010100011000000000101000
01001101000100000010000111011000110100000110000110001100000100011100000000111110000100000001000010001000000111001001011100000010010010010100100000110001011111100000100100111100010000001000110000010001011001100001000100100111101000000001000011000100010111001110100000100010001000000001100000000010011
10000000100111000111011011000000000000000100110010011001001000111100000100111100000001000000100000001000001111000000100010010000100110001000000000010101010011000010000001001000000100000000010011010001000111000000011100000101010100000001001100111001010010001000011111000101001110100101100000001011110
00010010000000000000000011000010001000000000100010011000000011011011110000001010100000010100000000010010011110010110000111011101000100101110000000001010000010010000011001000110111000001010011100110011001001000000011000001000000110011110100100001110000001111100000011000001000101111100001000001001100
00100001100110000000000100100001011100101100100001100001100001001000110010000001000001010110010001000010001000000010111010010100000000001000001001100000000000011001111100011110000000011000001001000001000100100010011001000100010000110100101100000001100010101011001000010010000000110011100010001000011
00100001101111001011010010110011111000010010001001010001000000000011001000001000010000001101000011001101000110000000000000110111010001101010000011001010011001010000010000000101000110110100111010000000001000101000011100010000100100000001101000000000101000001000110010011101010100000100111000000010110
10011010100110000001000100010000111000111000000000000001000111000010001100100000100100000000100000000100000100001000100111010001000000001001001110110111010000100100000010010001111011110010101010000100001000010001001010000000010011000100110000000101100000100000000100100000010000011001100000000000000
00001100000001100000000000010100110000000101000010010000101000000000100000001000000000000000101010000100000000000111000110000000000000000111111110000000110000010100001000010001001001110010000001000001100000000111010010000000100100000000100000000100000001000001100100000000001100001011110101000001011
01100010000000001110100000100010001001001001010001100100111000000010001100000000101001101110000000000000110001100001001010001100000100000111111000000100000010100001100001110001001000001000000000001100101110001000000000000110000010001011111100001100001000001000000100000100100010000011100010000010000
00100001010000101011101010010000000011010000000000001100000010111100000000000000010000110000100001110100000001001100000010000100001001000011111010000010001000100000000010011000100010101011010001001111100000000000000110100011001001000011110010000001011000000010001100000000000000000001111010010011000
10000010000100000010001011110100000000000001000000101000001000011110011000000000000011000000101000001000000011000000111000001000100000001000111110100100100000011000010000100000001010110010000001000000110000000001101100011000010000100100001000001111000110001000000010011000000100000000000001100110000
10001111110010111010011000101010001000101000100010011010000101000010000100000010000100000010000010101000100001101010000000000110001000100101111111100001010100010001001000100001010100001100011101011011000001001010111100001011011010000000100000010000010010000011000001000011101010000100010100000101110
00000001010000110100000001100010100000100000000000100100000000110100100000100100011001000100000110101010000110100000001000100001101010010101111110001001000110000010000100000001010000000000110100100010000000001000001001001000001110100000100001000000000000110011000011011111000000000101001001100000010
10000000001010000101010000001010100110000001000001101100000100001001110000011001000001110011010000100000000100011111000000111000000001100011111101100100000000000111000100101110010010000000000010000001000001101001010111000110100010100010001001010001010011000001100000000010000000001110000000110000110
10000010010001000010000000011100000000010100000000001011000001101111111001000001000110001100100010010010100000001111000000111011010000000011111100001011110000011011100110000000010010000000011001101100100001000011000100100000010000100010100000010100011010000010011110000011000000011100000110001001000
01000100000100011000000000001010011000010000001100010000000100001001110000001001010000000000000010110110011001010011000001011001110010111000011000100000000110010001000100110100001000000100001000000101010100011010101110000100011110010100011000000011100100001000000101000000001000011000001000000011101
00000000111000000101010110100010010000100100100100000000001100011100100100000010010000001000000000000011101000010000000000000000010001100000000000010010001111100010001000110011101000110010000010011000011101001000100100000001100000001100001101001010001010000000010000010000000000000010000011101011000
00100001000011001000001000001100000000000110000011000000000000001000000001010010001000010010000000100011000011111000100001000011111100010110010101000000101111000110100010000001000101000000010000000100000001000010010101011010000000000100000010000110001000000100101010000010000001100010100000000001010
00000000001000000000101000000011100001000100010111101000000101100100000101010111100110100011000101000010101111110000010000101111110001000000111000000010000110011000111000101101100000000100001000110000100001010000001000011100000000110011000010010000010001010001100000001010010001001011010010010010000
01000001000001010111001011001010100000000000000001100000100011100000001000000001100000001001000100000110011111100000111010001111100110000100011010001011100110000000111001010000001000010101100000000100010100000100100110000010000101000111110100000001100010010000000101000011001011010001011010000100000
01010000000100101100010000000010000010010000100100001001000000000101010001110000100010000010000000001000111111100000000000000111111101100110001100001111110000001000010000000110100001001000000001000001000000000011000010000010101001000011110000110011101100010001011000001000010110111000000000001101000
00100100000100000000000000100110110100100111000001000111000010000101100010010000010110100001100000000000110110010010101100010110111000000011100000011111100010101010000000100000000000001011010110010010000000110100111010000000001000000000101000000010011000000100000000110000010000010000110100011100011
10000010000001010000100010001000000000001011001000110000000010000000010110001100000010001000000111011101000001000000010010100000010000001001000000101011001001011111101010100111010010000101100000000001001100100010000010100001000001100100001101110101000101010000110001001101100001001100110000100000010
00101000000010100100100001101000110001000001011101101000001100000100010000110000001001010010100000100100001101000001010000100010100100000000000001100001000000000100110000100000010101010001000101100010010000100000101001110110110001100000000100100000000000001001000001100010011010011101111010001001100
11000010000000001100000000010000000001111110000100001100000000000100110111100100100000000000000011001111000010000001110000000001011100000000010100000111111010010000001111010010000000010100001100000001001100011001000000011000000000000001000101010000001001010100000000110010000011111110110011100100000
00000001011000000000000000000100100111111100101010100100000000000000000111100000000000110001000000011100000000111000000010000010000000000100100100000001001000000010100010000000100001000010000010010110001100001100000100100100000000001000000010000010001000000000110010000111000000111000101000000100001
10000000010000010011011000100010000000011000000000000111101000010010000100100100010010001100100010000100010000110000010001001010110010101000100001000000001000100100101010000010110001101000000000110100100001100100000000000100000111100001000000000010001010000011111000011000000101111000001011100001111
10001101101000010100100000000110010010100000000000111000011100010100000000000100001100001000000000011100100000000000001010000100100100001100000010000010010010000001100000001000100110000000000000000000001000000001100001000100000001000000110111001000000111000000100110000000010100110000011010001000111
11101100100000000000000000011010010000010100000000000101110000000001010001000011000111100001100010000000100000011111110000000001000010000100000000011010110000000011001101010011110100001110000000000100000001000010010010010010011001001100001000101000011000100010100000101110000110001001000011001101010
00001000000000000110100101000010000011100101101011000001000000000000011100100100000010101010001001101000001010101000100001100110100110000010101101101000110001000111000101100000001001000110000110000000001000100001001110001000000000011100000110000000011001101000100010101000100001110001001000100010010
01101110101000000001110000000000000000010001110000000000001000000000000011000000001000001000010000010000000000000000010000001110001000000000000110000101110001000011011100100100000000100000001000100100001001000000000000100110010110111100000100001000001000111000000000001001000000100100000101111000000
01000000001010100010011000110101101000000000001000000100111110101110011100000001000000110011100000111000000010010100011010000100010100001000100000000101010010010111111000000000000000000000100001010000110101010101010010000001101100001000010000001010000000010000001010000100010011000011001101010000000
00110100110010000000010000000001000000000010010010000001000001010100100011110010000000000101110011111000100000100000000000000011100011000100011000000101011000010011010001000000000000111010000100011111010100010011110011000110100000100001000000010000000001010000000000000000110010000000000000000011010
00000001110000001000000010111100000110000110010001010000101111000001101111000000000000001001100011111010001001000001010110010010101100110000001000010001001000001110001101000010011100001010011000000000010001000111000001000000100100010011000010010011011010011110101010010010000010101000111010000100000
10000010010101000010000100011000010111000001100011010010100111100000101000000100011000000000101001111001000000000001000001000000000001100000000010000000010100010010100000100100011100010000111000000010100001010100001101000000000100000100001010000000000011000010100001000010001010010010010011001001110
00000100000001011010000001000001011000000000010010010000000001100111100001101110100000101100000011111110011011111100000101000001000010000010000000010111000010110001100001001110001000100100100001000000110000001001000000001000000110000010100000001000100000000011110000010010011110010000000001100100001
00110010010000000011000011100001101000010000001111010110010111000000000010011100000011001000011101111010000001100000110000110011100000001000000111000010010000010100100100100111000010001000001000000001100000111000000000000101111011010111110001100100010100001000110000001000001000100010001100010100000
00000000011101000010010011010100000100010010111000000110000000010000000110011000100000001110001100111000100000010000000011000000000000000010000000000100001000000001000000100100000000000000010011001001111011000010010101010111110011000011110111110000000100010001000100000101111000010011000000101111100
10010001111100000000000100000010010000000010100011010100010000100010100100010000000100000101000100011001111000001010000000110011010000000111000100001000000011010000100001000110100110010011110000101000100001000100100010000011111000010101000000010001100100000011100000110101000000100100001110001100000
01010110000010010011000001000101001000000000001101000000100010100111000001000000011000110100010010100101110000010000000000100100000001000001000101010110000011111110100000000000000000100010000000111010011000000000000000100001110111001000100100010110001000010111000111000100000000010000101001010000001
01000100000000000001000101001000011000000000000101000000100101000010111100101010101100011000010000110100110000100000100000001011100101000011010011100001110101010001100100001000100101000100000100111001001000100010010100100011100000111000000000001000000100111110010010000010000001000100110000101000000
00000000000100100110011000011000100010110000000001000101001100001000100000010010100011101010000000000000001101101011000011000001001100000011111001001110110001000011100001000001000000001001011010010001010000001001000101000100101100000000011010110010100101111110001010100100000000100101100001000000100
01110010000000100000100110011011000100000000111001100110100001110010100000110010001110000010000110100010010100100000010110101001000000000001001001100000000011001000001000101001100001001011010000010010000010111000001010000110000000010000111111001000011101111110000011011000101000000000000000001000101
01011000110010000001000010000000000000000010000000100100000110000000101000111001001100000000011000000110110000000110000000000000010000010001100000011001000100110110000001000000100000000000000100000100000000111001010001100000011000000010000000011101000001111111101001000010100010100000000111000000111
01000100000001000000000100000100100000110011000100000010100000000000000100010000000000000000000000001010010100000000001101000011100010100000001101010101100100000000100111000100100010010110001100010010000000110100010110001000011100001001000100111100101100111110001000000000001001100100000000000000111
00001100010000000001001000000100000000011011110000001001000000110011000000000010000001010000000000011000000010101000100110001000000000000000000000010010000001100100010000000000000101100000010010001000001011000011000000010000000000001010011010010000010010011100100010001100000010000011100010101010110
11010000000010010101000001000011000001110011001000010001001000001000000110000000000000111010000000100111001000001000001000100100000000000010110001010001010111001000000000010100001000000000000100010000110000001010000000100100000001000010000001000100000010001101100011100000000001011001001101000001000
00000000011011010000110000100011010010001100010000000011010100000000000001010000010010111101000001100001010000101001000000110100101100000000110010000001100010100000011001011101000100000001000001000000000000100100000111110010100001000001100000101111001111101100000010000110101100001000011100110000011
01000000111100001000010000100000010111100100000000001000010100000000100011000000010000110100010000010100100001001011011011110000001001001000001000000010010000110000010000000011001100110000000010011001000001100000001101000100101010100010100000000111000000001101000000110011000100110000010001001000011
00110011111100000010000010110000001010000000001100100100010000101101011001101101000000110000100010110000000010001011000000001010000100000000000010001001011000000100001001100000100001000011110010000000000100011101100101000101000000010000011100000111100000011010000000111000001111111110110000100000001
10001000110011100000110000001110111000011000010011000010010011101001000000011101110000000101001001001100000000101001100010101010000000010000010100010110000010110100010011010000011011000100000000100001100101101000000100000001100000000000011000001111100110000000101000000001100100111000101000001110000
11000001100000101010000011000010100010001010000000000000110010101000000010111111111000000010000000000001000010010100010000000010000001011000010011100011100011010001000101000000000001100000011000000011111001000010010100000101001101000100000001000100100000000011100100010001000001010101100000110011011
00000001100001100000010000010001000011101011011001000000010010011100000010011111100001100110100000010001000010000000000100111101011100000000111000000000001001000111000000010110000000000000000001001100000000000000000000010111111101000000100000000010010011000101101001001011100100000000100110000100011
10000110000000000000010011000100010000011001000100000000100110111000000000000111010010100000010000001000000000100100010011001000101011010100010001001001000101101110011000011001000000100111101101111000010001001000110100000001001101001101000000100011000111000000000000000000001111000000000010000000000
00100100010000010101100001001000000100010111110000001001000000000001001110000010001010010100001100100100101000000100011111000100000001110000000011100011001001101100010101001001000000101011001100011001000000001001111110001000011001100010110110000011000101011010000000010000000100100001000010000000100
01111011000000010100001000100000010001010100000100001010100110000101000001011001011100010001000000000000001010000000011110000010001000000010001000000011011010001000100000011100010000000011100000110000100000111000111100011100001010100010111000011001010000000011100000001011000100000000001111001001011
00011000000100101011010001101010110001100100000001101000000010100100010101000101001000010000001010000010000010011100101110110000000000100000111110111001010011010001000110110000000100000011011010000001000111000101111100011001001000001110011000000011000001100110000001100000010100111000101110001010000
00100000110000000001000101010011101000000001101001000000000100000100100000000001000100000000000000100001001010000110000110100000010011110100111001001000001110000000100000000100001110001000010010100010010000100100001011010000100000001000000100000100100010001001000000000010000000001001001100000001000
00010010000100000000100000001100000000010000000000110010000100011100100100000000000000000001011001110010001000001000000001000100000101110001111000001101100000110000000110000110010100000000111000001110001001100000011001101100010010100010100010010110000001000101001000001111000001100010110000100001000
00000000001100101110000011001100001000101001100111110001000100100000011000010100100100000001000000000000000000011000000001000001001100101000000011000101100000111001111111010000110010000010111110110000010110010101000000001010000000000001001010110110000001010000100000001010101010000010000100011010000
10000000000001000111101001100000100000000001110111100011100000000001001101100010101101000011000000110000001000100100010010111000001000000010100001010001100110110000100110010000001010000010001000000010000000010101000000001000010001000011101100100110000010000110010001000000000001001100001010100001000
10100100011000000011000011111001100010100011110011100000100010000000010010110110000000000000011001000010101000001010011000000100000100010110101000000011100000101000001000000000100000010111100111001000000001100000001001110010000110000111100000000110001000010000010000000001011001000001100010000001001
10011111010000100001011111110110000111001101000100000010000101000000000000010010111000011000001000100111000001101000000000000101001010111001110000000001001100000011100000001000000000000111000000100110000011100000100000000010010110010011100000100000000010100000000010110100010000011000000001010000000
10001001001001110100100000100000001000010000001100100000000001000110000100011011100001000000011000010010100000001000100111110100000010100000001010100101000000001001101010011000010001010001000000010111000011000000000000100010110001001001000000000100010010011000010011010010000001001110010000001100000
00100000000010111000010010001001111001000000011110101000000011101000110010001010100100000001000100000000010000000011100000001111010010000010010000000001010001010000001000001000000010001011101001000000001001010011000000101000011011110000101000100000011101011001000110010100001000001100000000100111001
11100110101000000010001000001001100011000000001001100110000101000000001001100100100000001011000100000100010100001001111100000100000100100100011011010000000000000000000111001111001010001001001000010000000100000001000100000101000001000010001000000000010101001101100110000100011000111100001010101010000
00000001100000000010100000000100010100101000000010000101000000011000000101001000011000000011000110011000000000001000111100100000000100110101000000001000010000101001001100010100000110000000011111000100101100000011010101100001000000010001010000100001110000000000001001000010000100000010000001000000000
10100001011101000010100000000110110100000001000000000001010011011000000100000101000000100000000010000110000100010000011001110001110010100001001100000010010010001010010001100010000010000000001011000001100100100111000000100100110110010100011000000010010001110000000001010000000101000000101100100000101
00000000000010010010001000100010000100011000000000110000110000000000000000000000001011000000101010000011000000010000010101100000001001000000001010100000010000000010000010000000100000000011100000000001100000101010100000000111110000001011001000000101001100000001110011100000010000010110110100000000100
00100111100000100001000010011010000000000000110000001000100000001000000001101000000000000000000000000000001000001111000011011001000001000110010000101000100101001100100000010000010100000000100010110000001110110000100000100000000001000000001110001001000000100000000100000100000001100010010000000011001
01111111111110001100100000010100100001100000001001101010011000001000000000001100000110101001000010001010001010110000010010010000110000001000000000100001110010000110000110000100000001001000001000000100000110000011011000000101010000000010100010000100000001101010010111000100000000000000001010010100111
00111111110000000000100000010100000001000010011100000000000000111000000000000010101110001000001001000110110000110001000010000010000000000000010000100100000111010000110000101100000110000101010000000011100010010100000100000000001000000000000100011000001000100000011000000000001000100001100011001001001
11111101111100100100000010010001100110000001111100001100001001100010111000010110000000010010001010100010000001001100000010001001000000000010010101000001001110010111101001000001110010000000000001000000000000000100000011000011010001110000101001101100011000001101000001000110000100010111010000000100010
10011001000100100000000100000010001111000010111111011101000100101001001001010010000100000000010000100100010100100010000010001101000101000000000010000000001110000111001000110000010001101100001000010000010001000101000001010000010100110001000011001100000110000010100011010100001000000000000000010000010
00000000110000000100000000100000000111001010011110000011100000010000101110111001000101001000000100011110000001000000000100011000100001100010010000101010011110000010011000000010100010010000000100110100110010010000000010000101000000000110000001100100001000000000000000000001111010011110110000101001001
10000000110001001110001000001000000010100000011000000100001010000100000000000001101010100000000000011110001101001000000000001100111101101001011000100000101000110010110101010000100011011010001000001000010011100000000010010011101000010000001000100000100000000000000101000001111001001110100101101000000
10000100000100111110001100011100011100000011101101011000001010000100100001000011000010100111000000001110000000000000010110001001100011111110001001101000101001000100010010010100000000000100001000001101011111000000010000000001000010001000100000100110110100100000110011000000100010000111001001000001011
00000001000000001100000101001000000000000000000001110000011110011011000000101010001110001000000010000101000010100000011000000101000111000011001100000010000100000110000010111001011001000100000101110000000101100000101001010000100001001001010110101100110001000001000000000010001100001000010000000001010
00000101000000000100000001100000101000111000100000000010000000011001001110000001000001000000100001010001000010110000001000000000000100000010101100000000110010001000000111110001101000011000001000100000000000001000000000100000001000010000000001000100100100010000011000100000100100001100000000001000000
00100001001000110000001110000001010100110111000101010010000110001000111000000100110000000111000100110000001100010111101000001010110000010100000000010000000100000100000010100000000000000111000000000101000001001000100110011001010010001000000001010000000000111010000001000000000001001010100011111101000
00000000100000001010001100001100000100010000000000001011100000000000100101000010000000001101000000010000000011001011000011000000011101101101010011111000000000000001000010000010100011001010000010010010011000010100000000010010000111111100010001000000101000011110001000010001001000100000000000011000000
00010000101100111100010000001000000000001000100011100000000010000000010000000001000010000000011001010000000001000011111010000000000000000000000011100001010011000000000101010001000010010001010111000000111010000000010010001100001000101111001000010000000011010100010110110000000011110111010000000000100
10110001000001101110000001000000000001100011110100000001000100010100010001101110001001000000010001011001010010000110000100100010110000011011000001001000000000000010010001001100010000000000000000000001110011110000000100111110001000000100010011100011000100000100000111001111110000100101100001011000001
00000011010010001100010100000100000100000001000001000100000001010101001111000111000111111000101110010000000000000010000000011100000000100000010111100010000010101000000000001000110001101010000000000011100110111100010000001110111000010000001000000110000001101011100111100000000000010000000001001111001
10001000000100110100100000011010110010011110101000010000001000011000011001100000101001000000000001000110001000010000000001010000100000100001100111100001100100001010110011100000010010110000100101001011100000110011000110000111000000010000101110100000010110000000000111100100010100000000100100101000000
00000000000001110100000010000010000100110010011110000010000100001110100000000011000000100011010000010010000000100100010000000000001100001101110000010000000010010000001011100000000010010100001000010001111000000010000000000001010110110000001000001000000000011000110001000001100101010000100011100100010
01110000100001110000000000110100100000000010101100010100110000101010101001001000000100101000001001001011010000000001000001000010010001100100100011100100010111011010110011100000101010000100000000011000000010000000100001011000000000001010011000100001000010000100001100001000000000011000001000100100111
00100000011110100000101100000000000011010000100001100100100000010010011100001010110000010000000001110010100011100111100111100000010010001000000011101100000001010000100001010100010000110000000100111000001111010010100000001001010011000010111100000000101010100000110010100101010100001000000100011000010
01000000011100000001000100000101000100001110010111110001010000010100001000001000000101000011100001111000100000000101000011110100000001000000101001001000000010000010000010000000001000000000010000110100101111111001000011011101001000000000010101001000101000101000110000000100000100100100001100100011000
10110000001110010000001000011010000011011111001111110000000010010010101001001100000000000000000001100011100001010001100111100111101001000000001100001101000000110101000111010001010010000001100001000101000011111000000101000000100110100000010000001010100000000001000100000000000100010111000001110100001
00011011100000001000000000110001011011100100100111100111001000000010000111101010000000001010100000100011110001000001000110011000111001100000000010100100110010111000010010000100000010001001101000100000000001010000001000100001110000100010110100011001000010010010000001000000000000001000000000100010000
01111010000000010101100000010000000100000000010010010011011010000011001001100010100000010000000110010101100010001010010100100000000100100101111000000000110011100100001100110000111111000000000010000010100000001110000000010010110010011000011010010010001000000000100100010100101000101101111010000100011
01010010000101010101001001001010010111010100000000100000010000100001101000000000000001110100101001100000100000011010000000010000010001000011110000111011001111000011101100000000101010100101000001000100001110000000000000000000001001100001001011010011000001010000101010000100010011000000000000000000000
10000110100000000010000001011001000110000001100000100000000000000001011100101100011000000000100001101000101010000100000000010101010010000000101110000001000010010011000000000000000010000000000110111111000001000001000000000000010001000000000011000011010101000100100010100000101111010001000010101010010
11001110010000100100110000100100001101100100000001100000010111001000010100100010000111000000100001000011001010010000010000000000001101110001000110000000000000010000000100010000100010001000001110011100111001100000011010000000001100001000011110010011000010111010001000000101000010000011001011111000100
10000100000011101000000000101011011000001000010000010001111111000001010110100000110001100000100000000100000000100011001110000100000000001010100000011001100000010100000001111111001000000001001101011100001000000000001010100001000001010000101000101000000000000000001000010000001101001000010001100010000
00000010101000000100011011000000010010010000001110010011111111110110000110110100010000011100000111100010011101110101111000110000000001001100010100000001000010000000010000001100101000011100011100001010010001001000010000000000000010010110001001101000000000000000100100000000000000000000011101110000000
01010011001010100100001000100011000000000011110000100001101111000000100000011001000011010100100000000001010000000001000100011000000101101000111101000000001011100100011100010001000100011110110101000000000000000000000001100001110001000000000100000000001001000010010000000011000111000000010010000000000
01101000000010000011011110101000001000100000010111000001100010001000000001000001000000000001100000010101000010100110000100100001101000111000001110100001100111000000111100000010010001001111100000001000000000011100000011111000110100001000000101001100100001010000000001010011011011110100011000000011010
00000100001110000000000000001000000100011010010011000000000000000000101000110000100100010000000100100000010000001111001111001001000000100000100100011010000001000010111001000010000000001110000100001000000000000000000001110000001000111000001000011100000010000010101000101100001000010100110010111001000
00100010101000010011000010000110010100000010100000100000101010010001110110010110110110000001100010000010101010000010100010010001011010000000001001000000010101000001010000101101000000000100000111001011000001010001100001000010000001111111000001001000110000100000100100100000010011000011000001011011100
01110000000001010101110010110000001100000100010100000100101101111001110001010000011001000010010001001101100010010010010100001010100010011000000000010010011111010000000000000100001010000010000100101100000010100000100011110000001001111000001001000011111010101100000100110111001000000001010001011010000
01000000001000010001111010001001001100000001100000001110001100010000001010010000000000100000000101000000000000010010000001000000010000000010000001010010010110000100000001000001000100111011010000010001000000011000001111000001111101111010001001011000100000100000000000000001000000101000011100000000110
00110000110000001001111000001000110000000000100000100100110100001001000010010011001000100000101010101001000000100000010010100010011110000001100000010000010010000110010011000100001000100100100011000000010000000010000000100010110000011111111100000010110010000000110000000001000000101100000011010010011
00010001000001001001110100100000000100000101000010100000000001010010111000011000100000000000101000000001000100010000001110011010000000010111000001110001000001010110000110001110000001100000010101000011111000011011000101101010000110100000001110011010000011011100010100100100100000100000001000010010000
01000010010100000010100000000001000000110001000010001110000000100000001000000000100011010010000000000100010000000010000000001001000100011100000000000011010001001001001000100010000000000000111001000000011000101001010100000100110001010010000100011110001001011110011000000100011000001001000000110111100
00000101000011010000011010011001000100110010001010010010100001000000000010011000100111011000001000111110100010101001100010100011000000000111010000000001100101010011000000111000010110000100000000000000010001001001001001001000000000010000100000100010100000001000100010000110110000101000110000000000010
01100100000010010000001000111000000100100010000000000000000000001000101010000001001110100100010000000000010001001100000100100010100100000000000100000101000010000000100010001000110001001000000000000000000100000010000011000001100001001001100100000010011110110000011000010100011000000010000001011100001
01000000011110101100000000110000001110101000010100100001000010000100110001110000000000110001101000100101001011101100000001000110001000100000001111000001000010000000100000110000011001100110010110000010001100001000001100010000000011011001000000000000010000010001001000000011000011001110100011101000000
01100100111110000000010000011001001001000010010001011000000000101111100011100000101001010100000011010010000000011110000010110001000011110001011111011010011000100101111010010000000000100010110010100110100010100010000100101000000001010000001000000000011100110100010000011000001110000011000010000001110
00000010001000100000010101010000100000000010111010000000001000000100010011000010000111000000000100000000000100001110000000000100101010000010010101111011100000000011100001000100010000011100100011011110000010110010000000001000101001010001100100000100111001000000010000100000001110110101000000001000000
11000110100001001011000010110110000001100011111010000001101100001100100100110110001000000000000111101110001100000101010100100000100111111000000000010000000000000001000000000110001001000001001011000100000101000000101010000000100000000000010000100011000000000100000001000110100100000100000000000000000
10010000001010000000001000011000000001110001111010001010000000101110101000110010100100110000100000000000110010100101000100000001101001001100001000100100000000100000001001100111000010000100000001010101000001011001000110000000000000100100000100000000001010000000100011110101110101000001101010010010000
01010001000000000000010111010000100000101000101000101010101000100000000000000001000010011000001010111000000100000001000100000001001000001000000000000001010001000000011000001000011100000001000010000111101000000001000000100010000010110100110000111000000000001001100101000000110001000000000111010001110
01010000000010011100000010000000001100000000001100000000000110001110010100101000001001001000101000010000001100000001001000010110000001000000010010001010010001011000000000000000001000000011100110000010001010000000100110100000101000100110100000100000100001011000001000000000001001000000001000100111010
10010010100110000011000001010001100100001001001010010010000001001000000000000010100100100100000000100000111110000000100001000001100000001000010100100100010001000000001001000100101000100000000000000000000010000000000000101000001010101000100100011001011101011110000010000000011011000001000000111010000
00111100001000000000100000001001110010010010010001001000000000000000001100000100000001111100000101001100011100011000010001101000101000000001010000100010001000100001100010000000011000001001001001000010100000000010110010000001010000010001000000000110001101111111011000110010000111000000000000100001110
01110001000011100001000100001101111010000000010000000010101000000000000001011001101000101001110000001010011010100111110000001100100000001100000101000000000001010100000000000010101101010000000001000110000010010011111100101001100001000100000001110100000000011111011010100011011010100011010010001011100
00011000100100100000001101001000100000001000010010000000001000001000101100000001001010001001000000010000001001000110000000000000000101001110010010000000000101001001100001000000100000000101001001000101000001001000110111000000000010011000010100001000010000111100001100000000000000000000011110111101100
00100001100001001001100000010010000000011110010000010000000100000100000100010000101100010010001001000010110000100001010110000001100000011111110010100011000000100100000000000011000000100000000100010100000001100000000000000110000010100001000001010010100010101010111000100001011010111011101000000001110
11000101000100000010000101001000011010010101010000000001000100000010100101100010100001000000011011101000011001000000000011100000011000011111100100011001000010001100110000100000101100001000001101100100010001001010111000111110000000000010100000101100011010000001010100000101100000010010000101000000101
00000100000010010000001000000000010010100000100000000000000101100111000001101000000010000000101001001001000011000000001011100000110101010111000111010000000100000101100010011000000011000000010100110000001100000000000100010110000000010000001011000101100010010110000010101111111000010000000100100100000
00101001001010000000000110001001100010001000100101000110100100000011010010000001000000110000000001100000000100011000010001110010000110000111110010000000000001010011100011100010100001001000000100011000000011011001100010000000000001000000100000101110001000001001010000000010001011000010000000100000101
01001000000100100000011110001010001100000111110000101110001001000100100000000000000001100101100000001001000010110011000010000010110001001000000100110000010001110001000001000001010100010010111001011001001010010001010100000100001000000010000000100001010010000100001100100110011100011011000010010100010
10001000100011000001100101000010000000010000000001000101000000010001000001000100000100001001101000000001011000000000000100011001001010011100001000000000100001000000001001101011000011010010000100000010000010010000000101000000101000000000001001100000100001001000011110011110000100100000001001000100000
00010010101100001000001100100000001000110010001100001001000000100000000001011000001001001001000110001000111010000000011001000000000010001010000001001101100011000001100000011000110000100000010111101011000100010001000000000000001000100000010001000010110010001000100100110000000000001110111100100000000
00010100100000001001111100100000111010101101010010010010010011011101000000001000100100110010000000011100010010101100000110000100011000100000010100100001000011010001001010001110001000010000010000100000101101010101000000111110100001101101000100001000011000010001100010011100001101001001011000110000000
10101010000010001100001000101000110001000001000000100001010001010000001000100011000100001110100000111001000100000010000000010100101000110100010000001100000000010000010010100100101000000010000101000010000000000001100000000001110000100011101000000000001100000101010001001100000001010000000000011000000
01100010000001100000001000001001000010100010111000011010011001001000000000110000100011000100010100010011000010101001000010000011100000000000000000100010000100000100000000000100100000000001010000010000000000101000110000100101000110000000100000011000001000100000000110000001000100100000100001111000010
00000000110011100100000000000100100010000000000000000000001001011000101010000011001111101001110100000111100000000000010110001001101100001001000101000010100000000010100100100010011001000001000000100100001101111100000010101000111100111100101010010001010010001100000001100010000101101000011111100000110
01101010000001000000011000010111000010011101000100000000001101010010000001000000001000001010100001000001000000101010000000011000010011110000011101000011100011011000000000011001010000000000000100000111001111110110000100110001010010000000110000000110100101100000001000000000000010000100100010010000101
00010000000001101100000000110101000001110000000011101100011110001001001010011001001000110000000100010000000000011111000000000111001000001111000010000000001000000010110010010010010000011000001000000010000011110000000000000000000110010000010001100110000000010000010001010100010011000000001010100100000
00011000100101001111000110001000000011010010001100000101111101100000000000000000000000000011010001000000000111000000001011000001100000101010001100101100000010100100011110000000000000100100000001010110100011010010100000010101110010010001001111100000110011110000000011010000001110000101000010000001000
01100101100000011100010000000100010010000000000111011111111100110011011000000011001110101010011101010100100000000111000000110000000010001000100100010100001010101001011100110011000000001001100101100000000000000001100000101011011010010101000000000100100000010000001100000001000010010010110010001100001
00000101000001011000110110000010001000100000001000000001100000100110001100000010001000010000001000000001001000001110000110000000001000000010000010010110001000000010011110100000000000000100100010000110000100000000000000000010001000000000100100010000001001010010110000010001101000000000010000000100000
00000000000001011100010000000001001000000000100001010110010001101000101000010001001100001000101101100100011000001111001001000011100110010001000100000100101001001000100111000000100000001001001001100000000000100010000101000000101100000000001100100000010100001000000011000001001100100000100001011000001
00001001000010110000100000100000001110100001001010011100101100000010000001101100100000001001101000100000000001001110000000000000000010011001100000100110000010000001100010000001000001000101000010010001100101100001000111011010010001000001000000000001010100000100001011000000100011100000100000011000000
01000000100100001010000000001000000111011001000000000001000100001000100000000000000101100001000110000010000011001100011000001000000000000001100111000001000000101000101000001111000000100000100100000010001111010000100001000000100111010011010000100011010010001010000110000101000001101000110010011100001
01001011000010000010100000000000000010000010100010001000101001000000000000101000010001100001000001000011010011110110001100000001100000000010000001000100000110011100000000000101000000011101100001100010101111001111101011000000000111100000101000101010011000100000011000000001001011000000000100111100110
01000011001000001100000101000000000001011000000000000000100000000010001100000100001111001000001000000101001011000000100010000111000110011110000100010010001000000000000010001000101100101111100000001000000101001000100001110110101111100100100010010000000100100000010000010000000001100000110110000000000
00011110010010100010000001011100010001000101000000010101111000001000110011000000000000011110110000000001111111100110010011000000010001000011000000100000000100000010011011000100010100000000001011000000100000010001010000000000000111001000100101111010000100000011010100001100010111000010000000000000001
10000000000100000110000110000011000000010000000100001000000010000100000000100000011010111010000010101000000011110000000000000100100000010010100001000000100000001001000100000000000000010010010001001001010001000000000010000100001011001101110001110010000000010000011001000000011000100000001100000000100
11000000110000000010001000100100000110000011000100000001010111000000000110011100011100111000001010100000101101001010010000110000000101010000000000111001010001010011100011010010000000000000000011001100000100000000010000010000001010101000110000001000000101000011111100000101100010000000000000001000000
10000001110000010000000011001101000010010000000001001010010111010001010001001001011110010000100011001000011101000010110011110011000100000100010010100011001110010001000011010001110001100100000100010000100100000101010010000000001000100101100001101100000000010010111100000100000000100100001110010001001
00000010010000011000110000000000000001001000100001100110011110011000000100000001001000101100010101101001101000000010101010010010010001000100011100100000000000010011010000000100100100000010000000100000001101100000000100000000111000010000101000101010100010000000000010100000100010010111000000010000000
00101000010000001000001110000001100000000001000010000010010000001000011100001111000000000101000001001001000010000111001100101110001011000100101101001110000000111100000000100101001111010111000001010001001000001001100000001000000000100001000000101010100000000000111000011110101111000000000000000000000
01000001000011000100111100001000011000011001010000010001110101000001000000011101000111000101100010010000111000001010001000001100011000100010000011010011000001110100110110010000111000000011011100000000000100100010000010000100010000001100100000000010000010100100000000100000100010011110000001100100010
00001110000001000000111000000110011100000100000101011100000001010101111010011001010110001000000100000000000001101001001100000011010011110010000000111000001001100010001010000000000001001001000000010000000010001100000011000000001000011100001010000100000101100101000000000000000011000100001000000000000
00000000001010000011000000011111111110010000000001101000001110101000100111000000010000000100110010011000001011000010001110000000010000000001000000010000000100000001100000000001000000001010000011100001000000011000001010001010000011101101000001000100010000011100001110101000100000000001000100001000000
00000100000000001000000010000111111111111010000001000100000000100000000010000000000000000001100101010000000010000101000100000001010101000001010000000001110111011010001000100111000100101000001010011000110011010010011000011010100001000000001000010000000100000000000010000000000101010000100001001100000
11101000000000011000001000101011111110011000000100001100000100010000000000000000011010100001001001011001000000000001000001000100001000000001001000111001110100110001000001101000010010000000100000000000101010000001011010011000000001000101000000001000001001001000011101100010010000101110100000001011110
11000001110100000000010010110001010010000000100001100101000100000010101010010100011010001000000000000000010000000000001010000000100010010001010000000001000000111011000000101011000000000001000111110101000000001101000101000001110000001000100000000001110011001000101000000001000000001001100001010011110
10100000000000001000100000000110000000000010010000000000000010000010011000001000110000100000000000011000100011000000000001000000010100010100000000000010001001010001000000000010000000001001000100010100000110000011111001000000110010001000000100000100001010000000001010000011000110000000000000010000101
10000000100000100000000001001110100011110100101001010010001101010001010000000100001101101000000100000000000000001000010010010110001100000001000000010110110000000000010100100001000010000001000010011000001000010111000000001000001010100001100001000001000011100001010001000000000000110100000000110000101
00000101101000110100110000100100100000001000001100000010100100000011100000000011000000000001110111000101001101100000000000000100010001000101000000100000000001000000010000001100000110111010001010101011000000000100010000000000000000000000000100000011000000001000011010100000000101110100111001001010000
00001100000000001000111001010000001011000000011100101110100000001111001110001000001000100111000100001110000000001100000011101100010000000101010100000001110001001101000001000100011110011010100000100000000000000000100001010101000010000010010000101001000011000100111000000000101011000000000001000010011
00010100000000000000011100001001011000001000001000100001000010000010000001000100001001001001000100011010011100000000010100011110000010000110110000100110010110000011100000000000111110000000100000100010000000101000000010001000101100000010110001010000010001000000100000100000000001101000000010100000001
10110000010100000000101000010000010101001001010011000000000000010011000000011101000000100000000000100000000000011000010100001111011010000010100010000000100100110001001110101000001101001010000000010000000000001100000000001010000110110000000000000000010100000010000000010011000001001000001010010100111
01000000001000101100000000011001000001100110111000010000010011001111011101001011100001011011100000000100000100001001110000000110000001000000100110010010101000000010001111000110000000000000011011010000010000001000000000000110110000001001010000000101000011010100001000010001000100110001010000000000001
00000100010010010010001000111000110100011000100001111010100010010000010000110001110000001110000000110101000101000100000001000000010000000000010101000001010110001011010110000000101001000010100000000000001011000100000001100000110100001011011000010001000000111010011010001101000000010100100010000000000
01001000000001000110000000010000000010010100010111110110010000010010010001000110000000111000110101100000110110000011000101001000011011000100100001010100000000000111110000000011110000010010000000010010000101000000000100000010010000001010100000000000010100001000001101001000000100011001110100100001010
00110010010100100000111000010011101001010100001000000000100100000001000011110000000100001010100011110011001101001000000011111100000001000100100010001000110010110011000000010010100000000010111000010001001100011000000000100000011001111100010000100000110000100100000000001100011001011010110100110011100
10011001000100000000000000001011111000010110001000001011000100100111001111111101000001000100000010000100010100000010100000111010010100011100001110001011000100001000000100000000101000111000010000000010100100000010100010000000111011100000100001001000111100100010010000011010010001000010011100010001010
00110010001101001000010010000001000010100000010000100110000000000111100111110000001101010010111100100010110001101001000000000001000001000100001001110010000100001000001100010001111000100010100000000110000000000011000001001000100100110100000000101110010000000000000000010000000010000001000000000000001
01000010100000000100000100010001010011011001010001001000100001000111001111111000000000001100101010011000000100111100001000011101000000101000100001010110101100111110010000001000000000000101000010010100000000010111000101100010100010110001111000011100010110000100100100000010000100000100000001100000100
00100000010110010010001000010000000100000100011000001011100000010010100101100010010010001000000001000010100000000100000001001101011010000010010001000000100101011010100100011000100000001100000000010011100000100010011000010000001000010000010000011000001101010001110100000011010010001100100100100000100
00000000010010011000011001110000000100010101000000010000010101000000000000000010010001000000101011101000010011100010000101001100110000000010000000101000000000001000101000010000100001000000001110000010001000100000000101110100001111001010000000000000110001011011110000000111100000101110010011000001000