50 100
29 15
16 40
49 37
48 3
28 25
2 22
24 27
9 35
42 12
31 40
20 46
11 43
35 1
2 22
10 24
26 38
12 46
16 9
28 18
13 39
49 32
46 8
17 14
47 36
9 7
10 6
37 38
31 1
50 28
29 21
8 6
6 43
33 17
41 18
49 50
36 43
12 25
11 2
38 29
47 22
39 26
49 16
2 22
14 15
28 30
38 10
17 9
19 20
47 45
36 1
8 31
5 36
18 9
45 48
6 24
31 22
39 40
11 31
9 23
43 41
8 19
6 44
49 33
44 6
9 8
44 8
32 10
19 40
16 26
6 49
27 42
10 14
26 31
18 31
38 31
44 4
21 29
41 29
6 36
15 38
40 32
16 22
43 48
14 41
26 22
46 17
33 38
7 50
4 47
14 17
2 17
49 17
7 26
48 4
35 45
31 3
31 29
50 3
35 21
41 4
