1000000 2000
499745 799800
27124 206278
358869 299072
310697 81539
865661 273879
234493 885325
325835 854625
154845 596824
879744 73275
848884 315567
249868 513152
832944 624031
179246 863282
298150 202592
428401 584500
507580 301699
497085 621274
248365 341576
39208 295792
809071 101613
387399 813969
528704 114025
501451 950609
624447 266534
692619 259480
848124 130708
290337 969289
722869 793325
629514 231311
725908 330041
560780 232728
305240 28786
725936 561377
954998 336205
82376 693955
79602 603966
718822 376033
795082 267661
198813 448199
912567 733696
38061 131780
247557 522917
221632 186509
751687 895704
742367 936472
693469 271438
350275 955812
721947 384516
441834 827551
196688 272750
9202 771399
696633 854395
603197 2212
127305 342685
798015 717308
962454 737009
967258 448726
417167 354173
996745 453321
380518 983529
417883 2077
173427 235572
85228 52192
656663 259836
982700 977068
415467 525766
737875 79262
130538 860331
226764 8387
367891 216691
433346 992483
288356 748140
993252 227932
91912 40570
248630 340531
341857 873253
783706 26897
487049 70315
203542 748379
357897 434984
843838 821147
317061 909185
418964 210549
758041 399084
179162 226592
462144 311401
96949 832417
596433 847308
89712 367696
681791 6896
670628 204307
889353 218888
461841 870645
350773 510603
919450 593174
857398 933247
266993 546611
741974 865667
701733 142972
965184 76244
87171 982079
546606 20524
692072 639904
791102 786176
771841 897246
213953 602514
40100 267451
927007 161224
768998 452506
840613 414514
969789 212854
721596 797165
275653 841000
283598 256951
206900 325490
826948 821228
932978 891020
555466 362878
837339 238786
831793 824798
960497 919170
636833 404521
591082 230574
417400 29713
639847 530579
113267 945483
976284 352073
586378 599257
534871 885530
841820 84885
464657 397602
234024 980588
917186 694604
872300 63463
628004 861743
644543 189544
397250 754367
831122 8234
525112 298047
574354 111122
455995 494393
756678 480055
558352 25003
10607 691396
427988 889774
92366 846842
360083 171119
26299 494362
300758 123367
522222 288925
926754 164680
926858 267684
538753 378475
343136 828043
21231 859284
614061 920669
274580 876020
919872 97851
328482 358777
946442 992684
655436 564053
240706 933380
36976 280586
53214 569787
662699 583414
935140 914326
728422 514135
832617 446704
76689 903032
51292 380182
763546 921307
426445 338765
254393 69271
675282 622110
907666 722975
891354 292736
156301 651043
515239 257252
131566 735926
867871 160187
790448 969051
308538 698986
765113 42066
70335 20760
590364 998480
135250 688385
730630 674264
520856 593527
389621 350708
727821 391017
133220 503304
76815 813322
928218 688039
147240 466311
626160 273237
537177 843461
172284 350281
74134 876224
25505 694040
253996 866908
775320 252529
119228 67668
460268 73428
902400 133926
241145 555592
518565 47265
865781 429044
583385 172205
267313 139707
457331 75484
142519 387145
546330 116754
625039 786718
786045 806416
333213 258078
860852 665465
85396 324139
203978 913802
697705 818044
646370 6612
274440 666237
326083 882647
299630 583898
305484 3823
599288 317612
679589 771205
307309 766472
824795 425723
409919 100363
131043 932379
664585 410046
83300 755126
414278 49860
458277 818620
825856 162343
511833 658020
944926 789534
542793 187139
605630 585172
140184 681108
335306 364490
147517 262389
999464 765304
599701 888959
134838 118884
754932 688024
565996 684031
362949 322476
279984 336550
804509 611095
516538 659636
204658 357310
518346 339962
678138 662026
898087 837240
478450 538516
151155 290427
435351 909535
249362 444610
869572 711316
542652 192526
355392 210644
649403 964130
482304 187389
248083 103369
533919 345393
465703 792655
546597 87953
425097 418647
439526 224136
801697 169604
145379 126961
198972 534700
876550 396236
392229 9864
148777 695388
731660 45485
691534 277564
467049 221007
58009 503358
323437 548675
494914 142376
51024 701886
762765 17044
523440 107515
875228 771833
971034 454488
155080 848665
967393 367942
182438 478628
170972 121115
140294 260007
64779 728071
666526 262891
283082 360585
528575 442695
223848 937008
81686 748559
239824 297562
841708 532028
437609 605800
509171 736365
537845 572496
356838 98374
227726 228438
580049 210653
378401 295170
721099 87300
108190 224921
896275 210846
465082 960309
925228 426029
292678 943175
621821 749370
168639 348244
687708 271841
626886 360061
617495 179506
456648 733480
727804 36965
547306 346323
649180 24252
371785 913126
921965 995512
959359 734746
574154 352874
796425 736096
630997 650652
491596 218861
214160 430413
157779 668840
371448 670199
657857 214140
164156 740948
166419 613706
769024 47756
723141 708527
852349 380659
99634 492827
97536 296954
287392 817400
364420 654338
157607 994354
219022 188501
281009 995772
136751 660573
966577 493516
397626 352154
208567 363125
237567 25258
843696 11055
455652 26209
443259 567822
647642 400608
459627 282868
136498 806599
47584 306528
45855 277988
921826 115461
230816 40760
616275 448710
279286 366943
921970 553575
74031 508868
139343 703908
565257 926217
924951 464861
723085 199135
771238 40902
312643 705822
288196 532371
144588 274930
267036 665577
72534 470962
418772 67768
261978 489289
663746 798330
656979 261542
851544 713469
590236 118315
685739 719770
369936 427347
520380 64768
751541 640451
246092 820193
512396 210294
851021 896385
596893 61666
383271 803756
924172 301318
90258 306099
905491 884633
736749 217402
146591 297293
391159 398626
151427 519494
844470 100585
694154 281300
525357 169088
963402 791320
565168 537630
486319 858838
904793 446342
507385 809234
248369 937654
850276 48415
290955 361024
724167 301019
155909 913449
6983 868389
925072 200209
664302 19115
208824 701175
354166 22085
734228 337064
2199 949699
766516 593492
415966 930956
917650 934482
513267 713277
960051 673659
874794 267253
40379 432204
871210 271347
766692 627348
757803 470345
973951 120966
915353 102468
324405 209314
628830 897230
760532 808677
376481 652853
777415 67833
230998 505807
701857 488759
230510 621402
134979 557403
66176 54721
125103 646036
281226 872803
178257 808916
291360 940827
242612 802093
776443 336253
694235 590694
619620 561715
405354 522401
676715 20930
742501 397705
525971 15912
300552 343909
373561 345871
626103 723806
509775 308844
846994 361371
169790 92875
165450 171982
413722 52963
746521 904098
536186 990335
689327 490575
553546 336975
626557 612206
516454 362597
214524 663286
720192 113601
896115 142001
817840 822391
716810 876322
361967 532423
3921 813878
905921 222981
391973 331897
25710 800557
354503 285655
388204 773950
973176 876211
233279 38540
298185 877058
493733 907116
667356 691411
491948 561433
219421 200910
630126 635795
207656 394912
369618 768490
861137 588277
893714 799545
876108 618994
885355 880396
811157 460679
698415 57381
537419 527355
250155 422125
201226 970158
177731 914239
268875 52323
945718 445322
642626 914241
830589 47754
398131 813952
462542 351655
305590 774691
942160 350876
579222 717320
412742 647650
574742 71148
843080 682519
250612 641093
309651 211401
270217 145693
248822 598492
696975 934287
626380 317442
778647 517276
228804 741514
930395 24677
487939 640035
640633 881483
866932 22214
463188 808945
193313 339336
238577 942400
811045 125968
675719 337354
992383 405747
769158 954772
416383 958773
827761 59294
43592 661230
932141 983015
92067 975868
725997 928827
671642 929363
952666 117349
748059 240651
197806 528974
527876 728486
753908 23381
521622 933809
600140 158816
574066 75364
398705 281260
150878 895283
172194 801672
604101 471957
230868 959854
104202 455055
736968 236739
170246 405756
365961 193966
622624 524443
397802 402614
42053 876839
993024 706192
288146 865847
850762 532796
101389 36297
429135 337117
430094 130170
585875 519738
322548 597532
951268 473054
404273 414206
184370 493802
962299 405888
227705 166533
571787 752547
749299 684079
513178 140967
233701 655566
606407 496256
396740 293335
293454 363952
844120 681848
599907 92983
79307 450116
322436 643928
902937 856451
353410 929937
633548 96733
208794 632234
90660 907782
999478 264484
75535 356937
706575 100781
10123 894356
590627 450170
891620 671016
83107 86901
250199 426270
821708 627022
718601 817118
354922 942609
418898 471519
322055 571646
387430 216013
8426 170753
250325 944246
810231 364501
795384 184211
840674 96071
658679 274203
59386 567142
122613 130823
15583 591570
6386 955333
706585 616390
944475 611945
425325 869139
239532 229849
133096 167182
158148 367353
297478 323721
266695 749415
520730 555512
493009 288186
345700 699938
265302 84069
251793 266563
929001 542421
459576 801957
706918 984361
817355 32024
386454 522089
801341 820093
592906 445873
676521 397938
339661 956084
925901 846848
239553 764036
51322 724228
936693 437948
234594 691454
720900 490087
446764 474761
230524 502242
252319 675997
295732 558265
191343 399823
537467 177413
286207 330358
949015 537582
427551 236693
243978 433042
292907 714281
76836 710392
577512 448051
901422 717750
737543 966562
83857 204352
171648 847183
5656 4700
647142 111628
820529 910757
173027 844326
870530 662440
488397 419099
86700 154962
558480 432301
239632 374927
464982 763305
610776 522766
752568 443565
154119 397750
846893 668512
192378 631615
36125 58496
232098 712868
49992 685482
496618 187497
83815 614547
604330 539286
943910 292399
442686 625373
335801 146369
90787 113445
539320 917680
740443 62577
408127 376031
854522 7235
67389 311063
909086 827426
401881 508269
430030 888760
601739 644313
705054 505724
602845 210226
73299 461264
905448 42813
581876 946235
718190 763708
321551 799174
699661 658348
835566 224245
122564 618728
633617 787490
135717 434517
622837 499563
598884 676789
752805 416621
205592 466104
916444 942418
862908 19960
970936 233127
66495 967357
121930 49469
522519 725274
411718 207157
820338 414227
395717 551181
522491 807070
434110 107018
412952 295980
557981 840127
392249 831055
895678 256137
411536 78118
630934 649463
287576 662602
681793 559431
512032 639140
372799 58204
78950 470442
634576 786040
987534 30159
759714 179769
864992 934717
288342 744269
114900 338212
174444 998646
435378 969159
82662 392116
304166 334648
707916 671046
422157 763419
170180 985239
99201 164208
955525 5051
54633 933665
21210 852870
585876 660621
376704 296824
154217 573267
590152 499166
67909 697940
329131 419880
916182 711664
209610 633770
224832 481473
749143 91934
145267 157192
344779 294513
885798 728356
314460 761395
799390 509171
559467 182432
735274 239282
301292 887450
462743 800907
863317 614318
555584 721482
793743 20180
421220 101480
342849 276862
926139 788387
719033 652604
280377 569747
446481 528915
937439 736518
965226 33724
731745 810077
34872 728905
226071 835283
524267 971352
876625 250149
417845 113224
160378 261310
674004 955903
525149 470121
950058 137585
543287 668844
696452 789708
451793 584879
588660 248281
745754 153081
840766 298366
474593 669605
889548 810858
692805 185686
570786 599532
199019 201050
997022 366187
763408 384438
230836 329940
938662 673538
831098 345382
344284 39107
450188 763754
239539 366726
122843 54909
20599 580215
845324 333127
4955 958021
885246 561057
514274 991159
453394 571844
758610 552262
457956 932762
998532 408135
274373 88821
258370 799374
778882 754864
117848 487337
149975 611303
333212 952196
800027 548476
166507 482512
827193 162864
626778 818840
871553 57394
578612 57679
452973 472940
25638 385476
912734 834550
922162 694364
382160 705564
649880 22091
876979 677524
63246 36151
863200 918626
755268 453565
393964 938127
738960 457316
988806 92229
209629 929370
911113 547858
724667 429662
18161 936753
439892 629252
133012 160213
453623 331256
432152 1357
449673 982034
849282 79424
474049 97530
401880 600209
436337 761697
521073 726644
910111 108803
295319 190185
292097 329655
680149 201059
460326 646197
11706 340434
791754 137386
143204 189002
957910 574992
916843 463775
947831 848245
228290 206458
315845 641048
498254 152233
555578 18314
144454 914342
691473 777227
337554 472845
496551 320142
172658 812014
41501 358489
497581 198019
808665 173894
674135 67122
349803 809669
720240 163972
821725 132274
78926 557801
829481 438699
727400 571201
762755 475185
499170 911286
551950 761374
913280 504986
146278 316157
59483 397815
854234 561779
33736 659411
556710 196390
878701 446240
915900 890505
564394 577052
865668 579395
713469 401462
696097 541584
241155 285934
426578 755088
63557 68013
976059 213172
375462 346086
871671 16762
764495 132624
37089 554866
484498 153804
294006 763741
206827 604183
610844 796085
461282 804392
495886 401722
609329 487744
816287 446358
109290 268469
308751 368014
266542 766091
627266 882133
757884 73045
664703 601348
482292 622081
712467 729441
46067 640941
967369 426459
304946 823857
960486 340845
196633 299116
765764 602836
545470 37808
94973 572932
129937 857508
786178 380953
878969 252144
412507 712671
163944 549356
921084 761092
531986 573529
961575 257307
331220 606377
762992 136107
898907 691819
199613 248768
352716 948856
702413 115899
425021 944224
833195 930529
717206 179400
837688 378332
306563 108720
632629 541734
39590 481952
708252 73281
963361 912479
238670 632766
236989 349315
977316 244096
798962 795235
904918 55408
685125 22043
110117 201974
517403 134543
421916 899662
16625 454150
718136 99440
909191 693410
940264 97104
454627 340458
958135 24704
23862 245184
886723 997327
152543 534624
15715 964750
391178 789430
521742 170126
328716 863397
818029 334287
566438 59004
675245 482210
261156 200732
19927 828389
141613 922627
761229 406629
239295 27316
143903 679793
777191 884363
868984 641116
918562 440641
774293 169098
683047 217976
27534 870268
537136 279699
870817 264781
85066 534956
66905 182283
487359 511556
224436 829711
402390 554517
939117 499934
940068 420751
773563 33499
529533 309953
377701 207154
814842 332502
450830 780948
843479 981931
334441 717326
452563 764601
910506 194652
514231 618563
373471 101533
350241 28320
921733 211367
719547 543915
963909 564114
697861 979142
819463 187176
828108 617267
513372 265822
829323 935407
292509 637206
82936 21138
688329 506177
764981 876947
343347 883357
888899 14816
672516 428284
982432 94681
410219 350782
483938 9452
882754 485433
982843 880590
771675 104458
26696 215524
530646 582274
201834 635481
127280 11499
225001 662619
662156 253546
477584 333400
513582 640985
603421 911236
638664 295206
464739 570711
410109 497773
395641 11630
987189 931071
727351 150789
317986 949112
277755 869176
996336 634116
483069 552434
616645 676772
748197 352457
314254 341396
255079 771008
399134 173031
33563 851822
946281 322387
54700 971324
974397 164226
517034 438955
34928 833188
670479 663084
824967 218169
773313 17074
867447 492831
653173 277186
505798 628805
180347 438243
537560 564065
696356 752706
511960 482148
742809 200151
78153 495569
683047 280193
377769 948398
850375 633796
98745 133562
513962 20134
692407 488952
738623 220886
598331 609475
321583 554533
67848 237415
785870 35299
940659 907938
929469 78553
430214 940111
474212 920502
850710 529687
761194 497762
641985 790582
767566 509128
710545 262790
427075 134652
63196 26337
465027 3144
128083 406809
714232 34993
439499 730225
879282 100605
755820 927993
666348 942026
270065 915607
669236 768158
20615 78008
151307 136619
73247 215731
446354 868314
196700 725055
397809 907410
691573 674733
892762 639778
35618 850580
304738 432905
44720 677432
842746 478005
166280 206723
848850 700994
198972 163731
681745 777994
800068 178223
126059 396196
270284 427744
456257 76012
101592 3957
891383 503678
176571 629533
61279 947227
296692 220251
565200 379765
341955 521812
183174 276428
259873 602789
261544 779412
354766 454127
746632 100344
143011 820158
479270 608025
882670 327737
572226 886293
589593 604796
916311 978269
110006 608015
596701 718182
359709 175068
894902 926596
861043 221229
2306 143403
703400 185321
91809 340713
121654 561931
673990 170669
886864 661204
730356 43803
757004 620361
36074 166553
632087 489807
416524 614238
798919 666285
566913 897568
569069 593661
460113 736643
73012 996847
672215 382974
217869 867114
351423 551383
251754 701016
262350 195700
466529 124090
13540 815813
400120 936478
678324 590597
376973 636167
95940 396568
741312 449111
922212 84631
704049 912716
327920 365706
546568 688294
131056 389486
659085 241357
35990 297599
679799 94357
993443 382137
733881 303385
37221 268785
357461 978721
949969 36419
206069 410749
400850 375753
507956 906324
774755 156404
444391 942916
52127 973774
793137 709858
677291 210850
902928 564188
832736 434322
385713 668241
789144 431886
11179 96501
220319 612149
571469 73636
64206 203375
98816 650151
275785 912017
436110 959518
326219 476400
215786 631044
844281 109327
861487 390291
628688 241880
354238 645514
978096 411643
32630 445634
474180 602641
823320 609123
996829 768920
805238 453904
191243 959276
962859 687748
634310 177119
235429 170189
42698 84471
200256 913026
895430 316745
300372 310863
330095 525523
66781 260726
65988 29345
489938 244932
42659 737691
952095 483323
354316 421424
175671 737357
177746 178474
182707 167372
546961 697863
916748 227194
324586 44429
789133 7656
685155 678648
569556 705750
675094 400549
373464 917050
802095 61941
228506 34431
84583 838997
777269 78545
312822 341282
156118 389706
26014 640915
1489 598422
581516 240125
213730 126430
861670 429173
863961 879848
174023 246199
698852 257264
228259 58262
173130 736396
801828 90660
355166 144537
818981 592021
271236 686226
181136 506456
460267 381858
248030 884953
524132 213566
602184 623499
24860 305606
489025 474185
14637 189741
209431 680217
411727 548495
329879 641621
433000 797496
974490 530327
121451 121274
936239 94099
345011 768523
92229 914155
453575 910767
873788 960581
338983 949456
664567 668818
103282 519359
460754 97896
667432 69261
211631 165507
422308 564719
96232 389019
263354 213437
30302 686855
181953 258571
737158 666453
467665 279528
509077 456143
629893 440949
789070 235290
975330 151534
258043 959011
565294 795836
615931 737074
123910 179243
646844 80058
378470 253884
975942 690748
950985 987840
825864 198861
254666 467082
871855 454739
979462 502722
392832 798505
235113 469568
787714 464210
57593 282543
859995 121596
565177 723232
53231 213317
884198 847765
227285 480924
484247 981208
957900 833420
55866 568542
865520 77271
66040 433256
353066 395709
327948 44623
76478 939674
569786 741171
684381 861208
401401 678404
929588 853747
950817 590698
934058 116143
579620 838821
542254 703455
634542 745095
427659 925253
611530 163299
74725 640251
25933 416653
825229 494302
129800 597184
551479 129115
149667 478252
641986 624718
270841 932373
870359 374385
518582 675061
393241 752837
847506 477861
486946 966323
571410 863265
251640 382475
234248 711743
210517 895691
272223 683869
491370 463997
190868 264582
726349 884457
49144 899739
109036 669671
407973 275677
502403 335133
591554 286793
875192 274143
841242 279176
603464 362422
478776 671323
417503 710416
265664 339845
483720 587948
855616 162075
335033 209037
901509 58955
616319 776697
564491 361652
211218 137884
120448 186463
874452 358003
826599 979538
719533 449746
944769 453830
531915 485020
703665 561876
744329 90090
477612 634824
216983 76448
322166 182460
239691 893841
936747 115551
869070 925459
786141 984969
877172 850731
410167 126325
156946 28749
564225 652508
151710 124723
320268 440766
197746 90944
725453 324842
413664 350997
884192 960835
93771 909063
561842 911290
979528 973887
389756 44042
55627 278379
18270 669144
683662 339215
702469 419479
211108 468733
35787 371293
257512 290923
251387 980996
751203 771566
500189 481825
813463 515133
172932 316830
550453 684054
55698 134889
481018 197896
431970 270844
102168 699921
870494 655084
823353 348858
676898 196844
896165 130917
978752 817098
263572 337292
50001 19230
967513 295523
846991 657716
669668 537099
870036 597123
287592 857694
35676 143789
327671 749176
225544 822656
915653 807907
989719 558233
829039 443618
161496 414850
280578 489584
833696 640142
942013 389460
563526 468755
156447 480785
528985 905066
847306 608581
98596 905469
465661 529000
250677 337120
387754 615255
589265 172072
331471 731719
570395 714406
55484 264395
483255 578144
223232 709520
350011 535317
601966 224672
25441 196207
92931 885458
236306 452079
670657 631534
125506 774075
846660 128976
918186 86951
970968 137991
210253 26284
167477 780532
835990 869193
237546 943702
936220 713314
744528 250118
136507 883201
44645 193851
234520 883728
324498 70481
529414 637312
493948 873072
161686 297703
772964 229282
794148 450387
453698 397552
17114 832232
421180 142951
737367 269448
644812 773884
514263 535659
882072 641176
973180 961429
427799 727256
343241 73955
828409 479690
488364 924259
637374 268702
208532 410320
312105 288975
846945 812751
120137 265425
210414 198700
502329 758460
807394 642149
673485 918566
7900 998845
610897 807312
751351 425880
867669 430081
342039 474915
535049 24564
682608 225510
754084 830799
829649 366063
38592 682674
389441 622590
823000 881882
634403 252844
367377 961586
850178 287768
817196 499897
304906 687428
915157 178399
665508 364293
455971 629657
150845 778747
849396 684437
708599 857739
88065 848901
623374 789508
619405 952257
358964 974058
286653 93485
533696 844042
498078 762671
147292 794429
428704 55547
798673 203591
142169 963530
979068 159201
385792 529716
244427 666072
917468 248478
969768 152327
118235 40476
839218 86704
995231 730692
174510 661395
411438 102630
110167 378395
279966 970810
960191 772736
379576 917794
475239 805320
750009 514750
590168 669111
203257 52882
800150 757811
484737 755544
723735 164771
576223 366069
510539 52348
302273 3270
969712 584092
863570 651125
903979 837540
614485 746707
940362 370183
688218 396326
505461 487862
205833 939593
373966 67051
231207 428489
235016 490930
565421 341061
921614 468664
961765 509901
340319 395137
895096 815883
703300 382881
597454 839339
710894 575720
652013 837345
541409 33746
805375 519931
882123 257488
204678 62858
83795 645206
18364 884526
563982 274505
150522 45195
843079 277170
747820 151335
657452 615081
357486 728948
330283 699860
4752 270445
868948 278098
134758 193920
428726 751265
430275 695091
240232 57189
890136 966964
329651 455201
216871 762757
499503 372364
709870 508207
789533 527043
933278 507364
978702 317219
974396 566900
401714 625102
323642 220777
12139 268799
499330 977397
380039 633330
710553 716121
49809 430345
464436 768258
409747 125296
31038 666501
460654 939936
156335 784663
485156 681078
963256 29392
874542 764301
2203 683947
722537 78838
37810 598041
976528 293359
903520 30085
346313 369107
83443 550513
272799 765633
366242 456759
700205 468756
725742 741220
370925 801582
98574 967193
273869 396024
668475 117735
117355 615647
96831 126772
63049 349788
811693 4228
301031 945673
60052 836657
399957 914321
189868 541563
253869 622791
224359 161713
811571 88907
778604 425132
81584 86341
728972 545928
467790 983385
497118 972742
626117 583031
222397 466897
167501 917435
820945 548885
308920 765940
177725 359587
831243 333598
95001 9013
879879 181658
218002 673249
177380 212830
388856 897578
51682 332038
298075 592599
151758 662192
900495 538093
742029 644965
688591 892240
797789 737840
500335 266939
799229 259621
322141 995346
99524 578474
894892 202349
672547 621552
937894 216461
253654 634558
919033 824915
251888 231373
285162 407520
450517 895212
94235 117118
868734 899615
919657 166760
954944 446579
359994 400314
631693 849056
442595 441889
648695 576631
399648 353609
860149 458942
955980 171219
51528 399743
333561 2811
472270 451952
321080 484438
562928 588867
451137 718192
712547 505673
322188 761598
266126 805910
918002 704083
747962 910775
805880 652769
110349 28535
824892 593022
118228 688209
804732 227401
417910 505256
480899 824809
774428 668684
665907 440899
887956 469012
300731 239853
798672 484868
166063 416011
218062 563187
318782 74230
485583 805778
658394 169928
727219 675684
195673 140115
301485 106180
636532 954210
274799 465017
32166 687005
542035 870740
900278 741943
478768 123912
663003 503062
823215 141538
383029 929392
495375 316957
680030 14678
552960 114074
268377 268993
933730 621327
142591 218598
207970 63771
472468 325759
756128 527462
184546 161970
816430 690271
503013 264597
960041 535608
452066 943672
452625 885223
98927 643322
583148 559744
891858 157439
513938 234473
988481 528354
665122 650190
838415 438712
547365 631154
175896 820824
868995 908863
879917 623329
44587 603717
589859 132255
445075 898589
337138 51286
759122 698596
590462 262596
519264 687759
158980 243631
505087 900675
896699 590830
73762 783440
578505 990873
24706 990903
64039 753245
217416 483960
829819 812907
800319 167647
497365 185440
685028 478878
66883 169074
763155 799559
718771 570904
257032 848017
286089 255817
813836 250871
730405 818012
132544 481367
877475 109215
538765 294451
674594 520345
464597 276502
545733 21551
273432 52061
712426 483906
182734 723386
447097 445841
676141 84309
129853 709286
628311 426652
30773 310917
12513 569798
294396 626194
411190 129212
275594 623543
66767 588097
984329 175648
307216 462928
44570 58688
630155 735467
487598 142285
303658 767235
913700 422915
132835 971008
983564 453432
173731 231188
435837 516519
747326 489998
372129 412430
259239 805494
589502 250965
595378 794752
213217 404553
108651 959201
387586 915985
229630 785290
884950 787839
880046 697458
560917 930777
124737 477593
748927 89504
329787 939469
225375 181804
581711 4461
647445 762865
537901 887787
597840 545368
414161 782049
980735 530474
53690 894327
104443 285656
356057 362714
782725 359534
455023 237195
891980 979953
615629 792378
595071 929473
827968 741138
393512 77837
310499 969618
817782 30925
901945 94565
698070 115325
59275 583301
668262 343018
511421 403671
165169 923936
3818 523067
826312 596587
576064 305348
597946 184096
397660 885719
41051 445193
32134 725160
936269 69700
997604 459956
790697 807934
210033 764630
619918 509874
31663 114094
847350 213370
779607 527967
561692 268451
679130 474052
973001 642051
377369 533395
343876 796208
44559 49478
319912 58979
556060 97774
933110 923866
632940 126398
844690 710082
407519 365650
282675 204878
961742 766890
66564 940750
868641 103717
44296 841026
403181 48007
652983 999474
736920 475242
661154 941376
957550 917410
848292 869903
144917 505459
623071 420607
495152 840638
324565 248490
437801 634935
110235 232835
476707 859594
41920 783453
509492 783387
23521 839466
495115 781213
258760 35154
585275 73430
552263 302011
757075 124612
768282 743461
581587 65672
201653 226675
543715 589884
280711 240108
241633 765740
223413 729624
309619 192358
130817 870886
963116 894740
459527 85134
894372 507214
322903 90641
635828 549706
759871 780638
747622 281891
301534 248990
211696 133523
870718 841885
689683 925687
986502 745273
259201 698512
496439 535794
486696 796144
892919 407301
776540 128073
80625 259220
236783 781413
512734 976587
666814 553764
528205 232282
338876 71344
679086 767277
636229 310349
261186 627082
683607 168624
536762 672398
860448 986004
842244 660252
768809 36918
617635 738818
795299 293798
750473 782422
940604 315196
297430 498708
999696 621078
923800 529968
525324 331402
405899 362175
854042 954579
25762 113662
14921 463198
735763 548765
614825 33760
883756 983352
23782 294311
170188 103070
580536 5178
149065 76556
93145 24
628768 890630
916135 786052
669375 649530
953955 601971
409178 410205
193598 201244
152915 220062
339593 75574
513130 924089
438589 684700
924183 934658
158074 261746
714063 28613
776970 491933
83579 741515
38595 804032
893260 219845
927916 279889
113934 161955
580989 929781
79886 360688
556376 937469
322921 938594
426172 776092
492569 270946
900936 435672
