942249700
747625830
15416966
937588487
538768164
210061333
815210224
577678989
830080781
193217528
405932324
642641769
277680906
120690941
205797092
27821997
342371993
650170675
795365790
868788114
307515986
690927135
873815608
724178643
486881958
482034721
905840170
270544517
978817817
169073467
501791556
382724212
637663658
957907686
67390737
482578502
114667447
506852989
888633500
236161569
493051519
42592173
48902182
179150376
358151564
438699315
889615495
672526663
459653569
183392363
991944405
255148038
787885431
768436411
411243395
618301867
536171156
926195775
882948173
182879655
943173520
534331988
615683609
66208463
936379670
632931814
172963499
870917962
375455757
105666882
266187708
326598388
89617278
538050186
40318948
961855219
226792821
942196124
114870141
595809127
62047032
506317087
583227129
539897340
618525588
143903195
852704182
102967617
657973883
68222998
672747313
298861084
495936088
739476360
179495169
255332369
63564266
850494049
617368503
718813611
87900074
308872885
757611225
748599200
564741867
936462051
536525874
142845992
566712134
348858191
632875121
949908313
373954888
511955135
476012076
272159494
112368624
142245605
164835164
31317809
353451443
947219135
333245584
233812977
128165394
193468406
404600213
362105310
44641677
140687284
783205135
108769730
143279203
629439998
698481044
878358016
99388652
46856310
546052182
417722961
404996566
905669885
269659511
822658642
179917148
705830496
532428573
930203459
194676823
426096402
586132772
211852571
948031597
757292542
955242501
28169897
817204116
344005603
354826669
142046048
946571155
669998600
223708192
612428678
925742513
946571155
644880830
435646141
666478134
61141659
96671826
959578048
929278085
532262483
86365259
786647441
609953470
131428556
283768852
646629930
583870528
785900123
450438818
205098492
797298294
75616067
901720219
922721792
958533956
90551748
162079061
235559079
378421918
378421918
573341735
924888100
592777590
51119308
725995344
515595779
231113508
742452936
115278622
811031542
125289659
465852812
629607471
861447574
123635970
253032514
835248730
33358402
208528106
301634898
990800518
752196901
199936227
660682864
462980403
621610911
458665575
40036931
354207174
608830959
576680717
718936387
584402066
489583746
496867914
415908148
490390438
665109849
20277964
631938829
889231232
389532133
196218720
738021373
60727338
