537257911
680014392
532921864
285214933
650104777
888897763
783558284
89929786
614209972
692243976
856647264
423650833
289460209
55137033
577514384
312443420
174857788
288650438
290709669
644628286
736253316
531805091
461060354
705469095
212074454
556512542
295111744
241162267
351906629
668557061
832607634
663008307
3183827
633951478
267896579
686128205
589738196
291267393
3971225
472891331
290924748
523061748
500018899
34129189
925071451
909957538
692745557
735714665
457803559
909766797
351240953
220098584
900553736
231645484
454401978
225244357
559173080
533143266
273867026
740780007
784469272
223601662
698906874
490529126
278896710
828309345
171369944
409799293
292156291
337310398
305878250
921636172
691206502
270400950
261070236
113714133
216275861
656338848
135651813
973514763
389939325
384761475
416369830
673361716
209671367
768896724
371719537
502552644
699104795
870226712
516828303
913041394
313263306
47132930
382864771
677120303
125144938
525690712
956841572
315413061
310627483
865066281
746268134
673298028
585169864
499266057
670915847
984904224
245032854
976311566
324074610
10509386
456855073
752810659
789740327
161738515
997690001
392969591
810069015
699499110
798260437
151966413
524394321
495766292
69294116
851945919
301115231
90643046
306948405
657380947
760822695
275447915
114264183
280274449
456155348
785792757
195953969
125135195
455625006
95851128
706083801
227861574
468115272
767948181
509688909
612692294
962438962
144037366
513276138
726304110
908833183
459916779
708837615
971127832
803379879
779233108
935712490
845012009
497626448
815495391
652113729
204946899
508846263
991603128
128415702
345184921
559337088
708927639
988097060
482027321
8300448
615276870
828522925
661462700
821222709
558477098
836791829
938805786
244321935
835855100
746360799
552135031
540635221
211486658
809614577
685323300
919109336
351463866
987271323
642028240
743455051
73244009
923576523
669897164
63251148
354105493
11691421
702582946
154727341
265552453
5469061
815833903
322616484
227317587
614086047
778095723
504727160
973656632
810805274
651667963
74788065
154088043
227023396
918217680
145388121
253764318
467222725
586798953
838157637
926061622
712985881
434729049
641761195
657230274
973449853
568174916
525857326
487865115
981955052
867365221
179168926
342059359
673545426
152305131
810645300
875378830
346255775
831070844
478273126
647379437
709786865
879979030
886650161
605481580
798671842
782368029
975900350
553402951
376796769
251563981
809704829
18034650
823055259
271888991
848356594
697753409
984639378
981731929
818942550
964945350
235663317
848348585
454894752
468414035
640183572
899959964
193062443
864747148
970177531
126873619
34784881
100633370
633349675
141184552
19011877
163350186
687756947
589407436
549072703
866748133
955939124
88880712
53339434
216422943
552168165
654295268
719231329
790578261
839969775
101503273
651888208
857007591
53684027
501761311
616757864
548845814
782205826
15048462
933318281
131005297
168096083
297009783
753104669
936901015
280608553
972547334
100489219
609974481
256051536
766545246
436031850
43008366
87964453
109002629
884917095
19991657
760092087
338798553
265657046
229625826
168773977
497969085
709995490
912055232
487310665
316055073
80516610
367104279
561270234
75621731
73299022
746397683
427682983
768649837
448312069
941464307
941005368
522689609
471365279
335831357
180668605
288240658
558500244
480273445
786069490
462284823
680438112
573559426
233635162
754891060
804433293
746649264
772268712
565612667
42863206
786439138
736088842
35637172
790872915
449201418
498967963
419614635
141698950
453206344
416963542
701499624
192173553
960647427
83792824
581612694
325090134
6917932
361258223
345688297
950313013
215293620
222025427
521780620
647477037
420415258
878900055
341067846
818033196
415473061
197281314
45766595
398502530
247978528
333767911
895178302
8854966
239733010
56860122
935395806
615287708
791485185
746113570
563335626
985085290
322695215
214272942
731364229
325355923
43198738
847650866
493668900
168566249
766647797
966466270
491434029
447368706
909981583
247026644
240883509
42192960
299958784
270869107
248674186
56742279
179681037
696039867
162495868
918001567
517723521
150832006
350525085
398980555
87602718
628300395
977748893
324562691
348320563
561688724
490930861
384484969
263794464
972393303
178935409
524776634
653428541
153148306
153148306
502455299
335630911
842684472
253069240
238961974
171402014
545451323
584402114
264552121
839735181
957378203
375210014
414688847
266679333
521107916
665825671
40033153
580196332
101156083
272053435
75560531
140301686
419897208
767718763
77713945
728934264
200817739
447896868
467312408
402593932
723219198
326332717
964876490
442594208
865716763
770993064
715405225
13735343
421636059
290697780
938747417
254150008
603596091
738056626
741020855
886965181
610950524
697819642
391727975
676564147
676959095
676590292
347792447
221065606
594120965
854759883
949668430
343059278
969474598
486072946
388463813
327424088
798598634
329307250
921921157
273083259
553468191
572093291
715463330
154339582
726480084
68440942
915742889
474222458
11179375
118868870
527300821
374961797
121226065
536204414
22142000
182306945
984823666
232187486
725019336
907717458
889132058
494750020
826944788
673317113
425423617
300690314
32434624
607828231
643577835
253522030
409318064
861133159
691612848
353729462
525564308
122968909
759835377
649747837
850755425
348983778
420979258
983967688
494069139
950030218
357609835
681371573
443779771
111932651
438693081
383253433
321565168
738228410
36678203
557527038
453675371
195830180
864401755
131430257
980298796
771799857
427338676
594144164
643458794
130960626
179925551
644459267
206009669
996342157
544663976
343489871
404667601
899720247
207441936
870887347
31856013
729999011
493984815
710978763
886298562
911581585
537531756
248414143
988344608
291323334
246861119
946870571
714135956
740656353
855581186
52992945
522337607
329225164
466157983
208998883
299817767
191173909
451872169
569464195
426728226
913773179
163516654
340297164
171990920
338426479
443553682
799292406
418001954
774254804
120659527
790771559
580502778
72572743
515482616
61345474
693027093
297015908
308994996
858431239
874068186
901271523
339535491
593660784
645527165
268366199
488802025
639459963
411590441
148971356
851079902
15273603
157753539
426772559
507884149
306826357
501689592
384853119
240668118
495568066
241860217
37413361
269512713
873335038
763005829
263593997
379562058
26982051
323257836
945315272
910300098
220908985
7062762
984880275
127833136
386861093
441142905
607282986
610156663
581965476
635819074
744095046
196100489
600106557
961110046
761699727
309156543
888031994
762885538
693441765
29945945
997897938
93980791
517319579
298581468
335343299
902690616
483702443
803553004
59207303
90456047
296708347
967521569
803580142
370106723
486906031
781405912
69439240
660535528
113307865
405753000
417497693
263999534
529801912
586951900
293608863
125173185
52498208
365588564
171171634
419434689
274886168
797104551
806222567
990354101
592481734
334520701
158742972
654756483
450490514
927903654
243354413
165535874
981642013
456170450
839670991
917932444
646017873
379460886
455862261
322634657
730296774
455969401
439919220
354833715
72677939
805854849
207644446
670847010
717284792
411653860
312041719
937616022
830497844
542130627
590459610
103884738
566804803
997880596
344791527
491482193
647262382
902737795
135435548
93875807
598075243
492067245
299066850
525068947
491511074
390708730
502145681
563178551
125193602
245365473
451614309
498744325
291828144
914126576
897401824
712639801
458771841
325401819
45731994
958320940
926835353
28637734
249079491
464209838
590551568
790820488
17600991
945967012
818869062
168888858
316752408
220735048
304876101
382047974
433402576
676971451
772850322
550576676
373921750
562620422
470262645
620492878
992037475
567001210
12147332
525613066
226439680
390467606
156900505
470091068
479084204
705833313
790122564
141683761
835299177
281046195
774195440
633691106
564451192
964791051
503691251
236609791
558489399
553157840
118545883
701029950
209066960
153132467
466868116
339276523
361743437
801077214
631025659
696104376
494857205
101436395
751052953
868759561
593170039
393076697
517943384
252634873
559839187
275786122
380444114
974043393
322869183
60298325
575541269
531795570
567687245
362464150
418304770
454001285
214272499
394962373
951582453
528399526
141339212
473675367
913833761
714733984
509329940
81709326
690457686
57909752
856288183
722097459
427389270
909999781
289757705
676866517
223888892
313869018
518291124
88266039
705901755
180335232
577686518
164190025
56838570
304047231
581426926
498756415
143287062
36822056
71952365
413717873
879578489
564602066
46630500
310354063
347566985
263591635
991816668
505902907
824392864
652198758
361772171
705793527
670304047
546269928
647187205
291014059
578724473
197745890
896772729
173127639
637184499
868506123
42177044
633907214
480981456
211054127
711332119
191160692
661443933
994407922
950870488
651591141
280888646
91254319
349336599
172454341
640439559
193112646
984574988
458089619
57332768
947354492
322381392
570556985
973713646
644278724
27651685
89405891
595550375
249974460
827942987
467659678
450250150
575072500
381415495
100331368
664660619
348926457
229161103
359546861
310159246
510985613
412843827
656832526
24131864
690900934
851064679
122991632
622768921
476878500
624155126
369066966
844787669
486091209
461810521
156526348
869706001
825010575
514882133
505500460
965814860
678784004
593092945
520822240
802492202
584724835
592952731
185235173
56597962
350834077
554885806
483377063
846557558
353152845
636722835
429568790
14757868
685472170
484825846
637319234
467477379
213733484
589066023
863461000
72294382
845711707
928394079
10343874
715317951
833648153
865191852
531044468
784243590
555424553
441600917
289491729
189780459
506210769
104652855
565560709
386527308
176672488
15006908
688886382
613259093
647847541
7043138
618843878
114348852
867698477
156230145
915751196
446774991
386287956
771384329
997026324
775040398
163149433
646563112
404902921
202902107
495438176
258415762
507846583
775624313
773203048
787798388
607092131
408118475
805723742
538641514
613528770
393769475
72881978
543552604
141898179
425265153
266003342
731912259
581855467
630123218
468819713
336665745
197591915
574988328
547514754
419801053
678830984
920181591
234250533
266675787
223547815
574163417
776581867
569620272
185915431
346983834
791433512
802581509
660810957
316883253
330368068
305378668
559376396
135662079
691047329
469567229
300027324
208365855
634361603
23947969
690398603
464709198
569952032
76375139
638121948
239998037
690387949
665607918
552917592
447407462
503085529
660379504
738744080
639641312
818172137
783754376
482549782
660411304
936885688
852044708
479057097
326372448
16393529
208589945
407228780
286451802
839889328
315045185
662313880
25940190
291846579
306126663
421426472
908690305
974084014
779437313
326891654
546506068
72292281
562969222
84327958
501035838
64820837
433882903
639993499
754277843
32482433
236011943
550793816
693781979
253917815
508559526
600326084
898124555
901871567
901940454
455367590
536731636
140366031
492853119
107786322
800244929
215785549
235826782
285305341
535506376
357317794
185248886
923015029
895431853
769212843
971691806
316341744
870822264
958201203
486553083
201516490
16878511
394182892
39014352
589729483
63780545
953891149
665135621
564710237
271141507
672484623
971604355
688063282
782724858
835971537
92519254
360827238
742677882
279568013
903454558
818901976
799407998
671041332
155380417
373219044
109411503
332313016
290394383
558124320
284659896
818919146
559961852
533771340
557809139
402199935
887410107
147278312
189566849
555712819
378561435
671015133
81149854
953453140
706167140
927823561
507178410
705219523
472084639
916009138
357398350
158431813
922996730
111311362
810821256
275960897
140421245
29893017
246618460
947106188
703281411
951981213
5833966
384744618
841358513
891755149
628308969
656870154
766622163
264423215
695256215
177055087
502432210
40201382
80873865
314749077
769094112
297466397
129459025
419357839
676450859
777928192
332899819
73753072
831557359
664457127
358816848
62212247
317739720
733114182
29416149
832971805
685062265
181080290
836840000
421258490
768054930
996256429
295442994
928917901
593379316
608934471
874795938
696290703
181327972
741172605
831700426
124036362
713646491
975422931
7785778
480761691
914269588
402774482
830362419
205355294
102510352
620937633
763068898
90219247
987591611
577124235
413004955
946486829
341354348
382128321
876418356
959928522
174629294
973748680
670027072
102159589
366461012
548148315
275980041
354833542
68586228
784081815
831587200
679673263
149290787
393785933
445589168
336430758
532211141
361993638
266780316
484460289
707544348
678679792
625113310
735558919
138263243
660697363
93642607
427079892
71356689
935404431
556603012
266915089
270863333
250893988
287171277
576148397
263237244
403792968
125048130
927010078
163666311
178938541
94141210
303095228
684179559
435315829
580542857
938159186
864830440
67730917
698533053
122685764
309628669
310332061
714080490
273551320
612283006
117682155
121819275
361575206
834380141
707685874
835223149
951683718
9590301
764026924
798248739
936203113
205550430
287902543
512331421
890432726
265770613
319132180
84811600
862155542
890382452
411695161
670184577
157228585
932734722
725986985
975062030
326223514
23364357
261205813
270236348
243438635
73959505
888871418
723857995
808147186
988585359
365036534
84521873
583396113
547558811
653620859
395196839
651059058
896457763
301311788
792154454
104981793
800613250
958549896
983835531
790128456
115736228
110318882
237124811
113047367
131737992
443049007
590666311
638634298
535833872
837741382
433101769
117152592
180974160
134443852
428665488
199586437
282577060
664119959
84384881
833401644
677964316
843621119
843621119
659150883
664442471
367887683
86900393
858798721
848369971
858798721
991865699
741868792
938953991
773697037
225727394
877678128
225727394
215155899
400749219
264967774
475844893
443666481
186188134
186188134
320422299
528386170
970690431
435649271
186188134
569298732
450771966
391145272
68686301
422422014
378532108
339664665
873623493
873623493
601622268
308965348
744393819
744393819
818207402
788558239
191430240
234298374
625342261
72543153
192698969
167408731
762910565
901599107
925582192
901599107
580796459
784509451
642569968
324976715
954999550
10093629
10093629
342509873
966247726
687695849
687695849
687695849
687695849
996720135
218961059
906981813
452343696
452343696
240750021
463674788
298377110
229128889
592743270
229128889
682689501
604871209
555878812
349400129
104930030
625960473
956135787
956135787
624052997
956135787
991730808
61298495
61298495
373283924
947806995
88678744
64420991
423835127
394569923
729029950
244036120
869994573
362494768
181393556
908673132
727113992
65163015
158300151
158300151
158300151
840959278
975283669
975283669
552949416
546789450
327656178
224471093
440089706
546531799
405663486
393040309
118417393
607733261
206774657
365268358
317101027
37662786
201760928
747909097
101624606
101624606
688422457
884532241
884532241
107896235
107896235
648845630
563160183
118051404
3138825
311713841
63837763
811603278
141856885
943457505
42960768
421988452
664197616
421364715
421364715
594257270
46173423
46173423
872766166
46173423
820542578
553903568
50575848
791586404
322221692
543512567
461445263
548555461
909244162
519139041
774235772
550684721
712120402
783324939
452832441
783324939
90134589
474685679
472154305
938145109
127698112
127698112
93769661
400324278
137869858
493846969
357529498
227606066
895590816
357529498
854736007
478484814
357529498
425428157
661134876
121982186
121982186
121982186
892488984
685822249
318273604
318273604
318273604
211512821
736515105
762462246
239588606
516614925
762462246
772535441
762462246
374317938
539990883
747347193
604432648
795231755
795231755
795231755
795231755
161053959
795231755
41702601
795231755
893824802
426051290
202034408
948744379
992109511
374019156
156559323
599268721
545104581
64167140
450804977
820885850
397853543
450804977
921342755
723384770
940374080
945751863
945751863
652526463
805848794
805848794
807409384
14802180
428854309
974533151
437692928
221427834
959839739
221427834
221427834
394235593
221427834
254781301
464697320
920296468
309691885
988999442
988999442
279999962
795793316
194640137
121325410
61354610
61354610
817137359
183453327
76766919
225474450
842521977
225474450
84221537
84221537
378874459
442271112
442271112
522166202
721317066
300909358
300909358
300909358
983542101
983542101
651751481
296964190
893044105
247537922
83880004
650042347
650042347
485363324
422178115
528288101
348273201
133863411
391887340
391887340
72085276
728651901
322534904
222548665
164203840
643508395
600253172
755709065
416994816
95429025
323548565
800670336
179403977
815076631
216940192
200507965
561398671
972997448
811579209
811579209
34204345
458879496
458879496
837266338
837266338
837266338
837266338
689821120
605889383
357138305
641254880
737761119
495520935
67714161
737761119
516483356
180146890
965479755
749832300
965479755
965479755
965479755
295835430
423330262
819126049
73291569
391546819
941102782
790705999
777917351
844538991
103232734
188387330
879032328
284906664
483416079
379089965
662539451
662539451
46051534
46051534
46051534
46051534
663185133
36803629
659697333
235873450
373874041
952796300
952796300
779431273
952796300
952796300
952796300
777658761
817159023
817159023
817159023
43547727
276284334
141504364
447622355
906689927
550304617
450866425
982353654
845818646
482221688
277537904
482221688
482221688
500443060
86340072
189077946
902186896
374376977
374376977
597774188
597192370
736612991
271600012
490026077
729079127
622846882
279068761
582289094
149893183
77553229
899064523
950155857
889547715
451309391
843270441
967752184
57187513
445006141
985372319
870397316
532003699
90534528
238704115
859685955
351730313
228895554
228895554
228895554
228895554
969862330
844089594
948275751
786110994
494772581
349708450
888587700
893852939
349708450
965120037
480835690
531425273
657761445
531425273
185680806
443298080
842234166
755653625
515566353
924787778
294571800
846586064
568252143
209513089
223783277
953973541
316718598
726793301
726793301
937014425
582281819
385162087
546089015
433294409
648756534
225876664
179175596
153845644
65699142
138918564
54961050
1868482
618965453
224322984
475849331
74343055
789862472
499671628
472230341
632448787
433927146
647537042
335467073
335467073
37039101
834215615
22593152
335467073
335467073
563346819
447905236
872169042
242557704
878703270
856091350
337108700
343548825
696796939
176575016
176575016
740502088
377074013
960675265
523575564
523575564
764934507
362526348
169701650
202383502
394438915
473462412
680957609
43472025
870532296
209672544
391879928
353903221
391879928
492335412
432362528
249836779
249836779
615100443
60872807
60872807
289133720
17057494
31484157
561660754
765145214
685826633
685826633
685826633
685826633
584249337
618945389
362451606
759336922
64103946
198321490
293373516
812252916
785155078
796723179
451464350
456655451
552824549
434135951
376589352
483489653
923281891
483489653
858642113
693348152
339418347
339418347
707408542
202316696
654631667
654631667
582236544
296010875
503609775
80106715
822759416
406064581
405216864
975480211
786589230
66151380
66151380
297809375
640804246
66151380
588035602
991131070
772390567
886794868
580985203
558173943
119471566
826064470
888814224
837578994
243917770
967618255
243917770
243917770
325498971
757004523
348480765
879947408
879947408
369841455
208254305
670481026
271065177
735001252
614346542
919952098
665419038
222909130
355694574
918423605
628047579
346191642
84494216
761560323
678852184
766169126
238718460
238718460
973575892
901865506
873554850
207040206
70406047
417202644
729650694
743627185
950388611
724212056
563219685
563219685
511972815
151685144
174277238
473178091
459520587
645857983
492272934
760193156
927527780
54493511
338748898
433018397
451713114
772576164
690233051
616821497
936849959
284762625
837785015
328642095
532200787
632864899
69233586
266316292
320184974
79768529
203335212
584654737
688327413
718975609
438893624
718975609
581563014
502745404
471439395
471439395
796268586
393167676
490755490
897034870
238214994
897034870
423167582
346373731
121094084
755205473
502604214
502604214
662044737
460232560
575786579
979685184
460967094
567260773
460967094
255646273
747307433
536474169
765416503
585924643
585924643
686637913
578711379
13585490
28649239
292347430
365723700
317297187
674772411
111799271
111799271
111799271
111799271
311633996
599519266
674164055
374324814
825156549
277080888
824788578
873149260
330773969
399927313
504248809
56920949
182039109
471553959
56920949
638134273
274681567
413773713
175300821
406642970
108618873
398883360
398883360
219857665
132231022
265724906
756094566
411959251
756094566
8108401
419700651
211073116
475824841
67872111
701114830
544698344
684833850
725672780
799432616
828236301
828236301
935142951
155545972
455464309
441583794
58464077
808924852
290853396
815369791
724840102
22173785
503036357
621124071
964123525
327521198
806461289
667613366
72645511
759090993
796046750
660102855
517152704
880315161
533772243
605413667
18205403
710244305
575745799
500507348
867541406
543059766
170829830
588104392
240516465
501928891
150515747
777278558
192404518
424041726
507909024
469704785
939449304
944290234
939449304
269670666
939449304
235462121
934518340
834560199
201808285
843595421
745175626
287361002
682114926
891211858
891211858
907913662
71580728
920294397
71580728
366763088
840034434
978695982
840034434
778955926
583638864
204535293
560294981
246989423
365275320
566779983
707956465
180057106
233810573
19458474
969739323
953274382
86556119
631138167
139804386
504507688
563016305
233774500
164476576
156199527
878653466
638082793
113970872
582200753
150556258
487661144
582200753
265065204
22755570
72597973
22755570
437081541
22755570
467014350
467014350
790794088
620711621
664972746
979254123
575443855
575443855
618510585
757016422
575443855
973983885
399587098
462398707
978067161
875468598
849928624
751377047
701649367
772868596
951528922
632870831
187770994
989203588
114412955
518335941
719723103
479511984
10550158
518335941
155004625
380621315
41160471
567663977
770195096
516963822
770195096
24942872
933371290
289015195
975666935
478015043
456542672
340677238
661154249
361466340
361466340
663951939
954725187
810293195
324780412
443966250
189754774
859349138
755044699
922439608
476429208
699362614
920940728
680626255
959434053
422653980
566379409
294689851
937335914
865018696
29169388
417078602
672213543
417078602
417078602
70514403
262162302
797128071
556556772
981373083
981373083
842631598
617242389
789875916
624531545
281503383
606039675
373779295
884627921
720540891
681537321
855982999
158915433
813974329
99513027
809730093
650815216
423453334
423453334
423453334
367295564
969148106
991535214
44175458
513879615
923071388
971124989
318064266
540270588
825300411
437453067
517163681
312123207
158932778
683828806
363046486
164895713
443690860
471802602
974798046
749203236
759827373
909705422
245102158
689244630
716552555
221644913
206732472
695932472
695932472
509967466
329400935
403195004
888409880
137794186
225740338
733389989
309003194
221559078
433115945
100122500
433115945
908512336
616783854
495948141
52330145
418093004
310356538
751579189
306436935
760642934
830675851
388016620
689005214
36894019
36894019
36894019
64154070
36894019
36894019
833742048
975483687
975483687
975483687
374050101
236535609
549077524
951563013
502376765
481952217
55753753
358790219
370943984
212171
907224050
467545960
118747704
139144641
963822360
331042075
331042075
331042075
21728567
81624400
249685680
237716727
301979185
146643492
421807887
143694689
917967566
917967566
788691301
313874263
46137347
850156122
235997987
556426161
616701463
773906149
826303119
656433448
118923151
160639196
441533481
11873581
941462335
448349746
387774906
920870907
920870907
905151408
462785610
956169103
389335791
218902351
173076544
92135833
627973487
638957705
26487264
975776748
500563151
500563151
667923180
702603252
237156142
39328997
4969954
128292311
330218433
792007829
182459551
695856496
520228443
248846147
386371479
296965527
296965527
296965527
517684043
954819494
536574454
173439069
536574454
264530756
781902322
426498318
916308890
536574454
615223755
563295617
895314866
874122178
860466245
130951182
390244236
550672833
340221929
729939180
306695710
96279044
127364349
929392706
260393693
764794158
60695407
435487499
150957321
365427009
161767163
559042276
588415037
544310591
97801016
192568133
942827722
937950653
638602827
9678813
240906778
267727656
469439473
193406062
118528205
118528205
353010054
545813260
118528205
446844820
53067875
833571572
918348014
633128721
102167944
958367241
700895412
251469185
54507634
779889947
54507634
936044552
975125549
557970514
643271985
282631124
369712218
619184840
622904256
619184840
619184840
898106790
294749751
619184840
