1 1000 1000
748 550
862 19
803 982
173 199
294 36
134 839
204 39
274 587
231 142
891 596
973 68
417 482
409 261
956 703
749 821
913 504
474 65
923 738
410 832
750 933
580 593
535 666
59 875
813 408
670 990
876 269
791 29
19 924
563 513
69 307
845 84
610 155
550 17
402 769
866 919
384 447
180 772
233 938
447 297
916 578
858 52
240 720
874 912
73 437
776 905
376 497
350 615
296 767
68 479
725 889
986 275
471 470
547 190
920 853
934 510
743 447
348 563
901 295
128 87
754 251
773 212
777 510
267 301
25 724
605 507
483 370
978 893
66 417
175 880
224 638
250 580
99 311
339 828
656 840
598 346
832 912
969 544
512 385
330 642
465 325
164 54
930 130
161 978
802 806
844 508
734 154
714 357
972 299
151 689
996 577
629 752
789 796
925 300
16 971
229 517
716 874
225 987
898 440
264 831
661 939
568 65
698 431
971 703
226 716
191 287
95 481
110 652
458 979
523 501
770 26
731 366
74 720
867 720
841 526
18 613
878 407
29 589
85 195
993 48
676 156
975 984
20 471
977 132
882 134
4 233
260 219
527 198
214 800
740 64
255 712
637 470
657 181
310 614
462 146
292 452
36 137
35 333
279 319
704 439
1000 143
635 200
962 920
507 636
689 445
38 648
818 494
718 732
877 740
769 84
578 38
571 960
560 642
737 448
870 768
989 358
341 983
455 961
206 790
50 124
190 824
22 895
847 130
112 730
239 403
900 483
288 45
293 410
327 105
640 28
590 142
478 886
800 389
75 790
24 896
623 451
472 560
382 239
323 449
753 827
806 563
613 39
322 764
555 382
658 689
807 894
456 940
720 883
359 589
485 68
291 339
591 834
758 485
723 843
87 671
939 567
490 325
361 338
390 479
416 874
429 178
495 562
166 460
820 360
383 426
303 370
324 616
320 865
861 928
249 636
741 808
289 169
365 586
531 662
557 496
928 485
556 739
798 666
187 379
710 528
985 744
708 601
123 132
261 372
850 689
466 251
100 565
686 272
26 44
792 406
514 494
812 453
347 807
44 464
184 107
65 434
82 391
589 62
433 809
92 162
174 378
955 778
871 486
581 354
236 605
399 300
864 875
332 770
970 729
336 267
595 777
207 628
90 970
230 824
49 96
107 724
232 14
984 979
852 30
926 752
711 722
577 153
647 685
306 441
242 181
739 926
155 258
772 204
937 675
884 179
533 691
436 741
510 467
445 891
728 880
896 543
398 29
869 253
759 844
960 56
583 605
860 919
139 110
724 140
39 873
520 909
641 365
64 37
102 463
693 903
757 628
355 646
919 835
329 823
380 556
337 700
311 84
414 548
67 55
37 650
632 48
440 652
966 168
494 939
319 808
493 499
695 595
761 388
317 147
755 230
379 736
312 823
697 581
215 888
1 943
216 266
666 352
62 23
888 104
32 221
569 241
908 15
284 446
140 26
9 459
835 400
45 440
211 697
903 96
774 336
722 786
431 883
198 866
238 685
685 471
354 814
627 435
388 831
817 943
752 909
126 222
285 370
84 616
822 146
313 819
668 504
283 232
368 977
30 213
548 758
506 113
385 879
430 439
149 59
998 924
375 106
953 65
177 532
540 230
821 46
988 355
747 713
378 18
721 127
492 445
111 294
964 699
461 163
300 126
592 228
608 861
719 486
751 620
597 325
57 522
106 225
373 984
992 303
54 91
808 847
295 321
422 324
976 872
127 738
217 388
392 574
545 873
418 535
742 970
158 123
701 847
883 115
145 859
81 665
662 207
619 311
243 180
304 701
366 299
611 601
246 160
932 204
72 84
491 2
827 583
541 969
394 470
500 959
713 510
584 523
171 628
961 282
991 382
479 179
412 385
567 356
222 424
764 715
437 817
941 952
715 435
386 889
33 630
167 788
154 895
146 880
396 422
857 738
463 58
427 75
781 310
967 550
565 443
726 993
335 413
848 925
687 612
101 548
401 386
897 865
280 981
109 669
600 225
994 444
305 953
307 184
684 263
265 199
245 288
496 584
673 591
132 259
756 470
428 537
735 807
539 435
415 623
902 464
681 66
137 698
351 328
104 124
467 133
17 145
408 529
524 352
717 362
395 239
258 243
282 833
614 68
840 658
286 28
804 495
371 766
63 275
650 265
763 789
48 830
377 278
55 226
441 927
621 783
980 199
796 385
299 852
156 886
212 264
534 845
148 228
665 771
363 85
683 214
730 396
823 454
273 912
358 372
778 786
872 109
622 614
476 19
257 884
814 435
938 508
532 989
646 843
318 88
887 926
853 39
552 466
120 730
834 872
325 799
799 745
227 243
949 792
829 811
664 176
889 11
810 733
136 212
421 782
2 807
51 163
679 275
7 131
831 174
963 323
411 631
700 192
760 825
921 846
241 116
482 263
308 812
816 924
186 310
439 136
176 185
652 507
141 942
47 60
538 372
449 139
254 902
228 173
193 731
958 121
612 352
509 379
504 378
982 219
89 541
703 428
14 409
297 317
197 672
911 449
575 806
170 119
129 552
828 760
843 997
150 539
172 980
452 63
907 763
696 752
809 729
78 505
767 86
252 768
917 73
453 689
954 612
783 919
672 39
21 299
438 933
113 573
270 232
630 474
165 313
277 894
634 286
553 910
263 648
188 375
138 21
609 958
407 62
944 796
946 633
677 710
93 172
929 897
694 800
604 96
70 336
863 695
515 62
801 23
830 34
71 335
499 547
905 952
331 534
160 261
11 188
391 975
218 91
624 719
346 612
570 992
446 82
562 197
202 57
699 175
397 517
86 87
287 434
526 639
451 678
785 935
27 675
333 1000
690 1
957 698
10 203
444 844
420 479
819 435
892 712
995 926
851 215
125 442
895 664
692 948
133 145
824 821
52 152
873 699
147 240
906 217
12 409
108 532
914 329
951 841
952 363
542 233
364 513
344 484
586 919
276 651
968 419
615 226
340 383
826 392
281 641
856 367
235 28
6 119
842 962
620 989
23 812
979 571
301 166
836 306
442 712
564 702
990 130
163 898
97 21
950 62
790 636
765 762
278 180
41 951
602 589
42 479
221 630
315 872
369 225
210 964
733 446
593 146
183 625
849 670
543 116
572 128
508 77
890 980
91 873
603 849
464 22
203 887
159 72
487 734
349 939
981 707
404 775
638 809
904 694
244 860
61 405
460 361
119 971
576 455
922 905
940 439
360 687
933 72
13 893
885 194
103 970
353 472
859 331
654 975
403 238
513 93
406 656
645 281
195 561
653 547
503 520
15 43
269 374
497 488
484 781
682 620
566 702
194 256
588 554
511 333
909 57
554 311
302 359
298 431
413 939
473 687
372 197
596 283
669 394
426 301
205 978
838 147
546 837
855 665
425 647
423 25
53 979
875 20
915 727
480 128
727 433
468 935
142 729
40 940
457 970
470 738
275 437
256 322
794 396
894 265
248 365
854 112
544 270
659 833
607 579
522 415
959 988
788 636
585 869
625 6
268 969
389 639
271 760
579 862
105 368
435 144
469 409
200 938
549 953
931 789
881 368
846 354
868 797
88 850
498 541
58 354
780 448
655 539
660 984
519 167
362 947
633 303
374 318
328 59
606 272
667 242
793 886
213 326
253 764
729 369
262 220
573 405
28 413
618 22
601 777
648 990
342 572
746 899
744 773
454 129
705 745
529 974
124 535
558 95
290 864
5 417
702 392
707 336
60 853
266 601
617 486
797 475
574 551
367 17
251 304
787 306
326 31
314 318
201 854
208 732
345 290
94 291
709 61
983 615
762 804
771 252
518 681
628 41
551 55
712 118
387 757
999 384
678 26
43 560
706 613
419 149
639 31
196 384
997 521
626 151
309 487
537 826
651 692
918 685
768 97
779 688
98 18
530 488
525 425
732 676
381 981
157 101
582 345
766 227
486 393
3 258
168 274
745 147
912 732
459 796
143 537
46 585
178 680
338 363
649 516
77 785
880 686
56 397
910 13
899 546
948 853
135 539
189 834
927 835
815 64
782 72
434 977
936 770
220 283
121 237
643 264
343 121
837 72
219 828
424 555
587 608
443 432
405 79
357 890
775 494
675 266
162 885
79 530
825 889
935 628
528 891
181 616
517 219
594 136
432 387
321 882
185 880
122 494
272 628
811 775
114 326
8 892
505 731
334 92
974 692
83 479
644 89
169 131
153 453
118 501
663 26
488 431
691 643
616 443
886 623
316 836
559 136
833 33
117 115
223 159
237 116
516 185
130 345
481 379
736 133
234 585
784 669
865 168
76 442
839 408
942 652
943 777
247 187
131 43
561 860
674 151
80 136
152 391
521 589
947 487
795 936
259 809
400 789
502 126
199 414
680 980
599 323
501 748
192 40
805 661
209 976
475 55
738 214
115 566
179 765
536 168
489 83
786 935
352 916
356 975
450 22
393 182
477 854
182 476
370 687
34 794
945 352
688 448
924 428
642 257
636 836
631 866
31 291
144 497
116 411
448 949
879 134
671 45
96 238
893 35
965 266
885549202 703915937 976034611 745775436 540907995 818478317 452348565 124596645 790220229 273800106 342792060 992064635 772596063 847118357 889252461 390017251 529320255 924617748 643412726 867702524 826199757 953733368 372594868 509594343 663823554 55736444 245085942 764956402 361154791 131450182 148670707 76522091 8943606 105036165 645588163 971396996 12093445 68682531 454427806 686340485 391068975 129277918 518284063 280516192 950928423 272585822 834332361 122704275 799168011 282615642 323924349 374127520 735882466 376948799 28139464 89181425 808524861 690749107 199935495 767211965 966125404 697486316 505302118 926393396 426729627 444089237 581366060 164048976 968131975 749093246 860453925 491877240 893233515 817164763 130468907 753709661 635656515 640054315 993888242 303919959 303815040 932505008 72393065 975170439 485198439 832518045 191403026 590148276 403474184 874911543 244678113 661349637 6537974 785079991 231366703 14328856 633612091 465916805 978094070 592747813 388411700 896559180 484311197 141301673 754210136 187022951 488223623 853256792 639938823 177847856 897356762 94820136 164521186 244827179 704097808 831263263 539959379 582238020 458681740 872772442 190589608 389551901 814285110 416220442 588929914 147997444 910585076 437789412 328798134 80810328 667761569 780288008 339972004 286577776 125830313 328006215 855344614 968950784 973464085 206875567 992296488 735175803 227355111 955442049 123775076 154594447 125781713 948464776 653865619 205941587 802592611 81751945 774370441 501789005 66970053 473618738 769838385 938328500 348804047 168009465 333499622 904840227 305059320 193243324 132312033 170057302 642641769 509077803 184257701 686154689 112625676 571927598 136169613 874955908 786153179 355157424 605847217 491079552 188835842 566623139 539213514 140502131 132262018 124878099 683752695 36395554 489281872 535540955 598150650 345307164 231705835 228206347 854571058 330239978 589221296 994948709 772774683 879166674 245968466 85661202 934430827 866585229 133430973 197118234 558831340 983894511 446325403 266720420 31891905 143482631 428160133 196297665 505601150 628206517 4380323 809751160 639328102 328083710 79354396 727490323 30419263 788759580 639410616 810562528 324976829 805691678 989485126 763963599 414953183 559667807 956745811 149340916 51901112 775620699 40360922 234582406 427853677 364656541 403649783 909507632 74775797 127156952 854429458 901934364 317075377 716951276 949998597 348574787 637970347 10172252 195057082 618724764 111967436 951752819 646348306 528725719 515889573 889131545 623266336 800972502 269827335 873594480 158462253 654155814 195511230 605282791 860364333 841117 819060895 150944497 178237279 114123775 784790835 175524193 222306171 538043892 16996694 889918626 97007414 172183193 285100307 553530148 855240098 577574078 291161298 680461402 282392988 670988389 50148787 522885190 365114319 623950174 768823125 486742506 362015534 222215944 55454708 146063509 223434367 197918780 587228200 290710635 532652026 928674816 298657604 408652431 35494446 573227685 529353848 234488514 985464632 391413838 708542258 195558895 988678407 188377919 800414898 867686349 156213787 13795863 865469312 78958600 874414791 253207635 352718727 532367497 677874586 406898455 577132265 9670093 52654623 63844716 868788114 10149911 617454913 556929995 566350181 944962269 164211173 404173373 806759213 94708821 316513726 317147376 606837148 275844015 782351960 447911324 8412018 226277588 897760577 665622876 277405137 715763294 60805623 535047240 291483930 723527590 414199662 407766052 613934975 194536798 492764216 774466367 904037667 234337744 773323885 211433204 336520519 783136936 672601646 429321582 85292870 254657895 289208572 221869579 386660132 305948402 299810286 300391448 210061333 501034119 610007988 405550645 746840559 260617812 755129011 205744890 277608391 704574659 480152884 949628397 5844462 273759156 313228097 524235739 373651145 162604978 638550766 819266387 897402002 747625830 148664465 658642673 433620939 900524870 859737724 316957980 582749534 114610511 711216031 865210737 938057169 102892991 93305301 283701275 236161569 724201271 899768159 144309741 86499582 73612693 641145355 239569321 412277491 849936053 638253065 622831045 200150284 21926638 336493202 924457314 426896690 591970385 845406947 606105445 441868923 829325232 623556308 729588666 898255998 312987501 81108417 106246765 705311572 290900941 617084546 276469179 981623595 890431098 675671678 410249976 927440390 898569085 180933195 468809814 22960591 113309789 643860175 985180134 33301414 729285973 996641077 132857605 797333414 201659890 388269005 417219070 320852186 855325410 436623560 626748513 164254361 965339075 133904435 648863516 370474663 413316741 454390581 875067920 477075689 423051055 279186895 846507670 793673988 505128049 147490790 792484524 670676871 707916277 990480431 970738401 672818654 987581028 741276784 970733268 223013370 164327970 328083819 335737534 142122611 819938109 284585891 551176691 342371993 209376984 720813188 988243639 264051576 863465167 203440900 121512622 961112566 478533109 169198932 733822737 446259438 327001481 905375923 765024574 90339998 411989233 88446800 461940663 799863229 798556241 428329956 77361407 237656678 62602561 659675285 957119249 215653072 72490743 378536812 524577002 638224936 258668869 85010883 885246455 379486046 611403530 70663392 857105768 81078680 532283462 801889506 139014032 961562013 486110348 159332958 258412056 990342025 814819291 51408211 58622412 277005198 763700297 286842672 422447263 222665200 469673391 304042273 315655710 374263428 82157135 565654092 513846087 133518536 911529956 282096117 617059363 382781034 548041909 441873025 158910603 275951337 175869747 234930309 322844198 306086449 115936961 158854876 392091164 783485753 382724212 267659598 69458824 350539299 335748738 94967268 14916011 742959293 936878421 972163421 493490111 583213261 287195248 933557317 272952252 870517768 699456091 321567498 12018056 943983689 270544517 473159775 402112522 613207061 894933174 878286689 715591226 575158012 301893588 302434836 352220268 358336590 504596496 906281809 297506128 9229908 841081145 866207335 16848008 693914998 62555282 46326555 55962912 774816463 447936256 2749797 690235039 431784490 463008949 379832289 794790557 334449861 62363763 485342696 778420452 384313688 199844397 808256845 362493517 700110817 438162530 300497208 422091445 562025834 699949806 263684875 546594120 173873049 586087968 12796566 776138772 426197033 284724137 618252851 500666861 587134621 442892541 896690551 781979190 245033182 120690941 397804788 885989343 420392838 885264122 604454455 859734272 942249700 305558580 48066323 915412678 915522699 21345506 717801476 181716541 844091534 565836666 459277556 405981297 520388273 736841466 781359591 678143500 786670589 946479519 597207303 315048930 59642259 906733794 930618133 690927135 275654173 482123582 340380521 503313159 659675316 486271385 796860069 898788103 243782661 159394699 530047037 809260579 96912525 204698440 830860887 478629863 255262270 246935981 880736461 17397890 542346681 509723907 525327610 616360357 754709597 705516725 199368578 756752679 410043240 563698076 467698542 806773874 69108694 655605034 675738097 562562769 148511830 478868662 637780325 683208795 468493755 329943151 954878068 775711362 268806846 456094219 715071836 134195005 193305692 71590318 493788839 512295845 757289232 562530243 442820735 234318260 5942178 682956461 276242859 292342846 466322826 76665102 12655792 300411964 204684672 913447827 764457473 284178852 864177317 795130809 272955155 377187845 463650056 776416589 243634108 895070747 694815375 488732828 849526432 787364762 254809955 943689676 607297031 991309479 970761304 640855543 401159811 117809400 789230236 705946346 454781405 8724741 843981598 302492246 298155237 297606325 108825024 817775339 25582529 4800883 767759981 291636295 765576037 597266801 15416966 113647010 252356273 593486728 50979026 763663030 611691760 371608965 615200541 541937707 101940121 318230815 121913725 530213039 182991811 485110983 705683459 426333851 705009635 140900513 294013313 992733448 54395856 669902650 667209427 518992738 190580876 771353024 748889464 594800950 559989903 53156748 924252233 886551938 109299815 295693299 16721460 289917898 54324518 9006478 220636301 389168391 747127088 683747929 248324390 185571660 253430878 147574622 288276867 532671113 678316047 108192634 994554154 464732014 611318649 723836485 35872668 136089408 373077725 244999148 57649852 669491469 233862552 37417807 175469215 876825446 990756442 251051920 872626380 528951452 100334768 417665914 340675512 983745502 111392674 523056623 88172971 318492644 334895969 577285985 114954779 997863410 463548068 431517522 585964225 101013498 529772746 55111468 782165732 673481240 218071187 63081941 48105742 98907608 775940324 878280068 927437768 333741698 97375068 559978583 429950543 761270472 237787651 117115479 762514861 935325355 143765988 339912834 819757444 733483747 234116414 594305155 214710370 725830320 723989776 121931608 920166519 837924752 300192818 62389235 121555298 45451359 712396579 689563579 611865547 976206658 195197853 786565119 349190332 132383966 631120510 447276362 482800696 289178987 50898398 370096351 598948710 86440826 330548534 762826934 663323652 179295754 611115730 516703533 481709097 334744993 439655305 168127838 765205624 939333067 238232946 773937755 871516275 596381596 232665572 815210224 274088620 94999222 511630192 948966294 209996100 878738069 775383012 762311559 771575127 273403971 416429875 148552918 538225092 978088987 759509903 221736720 704638944 247992597 268441100 3052416 568930470 572808987 664996314 979697822 528064411 5745966 788449582 850464932 816010065 689109110 69506913 170732729 97976419 988394876 639187623 928685531 100512579 957699251 404610467 230895591 470158808 278761003 463948496 535896655
1 673
1 402
3 273 863162941 822748767
2 189 558 210928804 518435623
2 21 576 357485478 966465085
3 433 366082233 120268987
3 834 337631081 744582721
1 801
3 775 541466185 267435119
4 60 4 202440889 458020424
2 358 579 342401785 270526363
3 60 432130356 470623369
3 115 32343921 886891606
4 290 6 23695788 581553030
2 298 865 817559055 867609328
4 8 6 791810321 80401582
4 242 8 323687478 146229662
1 76
1 470
2 935 380 811031455 176396394
2 607 951 674675164 634352233
4 103 0 678648558 494999117
3 690 896927498 809369631
1 381
1 956
3 426 475026556 635377532
3 301 522568201 245560586
1 230
2 366 176 485951265 242768972
3 66 96043840 250465583
2 620 588 348212391 443427551
3 592 155073925 942420139
2 705 840 298829066 186887010
4 439 5 368406503 859773075
4 76 2 229899864 990721282
4 379 9 972858845 430731933
2 123 441 850273219 277482114
2 729 392 349007990 765827153
4 669 0 321349654 902301082
3 711 179490071 235519937
1 732
4 216 6 958205823 665469004
2 533 582 701409606 320261050
3 409 967238300 158561530
3 86 811773845 68418557
1 711
2 443 377 38349172 982987776
4 40 5 508453308 61279693
1 216
1 167
2 708 8 116643942 110627140
3 556 681125335 881906965
3 632 420998525 282382452
1 175
3 673 206161907 459995233
4 806 2 492844514 561302542
2 653 679 176437633 203495259
2 694 229 244329262 413578924
4 895 6 100825379 199858351
3 572 552628911 941571675
3 10 841702785 747516916
3 975 987718797 718773710
3 56 416192909 673056274
4 390 10 809401276 137371998
1 666
3 939 421557078 178556881
1 858
3 540 514308970 219494034
4 303 4 45258058 621265420
1 211
3 933 215932061 220115742
1 505
1 637
3 279 233256165 428640359
3 43 242068514 48666258
1 533
2 783 98 437419564 263331527
2 58 549 894779159 806957556
2 113 531 937093792 297565231
1 333
1 656
3 359 97969609 459947235
1 696
2 259 960 104194534 476288677
1 567
2 58 478 416935483 213276784
2 273 884 898899454 63615726
4 762 6 301437084 649215481
4 868 1 727097295 697827759
3 672 426187011 57699141
2 486 360 131048468 946388738
3 111 508593226 125869553
4 546 6 511356222 153722194
1 483
4 859 2 273407248 570788743
3 231 0 873112480
2 110 649 86630735 162677564
3 160 360711520 662752256
2 871 734 474878897 861446240
2 312 722 29586107 216291852
3 733 831170278 268475626
2 563 301 511285814 351527793
1 76
4 222 5 808854405 762405577
3 71 706287952 194999635
1 93
2 202 283 426975514 445164613
1 83
2 995 794 727593844 634258257
1 606
2 49 692 503795269 90775490
4 540 1 814327675 212414334
4 81 8 73825678 561435578
2 977 943 249115743 499866920
2 778 481 498707213 574242387
3 706 462990947 790290091
4 571 0 223308992 525652229
1 162
1 225
3 452 175695934 260446702
2 674 897 139524626 845204113
4 243 8 75752181 673954474
4 775 10 82186784 990972185
2 584 321 827626745 784502506
3 629 224601785 246564260
1 834
1 586
1 117
3 161 987539809 183360692
1 445
3 718 635395471 882665807
4 265 8 83083653 129763252
2 341 694 89151562 123631556
4 960 9 305288618 169001789
2 95 672 341904794 374263942
1 134
4 612 2 493644341 698692036
4 808 6 983472837 420326822
1 745
4 977 0 724696973 123677742
2 444 487 726532622 461639332
1 883
3 272 30661586 928168078
3 48 411896408 292697245
3 587 656329860 805450313
1 313
3 140 291135490 184394751
3 919 249873336 411861673
1 890
2 362 437 149654146 978987871
2 83 84 755277987 698447241
4 914 2 31860994 470833928
1 417
3 607 393470724 898876470
4 715 3 696744378 426424221
3 998 280933559 160062756
1 578
2 978 161 17017020 850489440
2 516 103 961505105 72335160
2 202 190 317306740 664263096
3 924 341038870 624946791
4 284 4 693531605 678846561
1 930
1 918
4 581 1 906160431 859161020
1 828
4 836 2 297212817 454126076
4 810 10 891939171 262258013
1 911
4 108 10 478009815 228906703
4 731 9 443336118 625326933
2 681 977 256270626 141381251
3 491 594813755 98098033
2 30 457 724649153 889192844
2 491 250 335158671 97532647
1 301
4 507 7 311251371 160036873
1 589
4 1 5 374209087 477737849
2 905 114 529946413 915223378
2 940 467 724006707 332184714
4 757 0 893744233 429270190
2 555 796 243838532 432646668
1 928
3 252 814384517 228413054
2 313 276 284057777 223333345
4 478 6 953063371 536947248
1 964
2 622 922 401684306 662976994
3 376 80109419 713577414
4 592 7 675654703 770485096
4 881 1 639304223 815382327
1 236
2 352 270 571166156 258372369
4 989 2 499729279 680466783
1 223
1 336
3 206 19320681 678502170
2 491 327 438373056 369110253
1 913
3 127 135956632 636323378
1 529
2 303 311 393431232 949693009
2 698 496 226159955 656531324
3 987 695856617 192236116
1 660
4 71 9 386771224 209631305
4 910 8 242896739 190017677
2 894 14 852797254 151903691
1 703
4 81 2 225512800 27577763
2 335 957 270003826 225641499
1 349
1 799
4 411 6 196205651 21601733
3 247 635788716 997739334
1 443
3 865 72806534 787799840
1 35
3 995 755158468 617791777
4 572 1 225942516 197203777
1 719
2 133 399 420747154 775962339
2 171 973 69499179 162571808
4 426 7 871573578 848322993
1 263
1 657
1 301
2 824 70 364962044 399870027
2 21 170 90680621 548670310
3 910 538007176 584306543
3 96 157516748 263683747
1 162
3 49 260404995 259415242
2 948 141 253587573 427189656
3 506 708340950 258135895
4 265 7 408954778 606093591
3 823 410642657 20371609
4 644 2 154796755 702810169
3 761 704761831 898740708
1 128
3 963 123173305 676764356
3 237 164290439 762468238
4 370 0 529035377 159691305
2 736 883 425575985 804477004
1 480
4 992 7 755138721 855366769
2 78 809 590945751 279591275
2 46 530 712575236 256158775
2 505 969 410270504 707414685
1 184
2 119 338 365219231 960205235
4 176 2 116544202 448186614
3 857 250809259 280552166
3 315 660192205 620589668
4 10 6 325168442 311104636
3 665 141675208 918085286
3 493 76174551 761161618
2 343 615 488548252 370936500
4 398 1 552713851 520745015
2 198 979 289054635 640210132
4 487 7 550647619 294753331
2 359 267 799926876 622303517
2 88 403 41174739 555015143
1 176
3 40 319134421 541349361
2 910 279 115192999 656224713
3 268 828870961 210976996
3 877 991981148 446642751
3 729 947957127 683696400
1 481
2 52 286 86680841 442747668
1 844
2 787 521 252217999 684015692
4 949 6 589610319 900291151
1 71
2 648 910 744516444 785311206
1 830
2 982 182 965446164 732670995
3 734 989108075 136000528
4 312 9 934441680 38685202
2 445 841 965267871 841106409
4 153 2 26793463 523591838
1 765
2 102 791 135707138 757193099
3 495 154556317 539299880
1 567
2 428 247 29256000 872566963
2 283 659 893140325 594677077
2 175 992 294799591 373592810
3 589 557641700 844719223
2 371 703 994191018 384508117
3 478 265253733 244758748
1 393
4 17 2 180696829 530147808
1 615
3 584 698723916 312052572
4 228 8 187250489 788642640
1 869
2 567 746 249003867 430755013
1 849
2 392 659 951504489 237682780
4 266 10 196069014 592019502
1 511
1 577
2 412 1 262734108 138993168
2 28 113 886288910 153304466
1 659
2 247 522 686500058 450458523
2 953 588 490118464 792272201
2 82 783 214511454 398624519
4 473 1 335978657 537166260
1 686
1 293
1 454
1 312
1 377
2 927 143 44797375 969628766
4 565 8 280826196 63061203
1 791
1 155
2 854 662 206532339 655295423
1 13
3 941 276021834 510820246
2 562 678 424448292 189780830
2 469 863 36816144 195071210
3 133 430754243 995746692
4 478 2 367770307 152688793
2 169 533 932744497 729220008
2 496 367 668711689 340530398
3 157 853574787 25646485
1 217
3 79 368243418 977329117
2 585 285 37173033 643577738
4 790 9 708391432 979259619
2 466 785 864464405 788263235
2 109 982 427409760 986064481
4 550 4 47316636 242134652
4 270 0 207801795 277433011
3 657 697587644 25236341
3 371 226529955 198063588
4 159 7 142405791 771679523
3 880 956295271 719656173
1 628
2 808 633 298803368 291925332
2 470 42 982287259 954573538
3 782 26030281 295932990
2 72 417 937073766 859910910
4 486 7 912354041 878733845
3 372 454794312 530082765
4 702 1 209498189 442706015
4 221 2 200623403 913846576
4 994 10 659027282 563702005
4 946 9 154909089 180814595
2 917 855 933557444 164503544
1 799
1 575
2 348 39 873971181 717826173
4 809 9 684749850 526817568
3 361 121907013 103864724
4 59 10 341227944 519076097
2 18 6 723045983 300108868
4 804 0 690449661 184827648
4 780 6 327992745 614747640
4 876 9 839686406 209138840
1 933
1 117
3 899 705508095 504546605
1 516
2 267 193 806238244 744959003
4 85 10 453939458 564348448
1 509
1 608
2 123 757 934248640 804824074
4 434 7 115068822 902830100
1 171
4 205 6 537225547 691772258
2 378 443 579691244 144885982
4 296 3 329799374 288895843
1 138
1 220
4 718 3 711340892 325346090
4 825 4 854163005 482110846
3 824 468618624 344638821
2 605 757 120675427 237847745
4 906 9 229748158 522006229
3 769 645804411 477148109
1 239
1 696
3 452 795463021 537493433
4 812 9 832346423 515300849
4 85 10 517386008 152823003
4 183 9 305790733 764360429
4 971 8 375835882 907280055
2 408 882 1963449 525274488
4 799 0 920831664 240113599
2 333 760 249394703 994560906
1 690
3 148 291000313 481511315
1 170
2 54 189 874702243 968525984
2 651 401 593935443 27013049
3 263 297343865 452153844
3 479 690575123 539464652
4 75 7 893564370 207925731
3 504 11520874 514249000
4 240 8 4838656 445076652
4 490 8 295618095 829594585
4 515 7 883344120 632918434
2 730 856 726554016 780619143
3 271 912015525 12125712
4 762 4 59955437 237399705
2 291 550 278222271 848232028
2 203 143 221564927 794714671
1 527
3 851 306662837 29027039
1 224
2 963 428 857723720 544349175
4 184 1 821897917 909683191
2 979 662 905314374 751675536
4 291 2 215075822 707893523
2 506 839 270798418 783366328
3 120 513507302 559920629
1 928
3 677 889075867 71283114
1 620
2 815 327 513352268 435423664
1 572
3 46 541075768 244816740
2 250 127 587773659 754119336
4 821 4 234707044 94869721
3 193 863822423 434035516
2 999 48 905339316 969298593
1 260
3 931 551602352 206657284
2 413 759 0 319317944
4 73 6 560236736 390833605
3 729 53080867 464604931
3 710 420084051 553414859
3 731 561846132 644475137
1 416
4 610 0 152935190 544360841
3 376 347215652 188071779
1 795
1 189
1 456
2 353 186 777095305 309618975
4 147 0 504865594 283042961
4 510 9 732997685 694971454
1 235
1 237
1 157
2 675 133 363592163 673087158
1 642
2 805 429 540634386 849864776
2 430 392 762885863 111724669
3 558 310918425 353985205
2 304 10 727214621 820805104
1 36
3 153 873754203 24926812
3 225 610529048 857151461
1 552
2 87 582 951180127 620901086
3 107 126654817 21408114
4 56 3 152780663 711783663
1 963
1 222
2 365 380 416757717 395182321
4 152 5 288431490 334001640
3 732 178379887 744054732
3 216 171692300 885363591
1 206
2 579 551 816489463 329327686
4 445 2 764035799 250475986
2 921 32 39763533 943701227
1 279
2 115 766 460671507 553373836
2 383 41 882465267 806214296
4 856 2 301410983 4748234
1 910
2 919 502 426455104 270812486
4 171 8 331915285 147658279
4 515 9 594838875 896542641
1 958
2 548 753 671235621 215838763
1 492
4 169 1 747058975 52608758
1 512
3 49 84986169 33492821
1 561
1 743
4 707 9 188369054 180050196
4 650 7 461351677 260528013
3 322 967532089 756523537
2 58 188 456534323 928052005
1 616
2 272 709 550102963 175604783
4 144 5 56438581 750814515
4 313 10 662593505 201497265
4 905 5 531030702 632452673
4 645 1 166080360 784692127
4 862 2 350403695 727952873
3 270 612752326 166019774
1 281
4 80 8 194932907 147636619
2 754 843 291709771 665708435
3 789 990677369 497728674
1 116
4 271 4 988479083 4125922
1 47
3 369 775880765 211510626
4 689 1 260943351 213564323
1 43
1 918
2 210 918 415668590 476274639
2 727 194 76376915 928601118
4 521 8 921810212 719462370
1 473
2 514 258 90962127 453836248
4 748 1 461493090 286598879
4 669 8 815428834 755005826
3 593 751548820 664846607
4 900 8 582637276 674302468
4 815 5 34168003 988689368
4 31 9 901207180 118189271
4 126 2 820003029 496249072
2 757 179 84621933 622260493
2 466 732 309880163 116503903
1 444
3 918 17632765 636856141
1 507
3 366 643996007 491152698
2 131 659 846396962 187210284
4 128 5 245250974 869418415
1 98
3 929 121053519 404218987
3 252 265045532 904004271
3 722 406627994 694829467
4 231 0 455849762 655396628
1 834
3 844 220039481 35145626
3 307 960106037 338743426
2 688 122 631883346 788251815
1 493
1 276
3 911 584634916 440518394
3 296 434611356 373223848
3 774 36059401 185301043
3 467 201895357 2261302
3 316 234891819 419975164
4 882 2 513756840 217625852
4 287 7 518592862 138165715
4 35 7 626893143 209500895
2 481 431 467199095 111653445
3 548 110032513 85292615
2 756 386 707549034 401950534
2 263 296 781863146 760648243
4 122 4 643551753 821968562
4 364 9 134830068 917313445
4 842 7 62020798 904039472
1 527
2 481 724 87980515 913072539
4 481 3 670158618 684360617
2 860 746 825684786 10890565
3 596 789323486 614291277
4 181 7 759529568 9756576
1 510
2 598 606 171525621 994444948
4 196 8 79032724 893493646
4 653 2 918105130 266345990
3 552 356528879 444268161
2 342 978 845938245 887947434
4 291 5 678622167 492100705
1 880
2 890 686 838322817 694146450
4 454 4 196235486 975330221
4 633 0 862316825 998013097
3 234 860308613 27530702
4 121 6 937701524 752023418
4 758 4 591324058 929153952
4 948 4 369266286 673751236
2 731 957 160298580 317945609
2 81 557 107510459 115076569
4 487 9 801418914 50857299
3 634 933858263 656620845
3 33 155986090 831410513
1 645
4 337 9 674755032 458394681
3 568 976025946 844349814
2 414 364 75139132 639185263
1 274
2 224 242 439242210 152342621
2 924 520 173028144 988554550
4 509 3 791186529 669861383
2 394 798 839801942 782904350
4 457 10 720121324 856447484
2 941 556 362010579 758607334
2 879 562 348269354 23479138
1 581
3 358 862478231 560360405
4 569 2 174482563 723862488
3 105 751055546 947768512
1 883
1 932
3 324 446980728 940417724
1 297
4 534 7 320268458 503645498
3 938 187939809 288265422
3 32 146152335 623739497
1 930
2 901 72 732582126 786948546
3 173 518130046 439107599
3 677 251471704 340125061
1 125
4 624 3 525598549 454695281
2 73 831 415505290 300977170
1 784
1 345
3 206 681325976 280913329
4 534 1 279967146 351826458
4 551 4 495412171 963282872
4 772 6 0 513322854
4 196 10 532395967 667161364
1 364
1 884
4 272 3 251115208 715434626
2 801 795 174261167 715581187
2 828 86 242820398 46666290
3 508 851501262 239926029
4 497 1 526556286 649894851
4 1 9 155514560 471356993
1 32
3 421 101553868 654177218
1 420
1 683
2 592 610 847756947 673445923
2 379 5 135305831 479388050
1 25
4 387 10 735527499 462049819
2 39 328 815584362 88566998
4 643 5 23910125 323115916
1 997
3 302 545877188 1815026
2 215 557 284892049 330973878
3 609 739623593 97001194
1 32
1 200
2 678 758 68388483 425851021
4 805 3 746700676 891319663
2 183 946 930346567 135771604
2 344 992 246116204 154199237
3 146 345898021 97578901
2 708 155 753049609 667070838
4 175 0 295803609 482700133
3 56 45985483 473815220
3 81 468432552 878062965
4 308 5 955358012 97742745
1 739
1 352
1 11
3 567 1053837 287110580
4 227 1 791055667 317436547
2 93 467 672279935 464626868
4 58 7 646113118 342758911
2 920 711 397777736 590227081
4 312 1 593806978 719535389
4 185 10 529770427 326705880
3 396 158342457 153680965
4 763 5 205762769 508115974
3 916 540172731 533374584
3 703 148577893 334623679
2 684 711 932025204 504661600
2 152 227 346855299 571888858
4 728 1 604206814 955955989
2 13 810 789474693 54899894
4 154 3 256775212 468204037
3 829 798440802 250916027
2 963 344 340583099 581440892
4 992 10 283596944 471638670
1 387
1 334
3 26 244188731 475993952
4 727 4 847089794 633518221
3 451 181905843 679449705
2 729 12 970164161 811655945
1 806
4 305 3 575228986 337974160
4 43 7 984486939 904174226
4 374 5 472320100 476768150
2 332 715 259354041 889139022
2 598 873 955376351 299115791
1 886
3 204 318246315 678840249
4 417 1 713946112 193791988
1 480
3 805 115910294 337864308
4 525 0 71750672 4634623
1 101
3 788 298647775 499571944
1 829
2 983 828 387074427 648958548
2 83 581 672869745 159097392
1 728
4 905 2 441306701 968905699
1 489
2 882 136 548558215 889998287
4 587 2 77411238 858830726
3 991 299731060 249712065
4 464 10 104275088 399785934
1 877
4 569 8 925576525 55742530
2 573 510 777347976 55836765
3 113 280327017 705160493
3 726 70897144 663912558
4 378 4 939988869 177832835
3 967 231084085 381471660
1 228
4 670 3 711252317 104011931
2 60 639 260917322 582180940
4 114 10 283266344 784525195
3 107 433032491 883071915
4 323 1 629762132 303584130
1 440
2 137 510 9749403 929666973
1 860
4 540 1 70349069 858034236
4 631 9 807847225 16862504
2 364 262 281224463 88993698
4 525 2 933451961 300946172
4 880 5 854707383 423034649
2 535 419 439407664 976556911
3 651 512996577 773497704
3 818 230588016 629929787
1 727
4 199 10 162726955 18854418
3 489 864323821 285578177
1 805
4 974 7 451455404 868076030
2 331 313 694223869 463117565
4 1 5 352846515 393161276
3 749 425639568 932306973
2 491 617 574976502 487472910
1 612
2 542 357 717222122 154489355
3 185 49516419 540752415
4 513 0 298540854 400618808
3 469 291580669 363652105
2 248 144 894179257 21327254
3 931 574850603 347410769
3 98 4612500 230152266
1 696
3 774 177155231 969934487
1 753
4 143 5 95802725 819279210
4 696 1 523048950 629403214
4 118 8 559493803 188600073
3 165 30876243 488665995
2 968 389 361367628 725712046
2 511 418 947617381 33290890
3 929 119075546 664415603
2 587 730 169341648 297119495
2 309 745 368981802 813498626
2 811 475 61005636 200896609
1 196
3 532 476745735 663341896
4 294 1 398068826 386293258
3 167 993207539 204831146
3 996 103945839 542650498
2 764 748 7191939 910350166
1 994
3 468 436575116 910862573
4 420 3 673453076 522154846
4 684 8 182704470 918105487
2 418 46 826030251 470079644
4 444 6 385764684 55375208
2 48 817 850368739 506031647
3 185 3922465 700684744
2 862 239 41748580 361076249
4 945 7 388464295 395163950
4 483 7 732230510 876318618
4 577 6 776704475 485963506
4 278 8 51394230 482179068
1 317
2 592 175 399744428 858483554
4 268 6 653624115 638181292
4 736 1 156600055 203176879
2 671 771 764820835 380589116
3 891 111278539 562223765
1 544
3 16 983416184 574202282
4 967 7 269218484 421397446
3 214 920827881 680246417
2 670 632 328584047 37464746
2 419 115 664714285 887082883
2 699 592 392436320 509539578
1 380
1 380
1 378
1 458
2 807 877 985279521 561826856
1 577
2 641 136 427681301 47050397
3 711 39371348 92217643
1 868
3 548 38431979 708822069
2 385 589 867969678 965308433
3 878 787119717 338720205
1 527
3 597 566609764 536428964
4 897 6 83616867 148724916
2 149 485 126191843 647988053
4 932 3 548002823 532253092
4 753 5 411692541 127186295
4 242 8 444127892 407871961
2 201 806 802059867 336146597
4 599 1 544593450 332004342
3 816 933186019 699106440
3 516 266631622 953072550
3 538 717175494 537765163
3 193 578839554 25510164
4 928 6 753771844 751050555
4 145 10 104845994 407326398
3 646 249771866 342564433
4 972 0 991008758 116564152
4 364 7 500944825 626223612
2 55 812 777957494 756793197
2 991 777 614942583 616025240
3 281 883055426 359524163
3 562 869950839 819235458
3 986 375760755 769065211
4 114 8 156865508 119775999
1 473
3 785 362074201 237204584
3 849 451410035 440561961
3 650 45886620 169040714
2 205 97 530139209 654620390
4 776 8 666275201 103086201
3 17 889864055 148136030
2 628 720 47297494 899842808
3 60 430622404 418664410
4 672 1 80653196 837754310
1 916
2 544 317 124254488 34684879
2 417 869 154996479 101622877
1 394
3 438 516284452 190475127
1 549
1 89
2 599 489 957145033 847480828
1 682
2 568 174 243148029 447669385
2 54 501 266544485 50166654
4 268 3 889921408 339153456
2 991 820 53228932 109834420
2 402 616 144184245 604278880
2 921 72 534628040 955937939
4 360 2 71816014 162419973
4 324 7 991637909 439291061
1 837
3 470 250152475 600421536
4 999 2 569572679 876164672
3 764 849317475 880160290
4 529 9 633855508 797988042
3 485 557735039 374779707
3 561 910324272 528759051
1 138
2 773 952 907272685 341689366
2 415 477 762568113 653974591
3 332 98130410 358099565
3 967 283328859 867187305
1 430
3 45 921488539 227407716
2 512 101 873045589 116463816
4 275 9 885346671 774365971
1 178
1 553
2 187 814 792755038 778985847
3 171 586693457 934794434
2 638 104 36951454 700320954
3 323 931726261 490459462
1 334
2 351 776 282203247 421636363
3 291 83695928 119544945
3 845 367976204 745512783
2 638 839 883394296 143934801
1 994
3 211 208190549 314665420
4 432 6 159617839 715980455
2 624 366 327078678 815591294
1 341
2 164 967 75331995 605193320
2 62 692 309575795 178853190
3 443 745197918 229693495
4 647 4 313331401 79975531
4 996 5 862193369 510514036
4 453 5 710840758 83505899
3 936 20792257 984362527
3 980 500596533 79351214
4 692 5 62291111 535727772
3 505 152981608 724175698
4 842 9 461972445 555127818
4 541 5 155069961 540238329
2 118 750 47761033 617600930
1 601
1 614
3 777 291248858 101652612
3 556 299722209 650821297
2 868 901 210895591 742215757
4 71 1 250966228 772877110
4 546 2 137021156 951907818
3 29 482663541 767141078
1 642
4 511 4 61163860 743325251
4 430 1 0 269495053
3 583 763808012 489206202
3 235 537690654 39714532
1 908
3 492 185768436 140803115
4 651 3 150032644 582356863
4 439 7 729382586 915910742
3 748 126461246 867843683
1 633
2 887 477 119703523 532680808
1 686
1 857
2 241 474 937131066 841081671
1 318
2 455 606 6969609 561696862
2 495 754 955332961 183443186
3 229 336311611 791309408
4 885 6 865521387 561823452
1 675
1 43
3 892 815235349 94986141
1 952
3 479 525735091 886753421
3 977 217034192 317476967
1 29
3 637 695030816 502811863
4 172 7 300492792 702528696
3 756 191495573 299829337
4 853 3 70033369 275432971
1 693
3 650 426352048 201159181
1 786
1 348
1 421
4 807 6 247819602 671763112
2 508 289 827453029 686422681
2 710 185 602061277 34928798
2 961 872 181396822 347573402
1 900
3 562 0 389532133
2 651 103 175030731 905685558
1 126
1 764
1 770
4 958 3 936037940 302039973
3 122 849510769 363991985
1 848
2 664 166 422376880 73295166
2 612 545 299079756 478537901
4 768 3 827038091 578934795
2 804 959 258086881 246966133
3 723 966076102 78371564
3 870 843700811 288280563
4 259 5 593363233 339486815
2 392 447 197716037 883240399
3 307 344468978 510791045
1 812
3 13 574701871 655852284
4 774 6 288044627 865502312
3 158 470441696 487567453
3 227 859305036 510245539
2 564 549 265072094 14859094
3 502 69754963 773369841
4 584 10 42144407 588668622
1 274
1 208
3 154 738700241 950987322
2 589 780 85224693 228711857
3 737 334888814 177283872
2 88 809 119535726 320625252
4 66 4 761284465 82657539
3 332 646575435 810931798
1 766
4 822 3 234167369 233078736
3 375 872607162 453414392
4 812 10 709063919 732319824
2 835 777 75597768 956425902
2 98 396 747403474 74663126
4 136 9 90121716 462083479
3 353 91756735 706783410
3 912 772931232 704988987
2 812 818 677418223 426380778
1 140
3 133 552179463 836589010
3 414 62669444 792841891
2 102 14 774374638 954680095
3 304 327792092 765197027
