1
0
1
1
1
2
12
2
10
6
0
10
0
0
2
1
1
2
5
4
5
0
22
2
0
4
3
50
0
1
595
29
2
5
7
2
2
0
2
1
49
0
24
4
7
1
0
1
4
7
0
0
8
2
4
4
7
6
3
3
3
0
5
1
1
1
0
3
2
5
3
1
3
4
7
0
18
1
2
3
3
3
1
10
5
1
0
0
4
91
1
1
12
1
0
1
0
1
2
6
10
3
43
3
1
0
1
0
1
4
0
1
1
4
5
3
46
4
1
1
3
1
0
0
0
3
6
9
12
2
6
18
2
233
1
2
1
5
0
2
10
1
14
6
1
0
1
1
0
0
1
9
0
5
2
11
0
2
4
41
1
0
8
15
2
0
1
0
3
3
3
1
3
1
2
8
0
2
0
0
0
3
0
1
5
1
7
0
0
8
24
1
589
3
1
2
0
54
0
3
10
4
44
1
12
3
3
0
1
3
17
0
2
1
0
1
20
2
0
7
501
0
2
318
4
3
3
4
2
3
0
0
1
1
7
3
1
7
5
5
1
6
0
1
0
7
4
3
5
4
2
152
2
2
1
0
0
2
1
3
4
12
21
5
17
0
4
0
1
9
11
8
3
0
79
2
4
15
4
1
0
4
2
7
9
4
2
1
1
0
0
2
46
8
3
1
2
0
4
0
2
12
1
0
2
0
4
4
7
11
34
0
1
0
3
2
0
2
3
1
39
0
0
2
1
2
17
8
4
2
6
8
1
8
228793
1
0
0
0
2
1
86
2
0
0
6
2
1
0
4
145
27
2
1
1
1
19
58
0
2
14
5
949
8
1
1
6
0
2
9
0
1
4
4
47
3
0
1
1
2
1
0
19
2
1
4
10
0
0
1
6
8
7
97
4
1
1
3
2
3
0
1
0
7
6
1
0
40
3
1
2
15
13
14
0
1
2
1
2
2
0
12
0
1
5
5
24
0
0
0
4
5
0
2
12
0
0
1
1
0
1
2
3
1
2
4
1
7
1
2
0
24
30
4
5
1
0
2
3
3
4
31
0
734
5
1
7
4
5
1
3
1
0
48
0
1
0
46
1
14
10
0
9
576
126
15
24
0
2
12
1
47
6
11
1
1
7
7
3
4
67
1
25
6
8
2
1
0
1
0
10
1
2
0
0
1
4
1
131
3
9
44
19
1
0
0
0
5
0
10
5
4
9
2
3
9
1
2
11
1
0
3
3
5
3
1
1
3
0
7044
577
2
3
3
1
1
0
0
0
0
2
21
4
2
1
0
138
1
2
0
1
13
64
0
3
0
11
0
3
0
0
1
1
10
3
2
44
76
10
1
1
62
9
4
0
0
10
0
0
0
2
0
3
5
3
0
1
1
1
1
1
5
10
1
34
0
3
0
1
7
3
1
4
1
0
0
2
1
56
6
0
0
0
3
3
3
0
0
4
7
1
2
0
1
20
0
5
2
18
60
2
4
4
43
0
2
1
0
1
2
2
10
0
0
4
5
3
20
1
4
0
5
15
4
0
3
104399
