2 1000 1000
280 1584 5610 3978 6864 3060 25025 4368 20944 3300 495 10 13104 18720 132 2880 26208 429 16065 556920 23100 273 352 22100 14300 18360 66 16632 2464 2184 2431 84 720 260 672 208 3094 221 80 21420 21 9520 2210 182 1360 910 30 7392 175 7 19800 880 528 2160 70 6120 91 10080 11781 117 33 7700 1155 132 1001 1248 4752 900 612 1365 3510 5850 5049 21879 4590 11700 10725 210 2992 7392 816 6552 945 714 2002 4752 2457 1512 7140 8800 840 3315 3570 3850 2652 12240 80 3276 4368 9100 17017 10608 4420 13260 5200 26520 51 2080 1547 64 2574 6300 44 280 27027 1287 14586 3900 1716 6336 84 25 4284 23562 1836 1190 2970 119 1650 18900 204 4158 528 5005 3696 14 5 1020 14144 117 1326 21216 3060 14280 2640 1001 18 6300 2618 2240 20800 7200 264 9724 272 945 4160 1485 12240 10395 8160 9180 70 198 3744 2288 3570 19800 2100 420 19040 1056 19635 5304 7956 3400 6864 3536 20196 17600 24570 17550 12376 288 45 6864 5616 252 20475 14144 4 5850 1 72 1287 4760 7650 5967 4896 4620 13464 36 17600 3400 819 16 4095 17160 1496 612 4896 720 68 2200 734107679 20020 1890 198 135 1760 78 924 1836 2464 24 374 119 7920 104 306 11880 5200 2380 275 39 16800 10920 2431 12870 27 5 1768 364 357 2652 7020 720 945 20800 18018 336600 2720 11424 2376 22100 7 462 9504 170 4675 1800 825 2808 5544 440 51 8925 476 715 10395 2100 21420 5005 21 8 3315 96 330 14960 52 154 5850 884 1224 8640 6240 12376 440 20475 561 2288 15120 672 19305 26400 24 65 5940 6732 550 936 11088 18900 1584 3465 3600 4290 34 1120 160 17136 3640 187 2310 7700 442 340 23205 5148 16800 24310 105 2295 1980 7800 5 4368 21600 220 5049 3094 630 1700 24752 1144 25704 1120 9724 13104 1386 15 1120 238 24640 168196471 9350 1496 4620 13260 54 918 702 2400 1638 14400 900 6630 3276 650 5610 450 1980 90 17 1092 14688 3570 20 3744 14280 3744 48048 154 25704 2457 330 13860 1105 17952 12480 748 8190 4550 800 80 56 1836 748 160 260 23205 7 5967 15300 728 44 63 13200 85 23800 357 2376 143 1300 1122 17017 1980 1120 25704 15708 21 14784 357 78 360 3264 12096 13464 2464 1190 17017 10472 14850 19305 19448 1155 10098 264 935 11088 11968 306 18200 9 432 1237600 312 3740 4680 4752 2496 8976 1980 675 15400 25200 2600 75 21420 22100 4862 10200 432 140 1365 14040 25 1820 7956 1456 297 5049 540 52 11968 10395 234 6545 952 4400 3575 18 13090 9282 16632 204 3575 18018 4080 429 1008 7150 15600 504 100 13464 325 5600 192 2016 1870 7140 14560 4290 150 270 3780 102 2640 350 3900 14586 270 1404 1584 3080 3276 3927 2992 25245 51 4488 2240 3432 352 1485 11200 24480 7150 425 7956 800 8 15708 3465 2618 10080 12012 15444 4950 130 448 330 22848 3094 12870 4160 349142533 19635 14280 5440 2040 24752 3003 1080 61200 168 704 2244 68 5005 600 26180 175 2800 50 1386 792 18720 3060 23205 1904 4032 595 2574 11440 5049 936 1320 3094 8415 25200 3575 11440 12 5355 357 9282 14144 374 16575 1430 225 1386 19040 180 24752 675 2520 40 3520 300 150 13464 10395 459 1365 14560 2772 2574 4914 5544 1428 5940 14280 336 20196 16016 1248 19890 20196 3360 275 240 7735 15470 270 182 26180 1512 525 14400 1287 1980 4914 1584 9828 26775 10800 6336 3740 585 15 28 9240 756 9180 3432 2550 642600 819 26520 11220 112 1700 16800 1080 10080 4862 11900 56 1836 2040 6120 3120 108 4368 68 165 15300 9360 9152 1638 1716 18480 1584 10 5525 3780 3366 182 6120 21879 7072 22848 18720 3094 16575 3520 120 525 10098 1120 135 4760 2992 960 340 56 24 18564 6426 480 2700 104 1785 12096 30 308 52 12012 11232 8840 1404 40 14784 108 924 14784 1716 1080 650 5967 325 728 16320 3696 3 7150 23400 187 9450 3672 19656 25025 1800 455 175 14300 660 10200 1575 130 84 600 3168 550 240 936 12320 9828 288 21420 12012 408 117 13260 39 270 42 56 15600 918 195 4284 6545 4950 1820 693 357 7140 2016 3120 5600 216 476 18 19305 1872 11220 2772 2295 1512 20160 187 3080 864 663 10 1020 136 1080 28 442 6545 1155 2400 1530 3780 312 9504 150 23868 5720 18200 6120 3696 225 4950 476 3276 104 560 16632 221 11968 1309 1170 6930 1728 27027 17017 119 17136 360 1071 26208 1320 429 7560 975 510 18480 11220 1224 4004 1050 630 21840 1224 4725 1870 1800 2160 5304 1365 66 150 1760 56 22464 297 880 20800 3861 45 56 40 192 252 756 1512 13600 5355 5775 64 3360 20592 3120 5600 288 1755 663 2 462 20400 42 3536 4928 1309 5824 704 17136 15444 7351344 9180 187 364 3360 221 12852 17952 17680 1785 13260 119 13923 3300 2288 476 12480 1344 20196 4550 2145 30 1650 13090 8800 560 7854 4862 353430 13260 12320 918 6600 52 5400 315 308 3360 19635 2210 9520 7425 275 2880 308 2860 8190 2457 5616 126 1632 18018 8160 7854 540 14300 238 10200 2475 6160 200 221 1760 2808 12376 238 22848 5400 1170 24480 544 7920 150 306 288 8976 10472 20400 22950 2652 3 2640 17472 1800 19008 18900 78 20020 168 12480 24310 136 6120 11968 1540 272 4 234 3120 20944 408 11232 10200 18564 13860 4160 23868 924 30 10200 1100 1344 1980 18564 3978 72 1428 5400 3640 1989 1584 1122 5525 1050 14300 4550 
2 856800
1 506 7920
1 489 385
2 1351350
2 1009800
1 445 13260
2 146880
1 361 1404
1 392 12870
1 831 6
2 612612
2 40950
1 340 8976
2 831600
2 74256
2 184800
1 621 8580
1 813 455
1 166 1638
2 418880
1 33 13728
2 52416
1 278 8800
2 432432
1 657 1755
2 381888
1 26 6732
2 425425
1 793 5040
1 863 2464
2 272272
2 30800
2 448800
1 963 7150
1 69 910
1 503 16380
2 13613600
2 3931200
2 1591200
1 723 1190
2 159120
2 35343
1 335 225
1 342 616
1 335 594
2 1670760
2 122400
2 972400
2 37128
2 576576
1 640 66
2 8168160
2 765765
2 145600
2 73513440
1 582 416
2 6126120
2 9828
1 254 385
1 774 16380
1 255 18360
2 238680
2 2059200
2 148512
2 61600
2 35100
2 388960
2 48960
1 738 4032
2 33415200
2 175032
1 689 85
1 1000 10
1 790 6864
2 14137200
2 2552550
2 954720
2 700128
2 36400
2 224400
2 6806800
2 4594590
2 262548
2 175032
2 5834400
1 672 2457
2 214200
2 6806800
1 263 5824
2 196350
2 514080
1 348 1080
2 729300
2 110880
2 4176900
2 42840
2 47736
1 510 10010
2 7425600
2 504900
2 686400
2 262080
2 66300
2 155584
2 153153
1 407 8640
1 203 20020
2 471240
1 641 23205
1 203 1768
2 71400
2 3828825
2 42840
2 60060
2 257400
1 356 240
2 3889600
2 6563700
2 85085
2 34650
2 83160
2 127296
2 116688
2 3403400
1 872 14040
2 2402400
2 665280
2 54600
2 45760
2 35360
2 6806800
1 331 17680
1 538 75
1 130 9520
2 18378360
1 339 15400
2 32130
2 149175
2 628320
2 175032
2 75075
1 617 12852
2 74256
1 468 6006
1 441 400
2 42432
1 735 4800
2 415800
2 1166880
1 148 140
2 96096
1 977 23760
2 636480
2 190944
2 2227680
2 285600
2 210
2 381888
2 1713600
2 26
2 51480
2 52800
2 51051
1 791 1800
2 59670
2 208845
2 111384
1 165 576
2 70200
2 116688
2 14137200
2 4900896
1 655 1008
2 31680
2 32130
1 592 14784
2 102102
2 600600
2 299200
1 613 56
1 609 16575
2 1351350
2 255255
2 42840
2 729300
1 678 5775
2 1485120
2 628320
2 807840
2 64260
1 280 85
1 899 20160
2 1884960
2 280800
2 91891800
2 30030
2 9801792
2 94248
2 1178100
2 66300
2 122400
2 900900
1 667 23760
2 85800
2 3534300
2 196560
2 247520
2 233376
2 306306
1 496 396
2 142800
1 625 10098
2 114400
2 36400
1 598 36
2 237600
2 300300
2 70686
2 308880
1 530 1890
2 1166880
2 13366080
2 74800
2 2917200
1 877 208
1 55 187
2 106080
2 15315300
2 1237600
2 54600
2 60480
1 639 17550
2 3769920
1 939 110
2 212160
2 36465
2 41580
1 9 5850
2 77350
1 884 26208
2 7560
2 28560
2 2297295
2 205632
2 171600
1 721 13260
2 72072
2 61776
1 167 16830
2 3267264
2 28050
2 61776
1 663 3400
2 29172
1 531 15840
1 661 2880
2 1351350
1 500 15300
1 462 160
2 4200768
2 538560
2 41184
1 404 728
2 142800
1 743 5355
2 2386800
1 352 408
2 205632
2 2333760
2 88400
2 29376
2 60480
2 22276800
2 3889600
1 638 23400
2 122522400
2 37128
1 778 385
2 72072
2 1009800
2 897600
2 81681600
2 734400
2 2722720
1 9 3672
2 6177600
2 1392300
2 14414400
1 763 160
1 876 3520
2 40392
1 340 10080
1 517 4590
1 631 1870
2 1081080
2 411840
1 656 11880
1 534 1200
1 353 840
2 856800
2 36400
2 428400
2 856800
1 889 4095
1 919 3168
1 492 702
2 17503200
2 32032
1 733 25200
2 114240
1 793 2400
1 487 378
1 625 672
2 208845
2 95472
2 393120
2 10810800
1 105 24
2 55692
1 447 1309
2 50050
2 22972950
2 122522400
1 695 12600
1 527 1716
1 539 42
2 233376
2 73440
2 61261200
2 43680
2 167076
2 204204
1 873 416
1 855 26775
2 1193400
2 128700
2 772200
1 241 2016
2 66300
2 95040
2 121550
2 62400
2 514080
2 201960
2 209440
2 418880
2 1965600
2 3696
1 410 1768
2 33150
2 1310400
2 50050
2 32130
2 353600
2 65520
2 4375800
2 18
1 900 429
2 1701700
2 4039200
2 193050
1 476 351
2 43243200
2 57200
2 192192
2 65637
2 80080
1 190 195
1 501 117
2 89760
1 964 2160
2 729300
1 201 315
2 96525
1 623 105
2 680680
2 411840
2 2402400
1 127 6120
2 2827440
2 125664
2 17503200
1 909 8160
1 27 108
1 618 693
1 338 3060
1 869 550
2 176800
2 269280
2 302400
2 63648
1 109 19890
2 369600
2 6177600
1 333 8640
1 18 189
2 835380
2 122850
2 328185
2 28274400
2 2692800
2 218790
2 1570800
2 875160
1 523 693
2 3828825
2 272272
2 104720
2 39780
1 890 15444
2 491400
2 3141600
2 37128
2 36960
1 959 1088
2 700128
1 770 480
2 51480
2 29835
2 88400
1 484 18018
2 78624
1 283 10395
2 16707600
2 432432
2 122850
2 9801792
2 134640
2 194480
2 158400
2 255255
2 73440
2 2402400
1 669 560
1 385 728
1 974 9504
1 687 2
1 992 2244
1 755 576
2 3889600
1 469 1836
1 126 8580
2 883575
2 360360
1 364 4284
2 777920
2 39312
2 411840
1 925 1170
2 418880
1 974 20400
2 554400
2 33415200
2 160160
1 694 650
1 546 728
1 130 3861
2 142800
1 76 2475
1 25 560
1 679 11900
2 80784
1 832 1980
2 1591200
2 565488
1 814 2240
1 834 8800
2 41769
2 44200
2 538560
2 525096
2 6683040
2 328185
2 66300
1 869 10472
2 44880
2 69300
1 22 1485
1 873 6
1 254 68
1 42 30
2 37800
1 728 7560
1 907 336
2 11309760
1 374 2400
2 2019600
2 1028160
1 842 14040
1 261 455
2 2297295
2 138600
2 235620
1 949 3780
1 205 12376
2 228800
1 379 510
2 1750320
2 735134400
2 28560
2 561600
2 1044225
2 95040
2 288288
2 97240
2 28274400
2 112320
1 712 1728
2 30940
1 670 238
2 41888
2 10501920
2 309400
2 11138400
2 56100
1 936 19656
1 686 2925
1 217 10608
2 334152
2 36756720
2 9424800
2 79560
2 37440
2 74256
2 700128
1 208 126
2 10210200
1 377 1088
1 648 4950
2 8648640
2 51975
2 291720
2 22276800
2 2059200
1 858 13
1 4 300
1 688 1248
2 183783600
2 98280
2 56100
2 1237600
2 21003840
2 102816
1 207 495
2 61776
1 781 11
2 480480
1 225 21
1 528 1760
2 61880
2 51408
2 114240
1 626 17600
2 1028160
1 62 3150
1 940 14025
1 620 5460
2 1113840
2 364650
2 109395
2 65637
1 306 468
1 877 10010
2 1047200
2 4804800
2 28560
2 972400
2 10210200
2 428400
1 451 2016
2 2450448
2 1225224
2 3267264
1 898 11968
2 65450
1 486 63
2 85800
1 955 23800
2 160650
2 308880
1 760 1728
2 2333760
2 1310400
2 33415200
1 973 20800
1 434 7616
2 1235520
1 865 198
2 209440
1 351 32
1 614 480
2 1047200
2 576576
1 58 3120
2 262080
2 642600
2 75600
2 700128
1 558 4590
1 944 11968
1 262 360
2 27456
2 128520
2 110880
2 83538
2 84150
2 4324320
2 168300
1 468 19800
2 72930
2 205632
1 962 2210
1 543 8976
2 5250960
2 2042040
2 3769920
1 259 2618
2 1601600
2 31824
1 534 425
1 89 1170
2 131040
2 33150
2 179520
1 275 26
2 448800
1 406 5600
2 299200
2 17503200
2 11486475
1 941 4284
2 2475200
2 6283200
2 450450
1 835 39
2 5405400
1 26 84
2 46200
2 306306
2 43200
2 73920
2 656370
2 255255
2 21879
2 942480
1 912 2464
2 972400
1 740 25704
2 85800
2 30800
1 652 10725
2 48960
1 81 17160
2 795600
2 4039200
1 709 951207701
1 382 51
2 79560
1 156 21879
2 193050
1 226 1980
2 39270
1 917 416
2 108108
2 2059200
2 612612
2 5834400
1 62 3150
2 2475200
2 149600
2 891072
1 480 12012
2 4455360
2 7207200
2 73920
2 6283200
2 3403400
2 95472
2 205632
2 68640
2 127296
2 2702700
2 14137200
1 924 8775
2 47736
2 147026880
2 85680
2 53856
2 151200
1 645 3672
2 96096
1 931 192
2 11668800
2 40392
2 67320
2 63648
2 415800
2 1113840
1 991 1232
2 61200
2 381888
2 1601600
1 811 6720
2 30630600
2 65637
1 595 1190
2 6177600
1 329 14300
1 979 4928
2 6563700
1 171 8160
1 527 26400
1 20 20400
2 175032
2 2625480
2 245044800
1 775 126
1 552 24
1 421 13600
2 21621600
2 14702688
2 4455360
2 46200
1 776 233376
1 729 3080
2 167076
2 942480
2 120120
1 722 1904
2 10810800
2 218400
1 201 360
2 480480
1 428 26775
2 65637
1 940 5236
1 534 2380
2 65
2 706860
2 618800
1 260 102
2 1544400
2 343200
1 210 306
1 565 8640
2 45945900
2 928200
1 423 17850
2 3603600
2 150150
2 628320
2 35700
1 825 2912
1 524 18018
1 856 19635
1 953 825
2 89760
2 61425
2 525096
2 160160
1 278 187
2 60480
2 145600
2 130900
1 555 455
2 160650
2 176715
2 262548
2 166320
1 306 7560
2 56100
2 36756720
2 3931200
1 253 2475
2 2019600
2 26254800
2 2162160
2 642600
1 236 17550
2 486200
2 583440
2 523600
2 141372
2 1601600
2 1663200
2 2261952
2 6283200
2 2356200
2 130900
1 4 4
1 66 350
2 42840
2 2019600
2 135135
2 117810
2 98280
2 29700
2 437580
1 941 26775
2 245700
1 55 7956
2 207900
1 890 9360
2 154440
2 218790
2 125664
2 63648
1 239 2496
1 955 2912
1 673 20160
2 116688
2 1729728
2 367567200
2 73513440
2 31680
2 3931200
1 198 84
2 2702700
2 1225224
1 490 6732
2 31200
1 447 10395
2 883575
1 859 6720
2 49504
2 1615680
2 795600
2 39780
1 757 19448
2 4084080
2 1351350
2 272272
2 142800
1 213 9100
1 613 16632
1 1000 1309
2 1044225
2 24504480
2 39270
2 102960
1 961 64
2 92400
2 49140
1 323 21420
2 3769920
1 789 3300
2 8168160
1 484 476
2 70686
1 990 2160
2 37440
2 29172
2 617760
1 884 280
1 277 195
1 855 819
2 160650
2 193050
2 45760
2 161568
2 95200
2 192192
1 903 6188
2 29405376
2 70200
1 621 20944
2 668304
2 40840800
2 18378360
2 277200
1 663 1071
2 686400
2 149175
2 21621600
2 2356200
2 104720
2 323136
2 91800
2 277200
1 724 858
2 154700
1 551 1600
1 420 4928
1 844 1020
2 400400
1 882 612
2 29172
2 4594590
1 656 4200
2 56100
1 827 10800
2 155584
2 7657650
2 30030
1 414 3276
1 813 5100
2 28050
2 285600
2 1093950
2 13613600
2 68068
1 259 17136
2 37400
1 181 8400
2 34650
2 1028160
2 67320
2 8648640
2 4804800
2 77220
1 275 858
2 425425
1 614 6426
2 42900
2 2625480
1 651 5940
2 320320
2 388960
2 102102
2 41580
2 45900
2 80784
2 179520
2 29700
2 1113840
1 1 728
2 411840
2 34034
1 308 9009
2 972400
2 589050
2 55440
1 582 27027
2 302400
2 204204
2 46800
1 26 336
2 61200
2 114240
2 1701700
2 190944
1 896 22440
2 200200
1 495 2860
2 131274
2 44200
2 21003840
2 265200
1 523 3960
2 1351350
1 693 13260
2 140400
1 763 9282
1 7 23205
1 687 15708
2 2162160
2 33415200
1 555 21840
2 1060800
1 472 1300
1 435 17160
2 2552550
1 757 60
1 898 151964221
2 90090
1 312 7344
2 40840800
2 2722720
2 130900
2 38610
2 36720
2 393120
2 32130
2 765765
2 1130976
1 287 2275
1 648 260
2 928200
1 62 5720
2 182325
2 128520
2 9801792
1 525 3520
1 653 3264
2 159120
2 17503200
2 68068
2 55692
1 774 18360
1 838 8976
1 493 14586
2 31416
2 141372
2 371280
2 154440
2 31200
1 812 140
2 224400
1 384 1300
2 735134400
