2
100000 99999
12115 97927
82290 24749
62278 12525
85484 57098
5228 82449
25196 35943
18217 53194
72063 17102
27169 44588
15496 19785
38921 62491
3428 99992
19797 78574
36375 90644
46623 22944
70114 82532
13009 35788
84995 26598
2039 26869
70226 10430
2238 82847
94085 81994
84087 94627
9491 1672
39874 43062
41599 53572
84840 75850
97389 44338
80257 26298
4607 30318
70405 12342
18524 31826
4526 24501
81658 34083
36791 96788
86355 69375
48572 7160
41252 92754
67683 21088
36048 18751
16091 611
62679 72050
58511 425
30758 12522
31003 53768
6578 88146
81237 7705
65182 80290
64036 94596
61910 39081
18161 3627
47337 1189
36549 70226
40796 48206
98790 85780
15596 38861
52824 48533
67289 76116
65087 70045
7412 70576
10011 47931
44901 36353
34633 89707
41611 71264
26671 65716
29102 35223
2294 76606
15041 29280
17306 60697
13809 2644
7767 68580
65854 51846
57962 33229
89284 33243
42239 1022
10122 38578
18928 53360
64957 9441
89731 39
71835 35232
30015 14475
95375 77682
26174 25448
75682 11912
27876 66160
1914 49070
92819 97096
31788 28876
13342 4436
59172 87966
52298 52871
64426 49903
48880 65144
3932 57787
99850 52459
32836 35666
51560 74362
90038 61861
86315 38017
76781 85474
58021 6489
78639 83032
87807 18597
86063 81460
83207 8708
25431 95916
97620 34188
12661 69264
88270 98361
17819 25073
16669 45443
7024 80730
92184 82763
82536 94080
44438 16428
74656 68054
5695 35326
48996 13943
40562 72811
49149 46329
75811 54424
5771 76853
55504 69882
58994 2650
13264 61267
9034 82432
11847 75481
78226 81453
16704 19470
54027 30300
42382 81033
56148 53888
60012 24092
44813 82304
36095 48559
88077 63462
48930 70207
13330 56461
56774 3123
68676 73624
1011 90271
13537 54285
43280 24432
21045 96120
51762 10700
94577 61380
62324 98341
57337 9065
51266 72431
76620 16680
72113 68365
43421 7147
37832 13238
51877 62507
66175 97401
4231 71537
92169 47616
24172 41272
63607 43341
10328 10137
15270 60064
7782 45278
18110 3575
9194 13858
35106 3777
10302 2155
34815 8841
71636 75784
3401 3121
38248 37179
41943 28638
87387 26401
81225 39528
72934 78928
92890 77148
99594 69916
92368 46827
18607 46552
13039 51111
30162 63349
28516 890
6013 87477
55740 32581
37777 3907
13909 90430
54039 46978
53767 98388
49427 79916
24008 75266
15630 3696
64462 42561
37501 73841
94734 41421
82047 93920
69148 74693
25933 12781
70752 12120
51354 7184
86642 87530
8213 32346
34233 48267
9336 63548
77078 92898
17268 34934
8536 19843
17005 13859
10474 98721
54502 63377
32682 91870
408 91939
57872 50867
23371 80123
4055 12491
18951 75525
76575 14359
2900 32225
16041 97988
12853 3152
42829 88897
86169 95988
70630 57273
68942 68652
60993 58363
92145 60591
70693 63797
91062 60113
86184 48470
27429 11936
28532 18919
24459 10515
52168 75149
15529 90095
59067 76395
1026 82803
25238 23509
59333 99083
87997 13784
55387 29447
1004 76652
87550 50692
87882 27051
93272 29868
60069 13965
49999 48265
80315 82843
52267 59625
63812 77639
16484 68782
36845 60556
90730 36604
56785 59122
93155 15785
78652 34925
61758 59812
28255 58173
96502 37199
58684 63676
28921 44319
29755 59841
47611 98879
37730 59648
93417 55468
71207 19108
77604 46558
9745 84090
68017 3374
99604 13906
82434 59367
87780 547
66361 45563
38599 25420
53076 9672
24732 39187
43963 26315
29612 14022
67601 26082
82115 62077
29073 4767
38161 61271
1881 56555
69666 2410
95222 59134
9444 97289
54178 65862
58874 82224
69561 6356
3431 23503
63275 55059
59788 70551
62198 55687
39792 97776
83213 57159
65625 39431
47530 61517
62399 55776
78570 46402
33446 66585
52406 31829
60141 95995
59209 16058
18340 44836
24799 67614
19739 47103
6499 90112
11828 4068
48732 15764
57722 261
53686 16782
15890 40312
16832 37150
60601 34217
76479 81512
82980 54988
31724 27888
21020 2240
55855 5562
65189 51261
25821 57522
63222 15437
60617 21162
9657 42609
42771 42604
14898 97646
65550 4633
31276 20610
85788 78561
13362 36765
61526 76519
66666 23699
64722 76405
15793 44240
76707 82762
36043 19751
56445 17355
77461 21491
84340 72525
90389 40616
91561 84740
91383 5953
94240 94126
7664 30936
37815 97249
36730 88200
41754 64536
53281 18655
33281 42493
16361 38821
6508 82729
11865 23890
68198 87026
61542 58986
24359 60030
91579 25376
2592 76029
81166 66318
2010 97032
28771 70987
68204 69354
83463 68067
79878 56699
62915 94338
49507 1266
17381 63318
83837 90642
84653 11315
18598 15813
58341 54158
92652 6477
44078 80552
64288 68755
72260 75875
52822 52127
82492 64707
42835 75023
20207 53917
94399 83415
42718 58537
34243 52734
87667 88152
70785 86308
47932 41584
65166 50264
22499 55991
77846 46501
63957 5134
59255 1156
6384 98555
10287 79561
8646 66723
11154 7891
15117 21181
34829 7643
41295 35893
9554 35826
60951 91693
83636 83386
20683 96943
80797 91427
8043 65389
15129 39076
31197 54420
88468 49540
7195 13935
62584 93936
2337 15946
73930 75753
30497 78218
44462 42283
8300 14328
66987 50721
50843 31642
29584 645
50918 79615
3261 27962
2447 81389
34868 10327
57884 93155
61799 54142
13240 17830
79957 62891
81525 62204
29183 52736
50625 54911
13911 42772
55061 44506
96024 82373
34596 37231
4015 17321
92150 27529
48102 74200
77710 87348
73819 31700
8257 82218
91200 4334
89925 22030
163 25556
11504 89167
25201 67318
23136 6340
69268 71546
69715 20630
63425 64545
30037 63031
48799 20097
14043 94356
28893 61659
68242 48069
36134 1605
99235 85138
96862 3362
19347 3795
85079 95598
42093 2750
26113 49936
38315 14524
26798 57275
91884 63648
93251 46439
20937 42660
13824 27423
65652 81872
795 44514
87706 64013
36489 43729
64221 54500
22512 44443
62544 83606
1664 74185
69326 44393
32893 78150
68163 96793
6747 14629
44018 85853
47486 98108
96496 94181
30644 76252
39340 77065
18026 10711
3925 54296
58237 20700
43504 55852
73861 93501
34881 19632
99086 49626
46066 25054
94117 33631
89654 97483
29943 54111
46373 6033
64730 57047
85056 65192
19273 71427
19694 96170
17864 26245
56368 30544
21677 70804
82163 63695
49218 31976
92261 15181
95931 92255
58261 12158
11378 98413
24806 245
17787 68118
65238 63838
62048 88423
54184 53705
70997 34991
76231 85312
24881 64528
22358 47300
32861 8427
44412 94946
3344 77108
24658 78667
38193 39730
95106 17338
95923 57684
82631 59705
90187 92582
67739 96558
66074 26157
95963 90320
54596 60109
91838 21884
5068 23069
40279 20474
82762 19229
54596 78253
68646 84540
88339 73186
74480 52187
39042 93348
22095 1535
29535 70490
77162 47367
75847 77988
93644 74573
85132 70794
26104 23201
8316 45507
95657 97094
99269 14110
26035 9347
72441 82309
23281 58013
13604 17411
30425 77828
65014 91227
66650 8961
52258 4686
39840 79984
28313 51741
3753 45533
64108 79989
4382 18759
14481 4802
95897 51368
27341 49858
26308 69896
24084 46680
80002 11612
3079 87986
47404 29293
95173 80781
60904 26753
68310 61725
74868 28867
79938 35175
1646 43581
73242 24930
1178 14748
67719 44782
72072 70647
32294 59161
69853 7957
80364 33251
1099 56000
74030 36857
63236 10559
85189 72690
90881 89611
57370 49972
891 85727
54874 64605
73760 98931
93261 58145
83765 18543
5266 40017
11404 38858
8084 96575
53148 88492
96962 69003
11052 51152
56544 29575
95544 91651
29299 7884
14749 89537
11314 33596
80019 284
42297 46509
9219 28489
17368 3053
82084 5307
51579 27055
79988 38649
28426 17624
55478 31895
24044 84497
88230 47419
78658 90554
51330 37325
44782 93047
90018 74146
42013 78511
32821 3437
69101 38596
18003 76458
18827 16338
43517 32652
16978 19079
75526 90388
69264 11963
18848 1281
47948 28778
4878 9834
46786 59658
98040 40636
38674 76321
30569 91374
12547 6045
38051 8937
26845 1193
111 2411
19092 97970
14365 55180
29532 2561
34692 27789
23316 21362
25587 57345
74335 43883
72712 94666
55066 16513
59774 55841
46058 72663
14702 78683
76586 42290
39895 35235
914 91632
7762 77128
4671 72008
32826 18819
23880 2427
57769 77989
73459 43267
64622 21117
86442 64066
70859 24203
63127 46902
18286 81371
73109 61133
46552 38190
28674 78960
33374 24978
6859 78462
59402 87382
94317 50753
3060 64542
71799 97778
61986 9678
75061 5537
82680 29755
46493 90357
75082 68764
13291 38657
45547 95390
46791 80463
97340 60824
8716 12444
59628 95045
4249 53410
30590 9712
33453 79721
47889 33298
9962 99246
26243 99071
52856 99459
24590 64939
89440 82786
69574 16445
67324 40285
26540 57461
71406 10718
15299 58155
87469 52666
58283 24665
41967 89676
6815 36291
39593 80931
94079 35307
23189 96898
35753 74724
7162 5088
43735 83622
11035 44583
30591 17396
92191 56531
70328 66923
42130 75785
68170 96800
66282 54494
44289 66564
88757 84807
82714 9769
7346 35436
61325 64762
29098 39541
14642 84755
27899 32908
42602 90260
4938 7290
14403 17003
24812 23156
14966 14981
60199 77193
65496 31612
51332 84645
12954 60023
48424 58158
18480 11955
56234 98122
82358 17216
4964 68217
18591 87902
47385 50107
74212 6868
48556 12124
88902 72761
58625 87412
95407 44604
66011 51139
22122 2194
32125 2070
928 89106
41124 13844
6179 73930
95441 54844
96666 60325
68613 49239
23825 88664
28991 20793
68029 85670
78657 47163
6188 5248
39347 64824
25917 89591
39297 80336
36303 50302
11220 62946
4698 703
42091 99562
48533 11815
60069 55273
99627 69947
13684 50801
87795 49507
86169 51863
28731 78361
41130 2523
96087 57459
92261 54551
17402 57322
80050 68644
3716 27855
42253 36269
67701 31144
88017 3124
75733 13266
59371 51343
1124 37728
84506 6210
39416 86214
29741 8277
31319 5807
9711 53891
57189 75026
82759 19021
99634 95456
43074 82653
16934 57361
91038 19059
1331 79852
74709 13438
90583 69659
50805 73539
34433 89072
55366 45863
15320 51957
38923 65683
20501 91148
48852 67855
36677 16705
41267 82558
2325 58128
20613 91663
68615 42739
78800 81171
45995 71855
12801 6386
89805 21308
77321 85424
19761 50874
68632 77831
16054 63972
38135 42497
19358 65767
68369 53613
87346 2453
65482 63278
89850 21244
29464 76299
19598 73026
77687 65453
69395 84027
58133 69123
67630 32523
22305 58405
9942 80427
29401 10655
75433 2142
4520 51003
66349 9831
67306 55631
14102 25159
63261 40976
39790 69053
67901 25665
86026 81702
40075 84483
69319 61124
33301 51909
91174 92565
87411 78843
56522 75996
55059 13226
86241 38260
21776 244
55628 98687
89907 24639
21564 50414
75910 3080
79584 31482
18392 68595
75242 25446
14133 39583
43602 21487
48082 71932
80029 89371
12802 56654
31111 99983
97425 98296
11792 26521
78630 612
9816 87995
46834 47281
43577 9640
95653 32106
2965 42392
13661 70556
73438 66798
12189 31440
60509 37786
7156 41264
83555 84418
13158 8188
97750 56192
28375 59488
10999 32307
12126 15729
91773 92904
58425 55166
35444 79848
8727 58795
5156 60986
38286 921
25353 14808
17852 49491
71383 27580
47608 38237
47741 75178
23037 82105
95805 59759
32940 2153
21832 63234
36606 56512
27266 10357
14743 92945
70403 82894
40211 32558
94421 3236
64481 61151
96825 55020
91213 21958
21177 39635
76835 13661
35229 34022
7974 72846
49497 64908
27637 70993
25389 32584
96592 19201
40667 28614
52501 70044
40865 34521
63805 44159
28050 16792
36644 96134
806 19916
72337 2478
97250 89095
23482 55591
41719 34961
27919 7451
82632 93982
11396 78461
44315 90451
32375 53557
6023 5238
16982 92310
76600 7976
51240 89929
80689 16927
3103 64038
68072 5452
38876 73401
82879 43307
71583 94199
80381 96617
33176 13791
62393 22480
18177 35799
64539 44342
39841 29950
89326 56248
65091 49134
50795 82071
56636 47121
7596 5903
97159 15796
57558 4358
94691 58735
68880 60201
88241 10730
55677 56719
91732 93554
65022 43775
62065 47477
14061 61911
38463 15629
97831 22930
6557 47834
45219 15026
78701 65009
91172 11198
31558 75570
51199 58300
76643 55380
52168 59804
91427 94610
41741 42996
91345 81077
83314 52241
57863 47205
40000 35548
25595 64592
30274 73897
61273 23109
35046 42751
31045 31239
38518 33519
5721 3246
61002 92454
11160 71058
93215 28113
32508 17932
60568 16639
58685 35165
33918 82784
41238 74374
82615 94829
97478 51233
55107 41847
16004 45483
1270 56155
49037 5266
78353 35409
5175 16077
26973 54212
97924 46545
31353 31223
91853 71213
6891 8962
11407 26712
36603 79065
18405 20901
6766 2173
33953 67576
12737 97954
71387 135
45909 41496
71532 23603
64991 69324
61222 9288
21755 16750
57884 30352
14659 79944
27121 24184
64359 7266
94811 96907
11680 50499
40359 34669
45741 31493
55324 26052
10723 30959
36691 12536
84596 45732
10431 41176
81753 2414
20236 95718
56856 9622
77313 89770
81768 68254
82724 38510
79990 6490
50817 45469
85497 12266
21306 16372
48506 4977
73944 98178
18140 97495
93499 2536
4525 45731
39361 76617
52697 43445
8486 81666
57641 43920
45262 88765
97967 433
21113 12046
88190 16055
61332 82297
7749 41800
23249 67441
28556 99620
85154 76844
2902 90613
18333 4751
15763 45605
71866 97836
33118 6147
45977 61732
36702 34322
5296 77353
17871 7532
90967 13444
96024 40213
90290 63237
28412 94845
92616 32809
2938 29629
61397 37565
43686 50961
40876 95927
9666 16429
52380 17545
24343 59558
17557 61546
70887 49645
899 28841
99832 68756
84067 43516
11398 21788
293 30160
51183 14651
55704 58669
95155 16967
20202 72435
78264 76348
19502 32893
17245 65842
68570 58123
17654 88053
51768 69645
61099 65359
94249 23126
50186 2271
3438 43909
70160 41948
34504 13375
71439 34394
56493 30515
97453 13801
82090 76831
2368 26928
82625 71182
39817 72897
87994 71350
79078 75162
70138 74716
29494 45096
81679 1988
46423 59983
92946 33259
60238 13385
84549 37291
48492 27729
71911 24643
58070 36168
71122 21233
36669 47505
18847 43508
36718 94299
84373 89056
42108 88722
39858 69621
66630 64171
93819 8030
72271 67737
24590 39305
98293 55386
30964 73416
34964 1825
6790 94817
2911 80485
53307 27420
30109 62010
21451 82487
17259 86307
4240 36354
48242 2418
60643 69178
65326 62677
42874 29968
40854 63529
97679 7923
73189 19534
6145 47939
83058 63990
37282 66626
21197 8208
1426 31646
54441 89449
28516 75736
10790 24578
10928 71886
90651 8395
78522 23181
58549 55988
66895 47946
11160 6599
26766 59641
37843 79594
68350 76081
84388 51694
92499 51142
93547 49706
5849 24919
31687 75384
16834 16343
25558 23855
80545 79033
74712 29729
26841 48117
79815 43597
95891 18228
96377 99109
6263 51246
78538 35267
78397 10227
82164 95529
28935 86964
83486 56145
53441 41040
65174 39991
62798 46138
58807 71717
45752 93721
3727 81544
34600 77599
90463 61610
39953 5361
52158 8543
87965 4188
51836 81489
82930 11549
1678 80556
93289 48128
72728 93237
31248 30685
34131 88479
5145 35628
29937 92666
28757 93925
75643 97321
83067 68167
77793 55686
53879 75860
1651 86298
75021 88532
51794 30498
6145 62786
97376 24299
5813 38082
79169 64458
98326 59539
42369 95754
21740 12922
51493 58964
63886 35785
1446 90969
91465 75450
29026 4074
59379 76664
90216 75347
13999 62046
47185 55604
22737 59035
19828 34949
23018 63790
73172 57199
89616 73216
79499 51362
98104 35946
6760 17334
42144 97704
74222 80993
52861 96592
57687 609
22260 57235
88480 64689
16002 85574
40114 74140
36182 352
86205 53188
47915 65195
81641 44732
74449 38153
43267 74490
63894 33880
51495 14302
99189 90384
29222 24727
19830 86027
67671 19608
34384 67775
84501 77385
91102 40894
89289 62133
11327 82991
54017 62213
69214 7795
64392 75617
96140 35296
73326 60698
40778 43582
64506 33224
63458 53416
30447 82128
37295 93056
23810 81285
27026 15566
66575 78411
23786 68062
12410 99912
21941 28220
17844 23510
32062 87704
87759 99578
28561 85984
20959 6385
54075 99640
1898 46099
96149 99517
24617 67851
14429 9517
90231 32061
49402 69072
82445 75947
66071 2676
19541 34649
35027 95064
38295 72822
32656 49392
29989 29857
41370 73638
9049 37818
70886 50759
11091 1559
41437 28902
19027 71573
93455 36485
53349 32117
75871 28079
78381 25107
73889 23367
51940 35565
81573 48289
93624 36049
3603 93744
91348 27178
10796 86274
88037 48575
69914 48318
31532 98609
41739 29366
36161 44474
13890 277
66653 79008
71960 89748
59120 57370
72820 57216
30471 41721
76320 35161
21732 70570
69703 13551
94245 42459
24160 15745
46605 91299
38306 98504
67523 74170
54402 44834
76642 68832
19306 74194
95992 57049
6650 7786
45230 98891
87387 92948
76163 25799
44012 55398
96243 83464
423 67630
23682 61251
51661 67591
84515 34754
94318 18139
598 74177
96197 95127
59753 79831
57598 60691
13808 43084
23578 68401
34264 93156
38963 25681
21770 68628
21071 23585
26761 19273
74282 43761
24974 24739
39892 13138
99296 97144
73121 76825
59501 23902
24041 76010
24362 91005
20619 5468
34132 89430
95257 65373
71109 8509
74736 72412
73629 87875
71607 25292
49403 93695
5379 90530
14366 24282
31347 27262
88514 77938
73234 25804
73396 50964
17924 36781
17534 73362
6468 80311
12862 69193
60181 6208
34121 43840
69478 44320
88614 65507
82505 65584
89267 72798
18223 67025
38778 43756
83443 14288
94110 86507
15604 80130
59338 20152
42799 75221
74239 98257
88167 37615
79563 86437
95078 21546
17185 56695
15653 9123
59460 97547
34935 77252
65446 50415
76833 65281
70762 78932
16675 86110
64856 46763
61311 3379
82378 25084
48131 84252
20028 69121
50855 36885
1026 57308
88925 81445
576 66088
52316 26625
3594 33132
16195 64468
74953 3784
4348 18619
96058 1893
68307 53286
68466 90154
90920 18175
72383 91263
10182 44059
34613 43290
9395 11736
55294 27753
69090 88802
35408 88977
85344 4321
18278 77325
46279 73888
56004 11632
18839 20597
35028 25470
5688 52157
3484 26349
37490 98591
39380 19922
72661 14411
69010 13088
69600 66272
34657 61355
59949 14640
6637 79682
85858 54031
59071 83317
97835 60626
56980 7417
83841 79036
86356 15391
55098 74082
69315 35823
99920 37157
89974 85481
65954 12904
53174 53035
35994 37570
58148 57404
59683 2159
92483 93780
409 21889
50631 51803
32131 40291
74509 40058
42167 93688
44429 57890
56208 50013
61926 10766
83500 94586
56504 96341
76521 19941
88745 43823
51560 21142
44602 70918
29916 34622
4659 46494
34154 95288
22425 71504
24041 61040
24172 86587
57445 65992
89866 86276
70602 8033
87959 32967
89893 28039
77526 36192
81702 57288
31211 32323
36828 77660
37145 26286
9728 93755
65936 6640
82094 75367
93121 1808
67313 92377
60172 53962
72425 72879
23628 83949
52605 62595
97611 49989
32726 12757
89617 68559
62317 62685
59766 76288
65263 51317
77929 50089
50768 82921
79295 70330
93265 42577
14564 26899
53892 74491
26969 11591
39864 49412
47852 40575
70469 27183
16447 20820
10276 6372
56038 79439
14199 91390
28299 1708
82302 61718
93258 24513
38668 75844
78701 92499
89483 90755
12177 69538
42249 38122
27112 89209
17206 96957
17045 60225
40724 81042
38519 18646
82620 26593
32957 59461
93096 13116
26061 92467
68334 34391
44239 24082
44931 95463
20013 4520
86691 34361
45883 34203
99566 85320
76969 54337
5553 22383
94886 47865
21863 11790
27687 84307
6326 99161
2708 74789
25816 94648
94782 98723
88143 47487
54831 84729
7393 78428
7457 43668
34584 9888
71221 58542
71750 22909
23696 58637
78903 36547
51403 74377
12274 92839
86544 50019
93121 7974
82925 63258
81191 73053
86409 19419
85479 70170
91505 87954
57221 92608
97072 12290
34368 76074
20207 71080
36302 79247
48819 55584
17945 5971
52974 14042
23805 27013
2811 3275
61559 80733
33936 17943
6651 47765
71832 84563
23938 58961
89287 42626
99556 65680
43765 75496
76201 34099
8256 48126
3204 59686
71106 22942
43418 23004
71859 35013
72378 20282
68725 37670
96494 20349
59252 98188
10102 58104
44298 36283
47266 62918
16745 28621
51661 7189
86769 80956
33627 73546
11993 79367
44331 38351
55565 18841
58618 3264
6728 77880
31991 90525
9755 63778
53078 45455
59689 48396
18953 45928
485 90157
38649 25088
93157 32659
15570 87385
54540 79717
57238 46236
23837 3514
82173 48500
88262 90265
3716 99971
32457 59889
11909 10985
64479 25299
5544 54262
8490 47488
7769 99525
81935 24799
2566 94238
47664 73976
26925 43114
59733 53411
4740 71290
96806 17668
99205 33172
46561 47428
65195 20060
76832 57492
76882 44301
66933 29926
45466 73406
30474 19732
97626 42274
4548 31884
1971 42350
65922 35146
61679 36664
62648 55072
15221 46231
5731 55025
96751 25635
44429 33329
66973 70563
63582 93415
74139 28460
84242 49646
56344 38342
78436 32015
83406 95360
26254 15284
30059 1658
59453 74742
22865 71600
75820 90114
71839 11126
48258 6578
81204 51698
43164 58865
41842 1214
88380 36982
90860 46832
56530 89298
76229 1905
53952 4640
58561 69710
89747 24840
87974 27276
34752 3166
61640 93234
63731 89236
64108 49430
91235 32604
74816 31196
71181 80193
83025 9461
58177 27448
88871 50387
15224 79725
49053 63938
55267 5276
62476 15448
18270 9124
55983 25508
11842 62449
91295 56623
25818 93644
32993 12604
34839 59135
65099 14481
58493 7083
49388 85819
45637 69111
49659 59475
99478 16744
48567 49017
43096 96343
15373 66467
4336 43709
97912 88872
75353 12472
42917 43608
54925 26650
44218 46561
67151 14264
92949 90764
32251 37333
93253 98518
79925 54470
8441 62749
3474 63701
35606 95324
53590 56718
21984 32871
9962 33710
60387 67380
72124 95636
18795 543
40245 3198
90724 27718
92443 51210
10105 36886
91488 72407
20243 98548
45621 18388
54935 45593
70753 64122
42700 22517
75787 20623
14043 85817
49022 70027
89015 95631
44924 57865
38201 75705
43195 24575
44469 33778
19659 44549
89223 95625
5666 13079
60288 67888
13304 2485
69001 67247
29675 35627
7472 22489
74283 50133
79768 6822
54747 93902
47258 33784
59433 75957
53826 87336
44225 26049
88200 49627
27542 81347
81108 38781
17582 11289
33693 54850
6404 63563
84501 18829
24071 86441
52405 56314
73452 5034
82017 32635
26004 56744
63198 24801
62307 93137
14838 94875
98327 22540
70121 38256
62961 84452
74254 5315
21482 75982
30834 96093
65753 3785
61772 34001
90570 63034
58685 35123
97835 67099
12428 15016
39708 552
36676 55868
24405 10329
59797 85636
2266 61554
18173 90010
16754 56073
39683 8774
31199 82313
21851 81071
50593 31230
20515 44806
52960 45569
94826 40806
82644 46801
90054 66687
60992 57299
90321 11628
21183 77341
66887 46354
87790 55671
48475 36297
15940 38813
81314 97676
60215 68046
9269 55512
49388 53117
73498 41882
68077 92909
66671 36937
26822 67995
32569 82981
53559 56560
59852 40286
46101 62395
95038 11929
38148 97005
22226 47320
83989 59936
74112 87531
8555 51993
3323 68677
27467 56542
2905 646
12986 51523
9714 60250
37378 90041
42070 69453
5045 73128
78352 19900
11802 25488
88979 664
38626 45766
29050 30514
29214 78919
44276 76721
82367 99492
26858 56669
21558 97297
23922 8852
63663 10146
13478 43238
1787 81269
58781 53430
51682 3849
12329 87979
79657 65273
6433 34548
51459 46427
48851 16742
47385 45310
48812 49169
70582 46295
4422 89553
4606 81124
5051 3078
57215 48624
32283 89036
56730 89315
15523 31288
7536 27628
49643 13217
9377 22857
88155 22580
52836 12167
74749 14812
90853 15013
95075 84247
47948 89700
65370 97040
53069 48989
93968 81612
72843 71620
83711 17089
27160 64107
33678 3206
8175 89942
74621 5482
7549 91439
66997 83787
82539 70357
27831 21480
47822 89410
76341 33231
1831 67617
10496 65327
7668 2371
77129 96695
57943 75407
7806 21512
42229 81253
37023 96965
56828 48648
79285 61514
78882 97010
79568 54990
96351 16914
3482 15477
2842 55541
12911 95004
23385 81109
67283 72120
27122 38413
40084 8401
33592 81043
52019 77205
22655 29876
32114 31296
81110 13083
99869 79252
85258 17555
1696 48320
90919 69306
55270 66393
86378 44981
3460 96593
73562 55294
86815 74255
33585 29560
43210 41926
66758 67354
24042 8653
67158 63781
12138 70793
85171 69718
12548 95318
73910 54985
24732 65166
81904 84084
22305 28848
73019 65472
57674 67771
80649 14513
44435 28090
99434 94536
77147 50917
98124 67505
8261 74773
13386 81372
63398 93049
97915 44087
37279 70217
90986 91991
71332 89682
78225 52319
36007 13394
89078 61208
11282 24372
83842 95106
43775 21794
28560 7542
43485 95275
69367 24465
95802 75771
61321 95204
35446 96512
90491 76772
30309 83870
27172 70351
34297 66190
40215 78122
86142 7309
45077 83265
34115 95797
66661 42620
39632 62352
25026 23203
95640 42773
17272 61375
25941 77797
69136 778
10831 36138
17239 62763
19812 93660
41035 64151
11974 79961
32577 18787
28328 10220
12905 40287
349 27010
60713 75932
73733 90591
41775 71374
34229 55301
37464 50211
68805 58983
24754 5795
42514 65884
85816 79339
36740 32775
80905 59067
44949 93593
61967 82750
54957 57360
79797 97673
30855 91010
32758 11548
20690 21164
87536 44133
38858 25835
59862 95597
56357 56018
17926 96982
89896 43481
58724 94922
42729 29985
52784 19626
68204 31541
23716 18635
54880 71663
63361 47305
56983 99142
39983 47234
82213 38580
61317 17632
61044 84110
42385 94539
77371 87383
39431 8219
14643 73093
63695 39438
68825 57830
62057 91892
289 38834
58472 93540
5463 6384
68490 71420
53607 27770
3731 92460
13319 9299
59227 76796
57603 49170
6765 51848
55771 10964
36997 38012
40403 34674
80649 44227
95995 30637
68119 53051
23429 46340
14153 18146
62112 72864
21581 25518
21814 11991
9006 53109
46690 13920
37271 47935
8307 84145
42449 79947
8621 23716
80258 81959
28231 6291
79899 94881
93635 51510
19155 34210
28704 75900
60747 47422
25540 83561
4912 55160
25695 21688
97469 21534
48098 5641
58345 30063
61916 82659
73042 89104
68322 5169
74586 49773
84130 15445
89017 64349
65642 34676
92938 49789
82837 4757
84977 61013
76707 39874
77654 32121
19716 81794
68848 9883
12104 9815
92677 2581
61724 30101
69647 58723
23763 68674
81018 50058
77873 34830
44296 41674
90366 62349
29872 66981
61920 92480
1851 89125
99981 63133
2466 22984
68185 21380
1758 28316
96556 4206
33810 36953
88398 75998
49538 66547
89155 74956
72349 58039
62371 54007
35000 74023
98556 3563
10082 52855
29254 97517
26702 90142
70841 82795
48768 50461
68781 48738
18057 74440
49504 46485
89777 15514
9692 29004
93718 35382
77967 3613
67244 2966
43823 56058
77606 90324
34050 51889
52246 95862
60241 61697
34780 76120
36269 64553
54093 35323
35103 82352
33312 10819
47818 46034
14300 81922
31195 46359
21578 59169
81720 19478
58786 39102
96015 4573
52591 10170
17948 10295
51931 56615
55328 61908
36014 28913
89168 9902
89546 16811
40369 51375
30594 28131
48300 46963
43007 96623
78455 28571
8265 23844
49452 93716
27620 6180
15291 13676
82476 7924
24870 17367
32537 22357
26751 12188
97041 67305
11959 84199
27665 97091
62690 60392
36968 49973
76095 37200
66321 43974
90572 58337
75650 29743
64405 62878
90367 38040
14891 92571
73601 18244
30420 41541
13363 75353
45698 29595
90597 74838
50333 14428
19800 75601
25821 4288
21682 50405
38149 43187
64984 78476
61295 63911
53408 41209
40716 25272
59945 94109
31554 50555
52743 31589
90798 74863
83327 93111
85478 14532
92350 32111
43192 65736
23453 6901
23519 61333
60137 89685
90704 45895
28901 39946
14724 14719
19036 87879
3672 88767
31890 41168
1760 62829
9055 82496
51872 42591
76190 46045
24431 11920
3066 44956
19846 1310
7457 35042
94748 92144
90548 47146
59575 77383
33143 56455
38306 25068
75397 63306
72254 22934
89542 81893
84475 79619
94230 6631
47693 41301
64875 3532
13307 57745
45011 18574
57962 89663
59085 89859
5766 39236
56458 32711
9631 81105
94809 65641
36157 9017
94620 86548
64767 8818
80619 22481
15210 41844
98272 7219
22054 53668
25223 17963
50376 1789
49420 38505
27975 90287
65757 12045
93582 81783
43646 98168
68083 14763
68836 5877
33429 87951
93087 1362
16912 9018
24506 30757
90154 79379
28812 39971
81368 24764
43369 48960
72075 11662
4493 69655
35590 90614
77720 41179
91352 31097
99399 74998
62378 21627
13668 25997
54860 16323
79533 61858
67641 73463
48284 27657
99810 37827
63140 81340
79853 2317
63883 21036
11955 98487
74697 66030
56326 48079
20815 16217
53282 18842
59518 86545
80589 83016
81633 89194
76032 50275
85030 60024
88913 36171
38178 95673
87576 94474
18051 90101
98745 10661
7915 4849
91474 5836
99456 94894
7797 47703
52376 52697
55922 80974
38394 21344
62807 26430
58875 73517
5414 4583
63828 45171
30477 65630
1191 25526
17245 94789
10226 12334
42975 48854
68345 83655
89263 90461
36555 4557
38529 44710
52816 52312
26417 54708
87716 67804
12639 69351
81689 54291
58537 36397
20824 61326
13072 55800
49016 46683
36489 87690
39560 62804
59103 37212
59453 51721
80717 49982
49625 6220
96062 52792
57916 98789
85222 19397
71033 39599
27324 35505
49350 62475
49785 55755
90428 49944
48380 45729
19210 62625
51560 63718
56919 70803
98415 50178
15163 55606
70937 66496
75215 80945
11873 23572
28991 39011
24238 37742
46969 9522
90341 46092
19535 81825
58552 25201
50606 84191
94619 55248
62742 91290
81389 11887
31989 25924
77624 25418
18298 26213
39652 31998
56197 60942
63985 92455
45833 56736
68913 63095
10739 38970
10040 15690
39682 54830
81914 69277
24898 92696
32630 61936
87537 96262
94056 69294
87348 96993
69158 29734
75785 35112
73477 85565
60687 57518
80014 17282
41840 66706
45264 4489
58913 89659
29856 10056
76316 60474
31565 37921
80046 19288
72302 39245
4999 42020
4768 29210
36412 59123
41807 9482
75397 22576
2818 1760
87607 32556
58850 62895
44486 80918
30979 11795
46235 65742
57327 44906
57770 10275
97340 47496
6480 84539
34245 952
94417 86275
57511 16661
56892 88702
93157 29178
83099 95768
9418 69008
60123 2116
36913 7378
34542 35469
42048 9589
12025 61329
56707 87833
9006 90426
58835 7875
8863 34995
90977 70440
78513 39421
46761 73988
36057 11664
19362 95279
77367 61117
86992 20977
71403 13609
66231 10411
96002 43603
53001 2218
96749 82577
86488 86017
16646 18032
62131 729
76106 8412
28757 69769
41479 38797
73718 4937
65390 1539
29026 86328
30762 84043
29124 68329
18275 39258
51803 93516
46421 6998
52648 59001
41410 87511
31022 62489
88696 56851
97202 59351
13591 95668
41000 67649
1951 33089
48917 29817
2010 82791
40039 79312
1222 1316
32502 11569
68864 99527
22543 94790
94761 36871
57114 19298
63236 29883
80906 20103
15210 95980
75103 63194
31968 81079
28678 46739
2521 78707
56675 40630
95253 82745
86975 93926
64163 97419
48355 22591
15874 315
91088 96057
95653 72377
16448 81503
43840 46573
72799 30492
57599 76867
42299 55042
84003 27265
13484 57154
97344 7216
94127 63047
69488 54892
26004 8722
27001 38971
42246 80683
9192 57040
20279 81415
51241 18224
79298 36940
99408 85958
23583 81411
27172 59257
65545 83846
95538 61709
13098 13062
88749 45465
5187 7553
69839 62254
86357 67500
65378 32822
68120 76728
19722 71668
56999 74808
59255 99218
40030 13117
88829 27548
97695 29858
99410 45758
21754 19082
17411 65461
78658 86696
46690 11131
34909 84019
30463 12170
38955 39077
70101 40928
32717 17690
44717 19048
20587 51633
34101 39406
33457 94555
7310 51956
90100 69505
97545 42436
89206 21917
33181 420
60069 39973
74735 24443
64936 7484
43469 48183
94655 25775
66219 29855
54436 12155
20906 13786
10863 54508
19169 51010
43925 62932
13979 61017
84084 66309
64744 45907
40813 50661
16410 52764
26033 16132
83115 96466
55950 90387
36789 24137
81322 86562
80389 99186
21149 88138
99535 93214
70882 96236
8391 463
58245 66404
45873 12749
87717 41889
81640 52088
75371 22172
26122 88091
20906 57106
17081 50602
88623 28934
33232 56139
56266 46023
67312 18601
34772 38584
94805 14209
99753 49082
14467 32226
60834 13847
58885 59510
2856 95302
17967 28304
55718 31955
69776 78644
38965 27445
75926 53971
33716 44526
20160 55002
28894 43860
66822 68566
31117 49376
6982 84788
45221 83906
86175 38436
99920 53311
31178 15370
48454 4966
98102 99646
78832 14716
63482 28602
93641 2778
65040 18353
3846 30442
15040 48970
56920 63008
11479 49961
94498 25670
38000 40641
13104 85241
913 30125
90595 22922
21834 78164
37836 75842
95736 34660
48864 46157
92650 70260
97645 41791
69107 91720
29130 97856
17062 94873
72584 24627
85941 5433
66113 60260
98980 54577
30982 11515
22947 94715
54690 90529
50258 17698
82112 55069
79555 91216
4100 54257
48229 36069
46197 26944
47981 32082
84242 94971
32529 6929
70336 25922
81078 65843
89721 2667
34535 59472
1212 45183
3373 78005
91342 22307
79865 55129
86397 47978
13093 83667
88859 63217
2827 8622
96047 34428
78540 54236
44461 42680
84398 56830
92187 29002
99751 13406
53233 14657
85757 54885
68595 32899
261 56287
70635 1429
1960 16683
722 41840
48379 62985
24192 20256
86279 15044
96607 48145
30891 78874
65270 51231
83469 66754
76465 21859
65706 94730
96363 32455
81972 18708
2134 5628
18099 30845
14830 20517
3278 80431
60228 63157
76648 89142
37298 96997
63497 93158
46099 17596
29866 35808
60871 65227
5002 89505
86241 10664
44642 85812
58564 9006
63580 25516
84235 21021
43051 86600
76604 91456
37686 33010
92445 97402
67413 21737
65806 42765
78743 95415
90967 71046
35972 28117
47879 28770
35831 15043
49070 53036
77205 77160
10247 64434
15818 54756
36945 85944
49205 96213
32340 94245
20310 1555
86805 43853
74308 94257
88697 51388
72175 39510
59633 52771
38844 12409
42634 64369
6319 96451
37659 81447
63674 55220
42288 73564
62034 99636
11772 13251
86056 78661
8619 34230
67243 86713
41498 35164
85421 79696
30746 45876
95294 89081
52125 59189
40464 78052
53876 95860
4719 75886
44885 87305
47238 25387
98724 68055
90558 40340
84605 52777
83585 45210
23858 7194
62414 5045
47638 94638
17391 25527
27938 55757
12894 76927
22813 12810
19321 72553
90168 68165
4287 81578
44960 92580
16394 29116
5126 6559
79266 65545
60897 80544
20365 37907
27994 63616
6793 41643
41591 54373
71448 56132
86808 85405
1169 10021
3265 88333
21702 24238
14953 82639
28557 41472
58378 70082
23105 21402
20276 66098
63603 41344
84400 86412
43472 61202
15362 53142
23653 3351
19513 24566
73861 41135
37425 64433
36134 7118
36017 27589
85930 72636
66933 62350
44931 94941
341 94723
17904 57615
35874 19776
68497 12063
30908 4428
19900 83741
49722 27148
97435 61794
60507 193
43993 65479
75889 79767
18529 94436
55195 24012
98378 57506
36297 19871
65266 66524
78270 2305
36110 21956
56542 3980
79431 40721
23499 66776
84291 51502
80182 15469
91153 12827
84991 14759
74854 38411
94330 48178
78397 27737
24367 77064
93742 81075
99574 79377
22600 8333
52371 44123
56230 39629
82309 83116
86125 7605
22177 44961
40950 40381
95793 21403
41628 84910
89093 47737
24196 10738
28115 21173
21992 21156
2393 65695
56287 27150
27504 99543
50622 41280
7497 42593
34226 42861
93914 94265
92961 52946
78811 74647
25126 12675
75563 61835
73969 5970
34967 96743
94679 99081
56340 24825
40707 58946
84962 3949
68202 32473
65562 71965
75341 8028
25597 55048
49228 75880
55635 81776
45520 96048
21144 23226
11594 52283
63746 77208
67888 34282
49420 3050
45336 3155
44513 20699
88611 38928
84744 63421
4290 38079
71491 39819
77989 71179
26896 69936
99544 88374
89311 1853
28048 9966
54168 14550
51167 15299
62100 10791
47463 67719
5180 46859
74159 34169
20342 52939
64889 58916
51692 5742
66914 5485
14153 70575
47593 67246
76553 65210
89350 87738
49976 85759
52072 30973
26701 89959
17613 75145
91687 8350
55770 60553
47623 60823
78429 6295
69330 9091
57071 52206
40040 11288
64823 18943
3894 62900
60495 66216
71402 54896
81204 9786
68379 54751
46311 9408
65028 1348
59046 48490
96186 25133
17299 66733
63035 47852
15613 86496
27520 69063
2828 18221
73675 36682
30993 73756
15184 70502
48911 6080
71839 63201
39258 52236
10584 82057
89936 56747
19419 70010
38183 69840
9894 87273
23326 56159
89992 57751
61631 53835
77172 19781
52448 14063
40917 58383
48796 95414
11294 8751
13211 53366
39910 73480
69128 6174
47292 46307
92964 73936
48264 41055
68804 992
57317 77412
91062 8777
49061 65025
11113 4135
41074 79697
72106 36034
71211 30471
5430 98407
1775 53069
27855 91585
77160 43935
7721 83055
21969 89164
98179 42531
66942 14461
35150 79877
90389 9459
66600 80643
62594 62740
30479 74025
78759 98996
40044 67188
75151 66211
59921 94333
38521 50552
48380 64586
93611 4481
8872 64659
38698 64496
20218 98049
5230 82471
55534 42203
13470 85733
69455 4928
16096 28553
82022 74805
66471 84071
3814 69349
76627 8864
89961 67801
30738 99476
87885 10780
66137 42344
56852 894
6185 90645
36928 36700
52813 66005
95691 44374
40560 44348
4816 38539
53495 3906
87143 96488
59813 82529
51164 1277
15625 81881
51562 77959
66644 58848
47139 26488
49318 15923
91153 85385
81155 18483
24281 66742
11338 50531
97947 66841
34177 32599
99573 61810
81809 12927
12284 2727
68235 64390
57889 15464
68893 71243
3001 45500
11079 35578
61158 13623
32849 35480
46387 58544
70483 27112
33604 95896
42295 19179
61584 12208
67952 35806
13556 20539
68609 47983
79681 43765
48570 24921
189 96996
64242 77816
51287 9160
74876 29124
36448 41189
29668 87066
22531 2333
9956 95742
15993 94510
10624 40206
86760 9513
13065 9609
22436 65846
68064 22450
66851 59346
23834 72938
75342 32195
51218 59413
99995 32603
92978 22062
86282 41146
23865 20782
62242 95441
18906 28516
74463 50252
39617 77726
1392 73298
54637 6401
7890 41706
9132 33690
26021 18699
69987 36891
47497 24584
21076 6165
71647 73059
14121 37776
33143 36478
37527 55955
635 301
39724 51709
42875 74165
79185 34184
79499 71683
41893 18182
74832 33571
54328 82667
46293 80079
64407 43999
56053 71025
85728 68836
51821 16368
77046 53881
19644 62066
63053 26288
5316 59954
9132 41682
84692 48210
87820 86856
37554 4881
13366 49356
27273 40135
33919 97515
29401 99558
12203 2715
86740 16729
26888 38193
74990 23278
74969 70697
75336 28979
9314 72368
20523 87694
81130 41809
16435 54753
72320 86544
49869 35299
15380 32039
507 58365
39848 54833
16873 59175
46383 13464
66312 41448
40780 35425
69181 74957
86399 34307
68638 66104
17176 56017
21304 22592
27737 36314
24115 84886
7953 81609
78458 79635
87185 34969
35284 80211
57402 95034
31898 39994
81468 51708
44065 71680
22810 99580
1234 70883
59205 98636
78496 31601
78969 89451
93493 6437
26464 83077
22418 77317
50976 3495
90727 89116
65546 67027
37628 9319
44623 38387
71196 24757
14364 97363
53602 16670
23838 59104
79399 51055
37028 10133
46476 6709
58698 5017
15541 20123
74787 54553
64241 4567
51911 55250
99171 21660
17740 48684
51494 68304
24482 5102
64167 29359
49514 96355
46894 94985
36814 86293
10841 21593
18146 43489
94966 13282
16921 93403
40766 25655
41820 68572
23377 75012
99428 39119
15114 26499
56806 85629
90347 89076
89856 50402
2517 34132
672 13799
74907 7212
45290 77015
32018 21222
18558 21197
53324 18773
81207 46745
68087 90808
74036 79437
11813 38181
81336 84850
7212 80036
59317 86483
67736 50935
11861 70891
44802 45571
40967 42596
33185 59065
2968 10658
47969 67892
2485 79105
92450 82994
41747 50629
95080 20240
23352 69449
40903 32918
27964 5447
79925 1007
84859 2005
30489 61838
61718 87905
10390 9659
95896 94664
46803 17880
23922 54102
34167 2576
51210 43426
64505 56834
12019 11945
93506 83721
86134 53209
68173 97274
18657 9787
75099 5883
71540 96297
47693 3484
73809 17154
8090 29627
11909 92157
32469 52146
65273 65106
36645 66250
31104 79455
28231 31028
52145 98719
24170 68954
70875 20107
25703 76557
4606 63000
40374 23058
51620 85047
74266 76576
23346 31360
85814 64481
85013 25645
30348 7094
34750 10116
59941 27123
20431 21542
31964 44701
58090 1677
6263 64607
54548 62642
72594 43254
50679 45862
20115 16123
86889 83364
19885 26202
60564 56625
46199 77062
10893 61064
71603 55486
41759 84528
71949 25762
41456 33788
2393 8495
63473 34154
23198 58019
55432 28599
16733 22722
22692 66600
12614 70473
26774 94942
46107 33475
12221 94396
12839 21764
93959 47887
46677 33212
89005 10550
5546 38828
93792 66026
91274 57265
24524 84104
71155 28395
75830 63219
25917 43141
87906 17480
87890 66843
46404 96988
47483 7208
53195 51068
74456 18232
490 61078
7474 6717
44931 57647
265 85723
56192 45090
39748 29553
68026 67051
89377 85192
3506 8034
2073 95432
61181 257
75129 34271
98395 3539
74887 11709
84761 44189
87198 42716
19894 96374
26279 54355
75046 33352
6326 55677
13689 74335
25049 95175
36322 73938
45633 86698
91073 65817
45578 82335
41375 35011
76909 85445
88978 64248
62183 73703
35456 65939
86354 27405
20161 73062
4527 21554
65254 19261
98311 81934
33922 99768
98931 3223
24671 90637
54467 40596
66955 21408
60787 78098
78078 83981
90058 4165
92725 77061
65435 4998
71613 76270
89265 15387
92796 43869
28810 22975
77540 99940
29707 85328
4050 88164
66357 1392
2721 55409
55762 55713
27401 44633
94133 57923
55120 16857
82394 65119
90908 65
9417 38908
41686 27079
65539 43178
3277 27216
78634 4117
86249 95764
30122 385
79081 53028
17611 7120
44308 6052
91926 41668
50680 33113
96850 91506
41474 85999
77752 58171
9239 79914
84967 54984
27938 61696
48516 11329
45001 41151
50775 88784
10991 3708
87571 66503
95882 52699
76172 43914
67141 54891
98127 12324
68389 36686
19234 58484
42412 12257
96656 76085
8431 51557
99042 82914
57486 80159
47639 54143
91792 85377
18252 19172
12786 13658
45165 84017
43096 84035
64296 69443
72181 92430
19781 15113
34674 83948
46319 76141
17670 23140
87061 36884
8544 11400
46333 75494
91191 73241
96382 70274
20236 80580
86559 18218
50 87682
60071 42013
99620 23576
7752 90951
1197 53619
42008 72622
180 85531
44411 13711
59345 4948
55574 51310
91272 36238
8390 66480
55490 22371
88364 94325
94705 59856
64129 97471
35480 74340
58687 857
13205 87779
47632 61190
55223 62937
56597 256
58223 82915
87630 52968
59632 34429
81188 1762
94677 89925
70526 22291
25219 13452
52941 86111
2842 80818
7893 34739
49554 96690
64004 99237
26671 83238
7086 7393
28471 5663
47128 19138
963 78401
96680 92469
5491 68703
8995 30411
70716 66802
84440 43425
33305 29130
82588 65146
19491 80762
22842 51351
96113 2560
83576 98272
40828 84907
14269 88480
26958 90586
60996 1515
60608 9329
109 80771
77526 27233
95164 60058
88785 66942
58511 31274
6300 29345
88008 41106
36098 26551
61749 35563
59523 76636
40241 26411
24540 77605
52567 62907
31858 8637
24492 61822
74571 56351
49384 66562
55538 37597
602 52001
53107 32464
76960 68500
90173 12905
48567 66358
64438 10337
39148 18142
99946 75968
60254 14440
66113 96729
54678 16541
82592 57134
79685 72212
21157 94830
52721 9120
30975 13050
15117 27616
38822 67461
80355 57698
66642 48591
6086 39696
73668 60089
88247 50567
9388 31374
78540 624
56152 54744
78558 98712
15387 75066
11314 89016
24873 99242
18778 61408
39618 78807
1477 97973
52525 76881
86899 69168
61667 84248
67929 55511
60661 46220
81811 29445
15052 18258
57167 78535
42771 42689
19189 73149
3081 89401
13777 50848
35754 73532
83270 24483
93409 15654
98419 90074
45765 28749
82571 17979
3538 95580
42346 4486
31001 18051
64096 54258
22187 61312
1668 76474
95086 79939
14034 27911
84130 77384
98177 93895
38513 72930
73831 83492
8251 64614
88806 23260
95246 83688
67553 32955
80386 20389
26508 92482
97752 89504
86148 83349
848 71370
81466 36438
51533 3776
17515 41254
66396 4726
86148 98796
76707 28334
24380 11191
56188 69107
77132 43287
56965 76245
30454 57622
11605 15109
87488 65880
84612 34012
91693 84626
85186 33233
73218 94844
30564 2743
74035 7528
35721 89438
53794 14018
95948 38836
45875 23756
47530 41373
13779 75740
25135 6398
57301 74974
97385 12658
59199 1869
2211 29320
85961 90971
9146 81718
11842 70388
49871 8598
53369 39783
68278 55341
5764 60019
44816 26824
44723 65764
35302 90746
24028 94160
24114 18383
50564 15350
30724 40165
62675 19635
28501 89833
9775 83328
44756 7617
58465 42169
29620 38130
69686 40826
53852 76899
75530 21876
55214 86015
50401 62942
52743 25127
47647 35618
55161 85232
36292 47246
71647 22233
24581 44885
6736 8017
41754 47628
86870 38379
2911 63260
91899 20626
84674 5424
75011 61729
2062 41451
72715 55240
70038 40200
88201 94499
66537 55370
39261 45327
3766 85061
67096 15872
54857 11372
27394 52539
52770 21886
98381 85302
85275 61682
7706 38509
35026 4015
41265 43984
31508 75
85857 53676
49130 98353
24014 45663
67117 67941
12710 44164
88828 99655
40307 17416
67097 2652
1869 90509
21491 42717
93106 20785
23088 5825
97866 31351
42709 45293
60463 91089
57401 3675
90098 75123
72932 9438
69455 68531
86986 1993
61307 16886
80117 81360
10346 85704
52097 59198
98255 39189
47734 50238
30822 23723
9277 94514
7171 62411
18992 43918
18848 3066
15325 52322
56812 86081
61294 80943
13483 82458
23581 43471
10259 24994
77376 72965
6651 6582
17080 66770
33775 56187
44691 49799
33231 99934
26179 25366
73898 1131
85027 16120
63950 70173
99512 32042
33612 76972
75839 31111
56874 97114
72530 46689
19352 16375
45295 42499
50171 75246
8494 52500
22058 17528
35104 99430
84933 16708
31104 9912
13877 31965
85480 32670
1911 65122
53814 92809
34062 79742
15601 208
28663 35118
81759 60640
39498 41317
65423 4909
86268 26929
1362 46342
27567 14660
69733 76912
809 61666
11980 99296
91107 52851
30053 51022
25139 34918
86579 20212
7645 94996
62700 75497
89761 66470
18300 7967
3329 55011
91694 53111
13479 88513
80664 63755
62809 69843
10214 98869
90141 76155
45211 43931
85750 10955
15768 79957
54378 65270
88458 67571
2449 92634
84392 25116
72570 76307
61294 60788
84180 57177
83020 36520
12585 4220
53820 51667
89511 48
20565 37020
99940 45397
29819 36563
59122 73706
62174 44298
40898 54674
4369 91711
58021 40126
70559 17070
13425 31509
21343 34374
65470 79692
30960 14069
21077 32974
16181 34509
8655 77068
64361 53434
79476 12716
77320 39661
90015 18481
79349 15854
19583 88107
43601 73313
20215 6940
91905 38523
4979 11387
71588 85470
28473 42383
98425 30823
78124 4628
84278 73496
77188 12048
41270 22342
98609 96309
82412 1908
62220 49927
82803 13996
603 24243
95640 50791
70164 94258
78396 48874
92002 80935
92210 13480
29073 88978
27382 22779
88224 15635
10245 72125
68501 20199
10166 28317
62982 24572
27948 5509
4344 73567
8872 59752
70104 61421
58888 6791
34221 18031
23179 86481
13030 1612
41614 5334
19181 67759
42269 40442
67831 36863
37119 39285
56324 92737
57414 3509
26727 66031
73448 5125
12053 64115
49403 27656
78448 24143
72346 36761
36716 22119
32797 63605
27414 86231
57283 81056
55852 66707
70771 83710
48110 19032
24041 82053
13785 52698
71132 82301
9910 35596
70222 36825
85753 33558
25041 79865
22560 7006
61925 66900
65867 87553
43418 80540
72254 48594
39889 24999
62934 2027
61141 84296
55431 94663
41801 14203
97580 88272
98174 99453
99560 80758
48709 96459
94783 35476
35388 59416
82191 86272
20338 79401
17063 82303
46310 53689
62420 44291
38613 65943
51215 76981
22457 6329
60444 90651
25607 41598
56123 11246
83260 87800
948 80997
59837 92173
44543 96570
66656 46920
73093 46055
36000 60016
92860 42580
9010 85007
4364 18775
98536 51724
36494 65189
69080 5799
34779 15345
37089 6991
44215 65519
95581 4592
14632 48188
8954 18436
65146 44178
70240 91465
93511 41813
161 51776
99567 82687
93438 50379
43051 50273
26536 23945
84110 26346
27646 66613
31356 28827
30342 4073
74450 27174
7888 49087
78914 88591
32506 81586
6306 45188
6648 45625
98148 95191
86824 66886
22556 16421
23909 3384
6940 94070
68416 53767
39887 81542
35540 56691
55332 78990
25512 40952
95059 33087
83567 95405
66125 96668
42676 9730
74803 76467
59528 41238
33758 81267
91421 28546
8570 59004
9955 80053
85910 27843
84574 38524
67804 36763
44694 82269
56342 84769
57408 50633
47202 78127
26595 96975
51328 19702
85213 28191
14456 39931
51178 30582
43077 48582
33246 99552
51337 5204
145 99068
91912 20141
68463 60549
66248 12267
85303 62109
45202 57682
20379 1728
36375 38799
18320 83895
54699 78585
91822 83634
33919 14441
86133 43124
70300 74402
74004 34557
54432 38856
20485 90057
68352 1239
80046 6021
23961 99938
17240 48511
41178 52735
23285 28195
40705 44719
91501 24842
62139 70881
85280 65403
65181 14271
10001 88365
23827 4638
63053 370
41082 47827
29540 24610
18828 97647
41664 96534
48054 95893
6722 64106
11268 32594
36472 22596
23977 33502
25379 79372
94286 5978
85403 73473
7771 4210
99388 20343
99388 63158
4953 97617
11025 47088
58588 46878
53584 47438
93196 45649
53434 23238
6701 25772
21732 4452
9906 59523
25649 98018
50657 64986
1966 26181
60624 31680
51682 37073
95175 7232
42937 78967
18282 49224
93728 69379
76699 43475
12391 34105
83142 51916
62091 36139
14382 57508
23527 30497
95665 62541
44343 81175
74958 31463
66755 82612
8743 92092
87101 83288
30033 98149
29916 96909
49104 41459
72901 6040
25558 67569
90754 5149
89362 48139
34713 76106
88613 91353
26544 36097
51539 96875
39085 90187
34805 35883
29890 19295
74768 92540
5600 88511
2875 52310
19763 92375
68737 10652
70394 52899
41837 21209
31072 71202
92149 24396
59339 71704
61661 16658
73077 4651
31197 97041
50743 45391
87253 95299
25225 80957
80645 19121
6710 30817
76977 34094
51660 62573
30288 83345
62556 65088
71276 96557
28916 88510
98985 26024
24933 46587
23578 72848
74334 16034
65934 9245
53627 25033
10052 87993
9692 24332
88398 73705
53573 79152
4685 17748
51275 18664
37287 81211
83124 98020
25049 25350
57612 56846
33021 8170
92497 30215
22149 72067
66661 89787
88465 76580
13668 6306
99132 76040
55869 17165
38003 56127
29560 94020
6312 32673
44695 22151
94779 33635
30277 49948
46970 11307
15373 38775
78397 55601
94705 2061
4459 20593
97558 31123
21821 49454
18925 61347
15820 68773
89483 49611
36861 80742
15632 71057
84260 92905
87624 79368
42889 85877
33292 58117
17793 72361
49100 72968
63804 36860
15423 84692
49415 65081
38773 8191
87273 28226
39548 80180
81962 57082
7997 83979
50015 4827
56953 96734
52662 56703
45744 94958
22900 60094
87473 10877
90148 64620
64552 6169
66814 94662
64882 99657
30540 16902
13330 8554
83445 86541
47126 7332
63420 8848
71839 4468
14429 29908
80813 87131
12267 85277
1028 13126
73330 139
56207 22027
28991 4336
92452 8065
10318 79755
84262 33616
19534 9637
84641 81611
9470 44821
16434 8910
48687 78302
95192 26723
77186 24062
16062 15716
78444 66382
5413 35286
23570 88235
25716 96246
37900 66819
76647 30164
71944 9212
74710 83859
10108 65451
80619 45683
81432 62680
88735 61898
86431 57240
88740 9425
82632 78528
85788 62668
30060 98148
83487 17266
52524 84226
93344 3143
21236 32727
72335 52346
75300 10794
20935 26420
89346 49909
69002 35114
99560 86030
98795 96221
92750 83348
4740 19646
85154 58226
88335 27024
77545 10957
49889 48248
19199 48353
4508 5926
97496 4997
45365 54726
32309 65962
80071 74673
60798 31468
77069 98916
88854 92500
37682 1611
58823 2308
83298 89074
62296 13785
34994 46744
93201 80805
60497 44898
44005 86761
40533 71490
62599 24826
14535 84969
38125 19695
38178 13234
88055 11940
26605 87561
41459 62162
11881 90021
73338 48981
30871 14205
69061 58161
93675 23261
97051 46438
17922 80641
75982 7146
28629 52168
6133 46216
54191 54393
92578 13576
63055 63321
34940 26664
73964 17461
16361 16396
8807 38789
40125 64010
11171 11424
18889 29078
95842 26351
80750 53589
92840 40522
88394 26982
95730 3481
58441 9020
4669 67741
66987 89566
36616 8510
43176 72324
54107 556
12870 65794
53836 38697
13110 78509
48498 40956
26619 55307
92339 93379
1130 56739
57350 46782
92554 68896
44152 9143
8105 26581
89663 52867
1884 35516
84916 12514
59509 42443
30143 8832
37931 48364
38682 80823
72813 28758
84282 3423
66201 7053
27729 30111
17260 35842
31564 19206
68906 6412
5303 38439
26256 26005
47317 23015
19358 23200
28101 83254
6929 81695
51628 14580
65085 74899
9273 70228
73316 74842
24523 90698
18634 84914
18206 37128
63096 23834
33002 46343
86594 18917
25933 33868
54081 69905
2589 26366
80939 3525
91396 18571
99315 76829
14167 76003
61455 22363
51179 35993
76343 77778
95185 98943
54943 17544
52120 91938
20094 81650
25903 43807
8784 13167
21174 73522
63955 90508
41716 71375
97947 37760
23406 24197
3936 34625
90027 90133
87848 59744
9572 57823
98281 97063
50853 42968
36252 87506
64550 19999
16646 41519
81616 77111
7165 37642
62104 33870
37788 6759
6540 79952
52358 11450
16750 86085
59345 42369
45992 53546
65737 84176
45982 47702
70727 25866
775 16735
29388 13413
46066 77153
22810 17156
45427 79075
31552 72166
74487 47513
45669 83340
50221 73188
55339 68997
63454 79665
82162 5759
2543 27714
99203 80789
31734 50927
43062 25042
68288 78153
98854 54798
99405 46811
98208 23169
49074 63350
35284 37686
83143 53341
37769 27381
52143 74849
1808 69212
57563 36996
83896 32637
71648 83298
34724 65433
55437 70597
17492 99252
79631 46771
78682 91417
71360 24666
72297 25668
59194 69300
14330 10536
26055 2540
90256 40773
18848 70874
73720 84703
21448 99757
19547 66617
60388 85758
94376 24724
34228 12193
32354 24863
58912 26984
13518 50145
83492 61063
89271 99662
12877 75126
2097 13250
56875 91038
76879 38263
29245 15684
59534 92936
84314 83199
43339 28476
1378 17133
99933 6546
48246 10737
26858 73855
64703 64737
1281 27187
99908 86342
44920 45191
7184 40383
49774 89220
68501 77734
60944 19728
27644 58810
53417 73684
37785 86726
64133 29537
39760 17709
1692 93607
49909 88577
29583 57677
26021 32596
26342 87417
62546 63991
73555 17899
4410 47730
93740 74604
50105 51685
11251 39192
42016 52853
14776 25236
65557 41695
77042 78565
9357 87909
5609 82662
71944 51841
84767 61964
29346 70089
3556 9464
18875 42199
67181 63460
81954 21653
92828 79608
19316 38668
21758 5837
41304 77737
61569 31046
69315 45466
39669 26053
51863 96220
36191 67128
23352 30727
84748 26936
37113 29975
62776 64246
13521 74870
68076 27179
26446 59074
75815 35704
29517 15446
82701 64100
22281 54754
5716 89596
96632 6705
12175 20973
38298 11738
38114 25584
24984 24108
29560 32516
38135 50856
17488 51621
51575 33695
77850 21307
93337 25701
85107 89688
52291 40875
71625 62339
7311 61888
3416 32197
63186 75280
7023 13698
95794 35521
9248 18883
44548 76569
90176 3439
91318 23605
25661 85482
22775 18122
8700 76435
39798 42184
82011 50103
26076 54967
63441 34626
94575 48283
50121 51689
41505 29585
99401 38218
89813 10790
99363 96390
38220 38737
51648 23598
40142 59094
83327 91745
2288 44524
83327 6462
21465 28187
35404 91291
9132 51560
41636 28300
52218 53160
71826 53365
14886 15926
91423 27103
21267 52056
7760 79220
58021 84021
27471 33958
21876 84704
98781 88772
38530 22301
66935 19688
21438 65655
47969 6157
31144 18577
79293 51701
71952 70487
75829 9774
36955 73837
70136 84279
42413 44501
68434 61975
95124 22896
34415 20321
63824 1576
606 47202
6890 53098
43569 32870
62693 70283
85237 884
34135 66085
69834 64985
28821 72939
34411 66003
90366 4908
39496 45034
40004 68212
87023 34833
84202 33841
83449 63427
27260 75719
71971 11064
37171 40677
3671 98421
20907 79034
7932 40221
99797 78816
73949 93345
71290 30337
88529 85899
18835 48849
18668 67557
58368 79263
11575 83515
27287 86086
3577 29486
45886 68281
63243 3241
93208 66379
74454 65315
38741 12018
94049 68037
97745 42478
84309 21776
38367 23027
16102 62652
80841 19837
76707 75814
3780 44730
50894 28206
21027 93378
44225 43737
46208 11112
39894 89353
40109 21691
60099 82554
46142 3501
65616 22196
14860 91657
91328 94678
11326 1704
80469 57465
10531 75212
29387 49577
41138 10870
87574 72548
22123 69667
81934 9973
24739 64086
3875 37254
54656 94520
39095 1909
61810 93558
98496 13873
79901 21339
9526 59872
63287 47025
77977 34425
46197 50272
52021 64874
30548 45395
41479 61194
54958 14814
65626 52457
81203 99877
18204 32698
51779 79116
37620 68450
7836 9158
14139 6209
99394 53458
42821 83110
88681 15812
54575 95418
17488 92214
42602 15208
94969 72751
60585 97333
59777 3131
20116 19257
97710 54873
69264 80870
47853 13869
23112 64422
60801 96882
9796 24429
17713 63153
23696 69562
27422 90831
71312 6250
28772 40143
24141 56451
29067 60579
32534 91719
52036 22568
46840 88603
3277 7174
22814 71873
81175 48174
87777 14850
9813 76619
64017 98150
3367 22142
16265 34706
50848 96566
10964 93132
63248 24229
25364 21592
19015 68427
23605 96089
42920 88671
52471 57804
64071 9126
23775 55984
23310 254
87505 40248
36061 96564
71660 27472
12407 25429
50584 34058
51081 79820
91724 7207
40620 73824
66992 23321
34763 23065
28653 17662
81923 71936
13351 33485
685 85220
44467 85656
34314 61627
25290 69499
72947 98815
19761 8712
13165 8817
11641 3339
89741 87724
73823 8197
11508 36400
31323 65294
86385 72610
23222 47792
28065 67934
98697 45295
17755 6014
81288 74532
4348 12625
82162 22607
96766 18096
55090 64966
53952 58255
97884 98384
86285 99864
90109 84472
20123 42083
73541 60208
20194 25396
38134 39262
96693 29037
82850 63189
18263 50944
62009 52579
24061 17693
70208 60578
98900 13637
71200 35545
76187 448
16528 76009
26792 7300
9113 16528
14154 13691
6459 42337
40792 26817
19005 46983
63222 59866
89987 67362
87302 66665
46404 61669
56051 78825
88010 37896
40595 8651
95187 91057
10487 96971
39557 26654
12782 38291
34299 39837
87998 15831
30896 10425
84468 16181
71366 58908
42335 56399
95648 48783
26052 90305
59434 6414
58625 62298
49739 60801
38649 78848
85558 92389
24338 42231
71910 91553
12614 95426
94211 27345
19551 19939
1917 37973
91547 96553
77845 31433
18817 74643
46768 42323
38712 41894
13865 71162
23569 75916
37960 15541
46599 56226
66091 4917
50343 23454
12708 15046
84735 20365
11952 68447
24984 74873
98750 10878
10384 82769
6421 27189
35115 91202
84998 66225
54723 32610
6212 64467
31614 63183
65904 68593
79551 41235
93887 84402
90889 82114
15253 17609
16617 71150
12734 11504
48820 57401
71190 72069
72335 7373
75111 78237
25801 23929
71784 80078
12162 2873
77681 55383
21308 51420
27501 38706
95117 54128
44827 65898
11326 80504
21040 29826
34240 27286
28684 64360
77690 4369
8524 49010
31123 5075
79420 93036
96749 46035
87245 40237
75447 96923
36615 67832
71840 35872
22666 74820
49086 2885
13711 24026
38426 96823
31755 81615
29865 29718
79016 58501
69783 9749
74239 22701
6520 47927
22500 78942
38717 48590
52359 97918
49581 63906
2573 50912
82786 6145
93311 26496
81067 3281
45517 79702
45854 71829
67574 40320
35527 6495
54086 96293
79598 6943
48206 21471
27065 56510
50502 25301
85674 15846
76938 10516
40178 29527
53209 32568
8495 22049
93813 81719
37187 36448
68938 34086
42202 28718
52493 18107
26620 40595
68191 62329
53834 36730
12709 1565
59764 11729
34535 57160
9694 94519
52268 39929
60284 91106
88162 44630
19503 25261
59121 9002
13497 66998
3594 29009
79981 12487
35987 67925
4541 13064
40618 66726
59421 64889
16676 30387
74535 7683
82221 88437
25512 4860
87377 68417
5741 78881
43150 86929
68317 58369
18668 27426
28331 79139
3067 26263
20129 18291
94602 37136
37953 93499
9037 54124
44513 45494
96797 60954
84076 77679
97271 88817
18319 64461
38149 46846
97948 14102
85909 53810
14844 75642
13870 4952
4512 64591
1744 97630
51818 76847
488 41853
56250 33825
25452 70278
11709 98465
7280 88006
71013 93224
19397 96404
11402 91591
67306 10522
81346 18470
66302 41562
6354 34584
46608 80498
60943 69487
7253 92183
95594 61674
66207 46685
47145 59446
788 70110
49465 78616
22099 59536
36950 64537
43960 35877
60678 673
12620 91128
96665 62287
62091 10828
5992 36532
56158 94417
10226 43555
42695 24573
95306 64014
19585 31042
46595 23204
89377 47558
39882 43324
1076 82825
25336 46996
59962 64971
48995 90748
65168 74968
17146 32495
2342 34967
73910 11434
16225 25022
3898 30316
54374 83804
63899 94488
46902 53720
88375 29224
28012 64783
95161 55089
23258 46842
17714 52864
20633 51540
86402 32246
88830 4466
96041 47479
38687 33326
95288 68715
42933 61575
58383 47495
96718 2365
79586 24259
40008 52723
77553 86319
14864 72997
8529 16879
9077 88281
52846 77823
49553 17900
60624 10871
78479 45075
36473 89939
78179 48705
40886 4474
59500 67201
48731 45457
68934 20992
61721 63880
94605 99841
31483 81487
15920 88136
31566 8587
67172 80299
8754 58234
65548 29193
96989 26345
35216 83848
37970 6750
29018 77654
23729 88524
44261 38360
52859 54689
55404 3804
91073 7892
77760 35774
30087 68441
45258 55625
14785 63314
94748 61201
54267 90560
24613 33026
71234 74946
29389 36759
82170 77188
81217 53696
53863 12991
24588 59598
7341 83544
86023 38149
84017 85813
66085 52115
33116 9325
91778 810
40156 8335
81206 69115
68735 93827
354 97217
30852 60007
89334 62225
28375 75942
14349 67431
83792 86376
41474 20025
7434 44047
5115 64784
7584 8373
35364 38462
88013 30925
81674 97809
18205 40134
36549 69199
52729 32155
29740 5518
95960 66542
38511 39516
40139 36016
81274 43607
65341 81800
8981 33623
78983 55998
31238 19860
94737 34325
81810 4931
57974 95847
37599 18247
18876 31702
26583 67223
84262 25539
22568 67940
4695 24654
12244 26481
40808 41427
53565 28019
73938 56628
1294 11901
55087 80499
61179 10397
29906 68665
78780 63179
24629 85045
13248 30782
91195 7365
94079 2923
8770 21470
36058 58652
45174 97877
18438 24461
82367 56976
59817 15136
23383 15312
31371 21899
67588 33676
90970 97454
57161 75194
52843 96369
69389 52357
55004 7349
23795 6164
90771 41438
24778 92155
19524 18038
53173 76604
75004 37540
41432 83404
14715 97827
57634 8472
77958 51426
61771 10462
41941 33318
21584 21629
98690 50138
1922 83647
79320 56326
32805 61716
11787 95020
32515 96912
59273 87442
21947 67508
35765 28342
18019 75377
18615 75208
24865 45697
948 60744
58905 3054
71997 65112
86726 82756
90860 25406
97566 37566
55017 841
76819 43989
54137 83567
1172 38720
939 62958
79883 1552
62259 73131
45823 70323
20770 33442
29552 80527
449 66313
913 16423
1254 75937
27642 82194
44738 11085
6890 7673
95214 24361
25006 6175
15541 98706
55486 15355
50710 78425
87319 70795
65480 35586
138 8827
26572 70599
43027 48612
13298 73056
88364 69346
1320 77567
27098 43097
406 6091
2878 53413
62092 55236
13445 68543
25656 25600
63532 7945
73411 23302
95406 83430
97226 60419
41089 61
37775 84305
97620 40604
15360 34318
39645 16287
92109 27193
5195 65006
36740 37202
77988 95605
16576 14675
47127 7433
5077 85010
21570 38565
29143 42413
91789 7851
4434 26294
2966 84399
25730 90325
27119 22687
48604 16162
27664 86366
75029 60675
43323 87083
61327 28744
11458 3227
71848 68076
45449 49533
35449 53936
50704 42160
84224 15287
44171 33343
45752 37777
19647 18605
4416 78101
14060 26492
57723 69093
7456 94279
36176 33986
21732 49665
62529 97644
73649 89701
33741 70249
37784 42105
65187 74247
47209 7788
44438 45888
39443 65553
88227 58136
2214 57936
73733 39197
27082 31490
89334 50539
98939 90297
14269 75203
59131 87684
25233 34628
86175 54814
78733 48926
56627 37095
37783 13620
3432 4118
71472 17028
31343 26591
27186 17847
40885 80178
74201 16570
53968 88020
10341 58172
63152 39052
59735 52373
6461 79005
33091 54097
33918 98878
39286 42983
24231 24761
63503 9610
74654 98360
45679 57077
82439 33688
28119 90332
54840 3898
85123 41200
53492 41328
65415 27038
13007 52326
10899 79359
17243 12175
71223 57184
63736 98672
79372 77404
74346 44868
58577 49874
44429 78419
16930 37038
62230 14182
20991 27565
46260 20851
80077 47995
18780 49146
69210 32272
45496 22741
35455 56107
37999 61713
37880 77609
72838 57117
2522 91358
84977 19968
19584 17715
20652 96841
886 13861
58241 98371
27642 47139
17171 4542
15096 12869
76500 11727
547 93510
40140 55775
8142 42889
4455 18048
771 35445
11968 66648
95479 39894
84938 833
99203 77766
28230 50029
31572 80434
44429 33811
96730 17823
95382 33018
59590 38209
11949 51800
66502 24166
45260 55949
92366 4985
32530 33379
73019 84904
32146 52218
81051 75679
47460 61717
15311 42565
76101 96709
41755 544
92333 80633
21906 738
78369 1597
24021 58844
15495 83739
91825 22652
26274 87054
30782 76027
6304 2955
96968 22940
4328 86068
86460 35757
9805 93176
53307 81577
11397 30228
60481 68664
48169 37839
79444 23593
34777 45971
4334 40787
82682 6316
4191 54021
73163 65269
63126 22324
96890 39271
20743 50308
67740 48853
61614 51630
36290 2569
95081 82443
66401 93399
58231 88079
71589 8566
98799 30109
5860 8765
22797 87622
74921 57505
51834 2395
89716 58275
3945 53405
12165 50159
65697 99267
65350 52748
49228 21083
72983 70272
11137 29710
90385 94935
88411 83331
90341 31265
84623 17757
99600 82319
64744 46697
54166 28521
58006 52012
73049 99697
22431 69761
86303 5123
92674 75710
83207 78560
7206 76992
36113 10619
61863 63346
7863 4145
4948 81260
69042 90242
74552 79674
5699 36115
45700 72921
39150 92203
74088 80698
64207 94428
70601 11586
43616 54301
44016 75614
38528 79330
10462 69180
4926 28174
56629 12697
45199 69050
30709 70902
19400 58328
81448 15935
46544 81474
71383 38423
72646 5578
33433 11138
56299 15139
92347 88209
15671 48214
75269 12528
79815 78708
99638 66871
87492 37372
4544 69176
65095 68834
9032 24814
28172 49587
12394 94210
64389 6948
97074 24679
92535 92944
74189 36381
21133 56238
20072 54433
56667 58572
40801 35210
47524 4036
44212 29119
26250 35230
6533 15285
60810 29092
53878 21628
41515 35649
83228 39605
27362 21518
4046 33882
88647 40970
37283 79879
70366 21015
85258 24589
58495 52677
30629 29994
14346 47981
43698 52870
2952 97900
92626 60251
89123 75435
43062 39492
63303 70420
27330 69356
82773 82514
48221 29383
52268 5662
7509 9068
58817 79056
81217 9869
18277 2959
34720 16053
73037 85705
56809 68192
32573 93101
80046 52352
33117 80604
753 80971
28988 22121
9864 33895
96976 90269
47066 8695
81842 5972
31269 24655
47141 76350
88955 8306
97526 50027
68676 66753
76740 85967
69392 6186
96527 35894
10663 37495
47577 42622
22913 67471
46643 11118
62788 36474
33534 55887
84538 51448
9499 7047
75839 35781
18206 74701
23899 59394
93700 29651
66522 62871
24405 71314
62915 23239
65440 60348
98792 16260
10752 19780
79992 79573
97444 17048
74649 26126
35302 20495
93380 42302
7135 93994
43829 91757
48114 89704
27089 48182
26292 58094
71312 55213
33233 13361
35982 44401
54972 30716
62453 44433
38029 81316
4026 40868
72710 81774
62286 453
93330 35855
71661 30141
54677 96741
41274 60294
28308 48199
50059 37105
4128 26856
80011 6913
49892 71918
68596 70775
52718 42039
72663 22089
69501 17350
31299 27224
45830 74721
25390 91503
18608 49400
22502 33299
45238 50152
8382 83262
65729 13036
32300 13835
4555 33402
80141 93992
28361 89484
93542 15741
55082 58751
53279 15499
59133 24181
92576 16339
33116 41529
757 1104
37921 51462
8463 88787
67816 4617
69330 86659
1249 3180
31211 20451
70376 21416
54121 14896
42786 84134
38242 683
39453 71565
67783 60534
55632 51647
67835 46100
30008 16764
24974 67232
44155 31780
23079 61783
12839 29932
42058 19795
90047 99152
26312 79416
15736 93195
24578 74006
35626 22242
56308 95078
44791 2098
6358 80165
43128 85605
80371 5267
23671 52616
50376 79268
47838 215
14972 91342
46215 48867
37111 72357
90037 34527
1306 87049
84428 99093
27946 30140
12640 83898
88993 48859
73434 41753
26397 23694
12666 70637
27169 36371
68968 39980
94286 83
67289 92265
40409 71943
43919 57662
51560 40577
17707 34693
98255 9455
75092 54630
279 41544
53631 65629
28115 24193
50818 36136
33334 61640
15895 98521
6820 28499
13377 95574
54184 93572
61337 56188
74847 89419
11236 25931
11174 83131
91134 26323
15804 11748
86285 47005
92994 82393
36874 76668
48493 1200
81030 38096
30010 45600
56584 71527
92931 78058
81343 73306
38564 62578
52215 24872
34056 99052
29708 1099
71917 77990
28765 22067
15921 96283
33052 65384
22648 51818
80650 44521
62996 69169
11923 40449
73183 10268
94433 79629
47502 70871
64832 77351
18968 32797
56295 1019
13885 67744
58302 18275
92929 98214
97885 91843
81349 62903
93899 67608
71908 12669
49937 71603
42334 55787
29916 65518
41385 7455
50628 19623
7231 32984
59280 44917
49909 71621
58513 92982
43176 4305
9025 38693
84422 25163
41086 54816
69294 33887
1883 67238
18613 63253
40576 71848
18449 35470
95021 73439
44045 97187
9673 17591
57827 60631
48666 43839
68514 28856
24843 516
39142 85856
68193 16378
64540 92856
11340 26541
79670 22932
50224 17696
10446 74774
11348 89103
9259 42073
91325 54523
22102 52512
8536 25369
78774 50343
34243 44747
87056 23874
50303 61895
43688 89461
94334 92243
81449 95000
95387 18345
2131 90233
95091 34670
83700 91280
61683 71228
58716 90514
59974 75310
478 76356
48045 76291
45032 735
97185 65391
9213 28060
39801 26141
82987 99721
89636 25893
88095 30339
71500 19985
6378 35125
11818 85896
30658 56125
23710 53824
57985 69673
44723 99828
62292 63103
85858 47369
16518 25005
77759 601
41900 18466
80837 23303
46359 67409
38698 47766
10045 80617
57283 79237
14513 53393
93950 24887
78059 97571
92474 99689
33500 37256
25507 47525
16990 17659
27310 25270
32947 69477
5978 23288
47754 80732
33515 31841
24338 64569
21019 36997
65585 46179
44121 60028
51928 51280
84855 33755
49679 52967
28419 88313
27793 54417
96294 85398
20161 61842
27487 79174
80637 71004
31158 33079
12333 75256
49420 41539
99701 36132
81873 98765
73624 45633
53257 66664
5160 91966
61308 18493
96121 91687
25098 56366
25079 99273
1556 20887
84780 47154
23363 4895
1406 37524
15544 24488
7488 75701
42524 39504
65791 39956
95510 70285
92401 36654
33632 86568
50561 26322
38574 85971
60001 317
21755 43281
8340 26655
56831 38818
18493 80843
59106 81229
52798 42183
8536 79779
47021 26453
21394 81892
78566 98025
84265 7116
99322 78792
52565 15605
44539 71253
77969 45734
42758 44065
57995 13822
9302 57023
54527 49181
72121 88957
87665 95503
26767 9057
76659 73688
61141 81693
4339 2128
21438 52766
13555 53654
32377 32890
21358 55678
72123 90262
65533 80950
64253 27380
43968 15304
36612 93801
65063 46163
58784 79544
22143 55802
2921 30538
45433 58668
41075 5207
68379 34928
54831 67764
15163 72603
41951 46377
62137 35952
70624 98052
66450 28215
4388 631
86142 32418
1303 31774
57926 1668
96458 58957
74790 99777
56365 57381
68288 24602
10726 99380
33342 72800
95194 87306
37728 24369
4629 21096
18270 12094
27161 95537
20292 25708
84873 14919
38187 5302
47330 95867
79462 94507
20229 64841
31280 73871
34699 15475
78576 63627
59286 4034
89319 9201
23101 83215
85403 2515
87566 74013
57346 72726
57437 62959
78540 36117
21337 37310
55382 20670
80448 81103
72498 21506
78889 36941
21092 92970
56307 83347
21114 38825
67693 84477
20478 5831
22354 38029
31522 44635
74524 34211
46398 36370
91944 12724
5476 97054
1486 89382
54325 22742
30727 46995
50177 72290
72155 76279
5240 30483
10122 75364
60754 29561
32547 72391
93340 58073
4498 13045
40967 18599
3047 50296
60423 52113
38827 25950
2455 4653
94604 99251
97464 42820
93228 25
38770 43012
57030 32849
85359 26925
26076 88809
18313 14019
84439 51974
50920 47822
70309 92998
84978 73107
78450 74657
74112 20906
86005 82882
59509 43367
44644 47732
38371 78315
84432 40906
12317 79353
85342 95641
19757 9952
90340 37142
33124 1616
71157 28465
44825 16202
87653 58939
67861 75984
32735 85057
85840 11778
48006 9105
31350 94515
5159 25933
64803 49738
75721 79129
96735 55374
7220 61755
499 62794
27592 99707
82315 57452
82495 5996
28237 17153
89299 11410
60910 59305
63725 51049
37960 20860
1408 19654
44703 12172
38061 52772
25104 47610
89426 13168
4087 29024
31983 11551
68817 25602
71778 48447
3459 68121
14665 27727
60209 49951
40117 65235
40354 87912
16624 42212
74404 38074
33118 91525
6846 20312
72850 21019
42264 83668
17198 47510
61923 82420
37742 99669
80771 22170
58180 47107
16093 43967
14972 75620
41263 81201
49392 32708
70792 78316
27121 56544
62294 9504
73429 62999
1409 43957
26908 55384
68616 34975
47543 99712
27127 77113
39467 13481
60125 84896
67946 47000
3375 74561
56058 63848
85868 42187
6492 6359
16330 72547
24745 83270
80884 92960
16149 68257
2286 62071
88854 1810
97752 17013
43804 20265
85741 92349
92985 69679
17973 10431
17065 87569
15799 36159
73233 1308
6312 83177
5718 33426
52525 70159
22275 11144
14791 24851
23987 1438
41262 66516
47055 68299
38962 26728
52882 48058
96195 42313
35746 88182
8029 4875
7438 30166
18685 23599
93534 81068
84149 16746
2949 32519
67277 27299
17540 95071
83297 38363
14815 510
25492 3169
68915 32370
7547 18335
51084 78686
90969 3953
33 33005
96117 94598
84878 77072
4000 94173
4998 69838
1746 14704
31412 49730
77174 34341
96345 88969
7722 97840
67566 4003
40619 66261
81546 52806
27121 75017
19816 8478
20292 55246
84338 15302
60190 79728
872 76575
408 95766
16930 10784
39587 64761
77536 31176
75715 88147
49909 58287
81101 12595
81780 37512
73746 43240
39225 1018
40750 60759
107 44929
502 45114
91951 44257
25201 78188
2286 56843
70714 23403
30161 67534
75332 49272
22633 53210
22383 40264
38832 17011
75785 53038
23315 82819
46975 37428
31375 8745
14226 14963
44004 15715
24410 17310
28220 13099
12989 88633
10701 85492
66379 82133
30091 16533
79648 90008
22667 18499
77832 76657
93499 36595
36993 31977
33088 79080
58113 58518
4606 64384
33677 51835
8378 50627
27721 99064
22050 57032
4890 95882
52414 28069
10383 71312
1205 71016
78297 99187
44656 94145
3652 6024
98995 78650
2495 59162
90253 76616
61217 15845
48556 43386
90487 31255
95317 43472
73026 16282
37152 49221
46790 5339
17457 4183
97313 14498
47134 18236
38831 39886
42259 32079
689 7773
76876 59191
43342 1016
49658 41021
20601 6428
28220 39532
47091 37454
63682 36313
50622 42810
37863 38673
4592 38048
63322 45054
76594 56857
64638 84340
87157 86287
19502 3801
92736 76381
87331 68571
86518 82982
94837 5796
81953 66780
7907 57463
8908 23421
75308 90542
74964 92792
41761 48038
19940 11919
94117 14214
24718 72509
79483 83423
32763 56092
46613 89212
26352 37959
63281 40505
62791 26821
28466 77705
60364 39001
27207 48146
47173 4922
85839 29529
54506 99660
52668 58349
79399 95051
24390 17958
65939 30715
8729 61883
70574 92105
15229 86244
33189 78648
70438 97238
79169 39149
40005 58468
2169 89815
65580 66608
61700 40075
93574 74481
20409 54978
37871 86356
1004 68482
42312 55474
84439 42442
74393 60106
80488 41939
49998 31435
44833 12031
93163 87012
39137 16411
67731 8665
16582 72710
12892 12850
25091 84103
93043 21029
87302 54030
3347 27365
75583 86457
83463 5206
90915 22674
61876 53162
80396 44422
44134 36963
69190 37639
18303 99917
20221 74972
9777 85190
5936 57872
62314 23361
77792 5467
17050 48313
87758 26872
20947 19848
99074 83087
6658 39483
48095 750
5815 26489
2488 28423
98228 62003
45816 98844
73698 98485
18496 37511
86117 45546
96453 88159
29846 85033
49861 39664
20481 13629
35927 66289
31028 16845
47255 93768
88932 11784
29462 13903
95211 67189
2334 11420
95460 59294
50659 61392
9334 6964
69250 76896
81865 95977
6392 69781
24607 53847
60234 79764
50498 56103
42900 2617
1238 72059
51325 70163
57954 4508
58427 89655
98367 63149
8801 43975
20639 65525
90174 94221
22871 90696
49816 24657
20368 29954
91933 11459
63488 91078
40552 21239
74135 47235
46465 1074
45793 65963
85032 15681
88563 84286
45500 65867
54090 54248
75102 36202
21094 33776
41497 82561
89775 8079
95155 59837
93944 7521
9669 46198
51603 5389
63528 68632
2819 90055
55977 49031
1791 67663
40625 22362
10822 11456
8981 6214
43959 52358
47128 19827
69780 10095
28576 98355
80216 15753
25701 98456
50764 82905
38333 7244
67533 32433
98656 64530
95047 6955
94232 84322
75162 23460
56289 13427
17679 10248
32405 14424
48895 89355
76041 23662
30636 27090
79521 77408
22199 41516
52527 25870
47423 22164
3125 94724
21879 22520
74458 60274
74587 9741
84353 13372
67707 34474
46842 55863
60918 75981
13998 86982
30640 4451
72045 89810
88279 2245
22180 88626
64022 62399
72481 27214
45600 92023
61178 280
53073 74995
87505 49367
88205 71530
14067 60157
52263 23173
91555 62965
69530 89670
37757 32693
44081 43596
98311 65814
28172 84641
39181 60240
74275 1461
56932 12074
89683 2611
62170 10274
49880 9328
75290 93907
33905 72262
22233 72594
55881 89202
8788 15406
44563 35078
19828 14227
4273 72263
48883 78617
80191 95108
12094 84746
48997 17571
28988 1524
2154 30684
23489 86579
62324 3083
15433 40747
58414 57692
68749 66406
34015 87206
71917 21497
85070 44109
79979 31659
99826 23865
12713 23499
74322 67358
14281 75259
38043 11826
76272 45476
54395 52066
7325 82136
47341 79450
11464 79062
33446 13990
57226 76525
1230 78306
36314 39638
29829 43136
78207 77289
67729 67648
96650 98532
98724 18001
59793 20042
64787 91672
18983 85932
20638 53861
85824 2399
68219 27626
67519 725
47684 76533
49362 65007
44513 90796
5864 48922
22650 43580
90327 91283
50362 39915
33289 95591
76331 61873
74439 15903
87601 36307
43024 75077
7045 74682
45729 11116
88474 54100
73201 29411
22851 11308
38337 22651
2980 52196
2020 84333
26660 86233
58839 54263
35188 70368
58482 16623
59123 24165
24791 90933
70063 69876
87051 7881
43582 27832
25581 36799
33848 43955
26405 77058
15619 65748
79689 17878
49127 83834
18408 68801
77108 61382
50944 96522
68151 3930
19404 36468
92715 37203
25104 41915
25929 79385
18078 70314
97824 39035
2899 70706
71596 60903
22936 92270
45541 79968
88894 49171
97984 14973
38982 11081
33375 61510
59508 50901
36334 6261
61293 50380
54840 1489
66733 25402
86050 95139
73311 692
11543 21682
99259 59093
68508 7108
83491 58431
50860 60459
17321 52086
93024 6046
38268 38419
48163 2987
99044 90702
9524 13954
20040 22897
11028 25867
82114 79164
63862 8399
37849 72646
34087 67742
52185 83370
55474 22783
16532 24632
79745 92793
25775 84870
92947 17925
12425 18306
56522 83167
27337 24943
87781 36904
34576 17916
51540 29861
98945 668
81658 64515
87308 99193
80049 13700
85379 56364
89667 18204
14448 40666
83548 8517
73158 40700
25805 77730
46899 15821
70747 55064
84765 78238
16090 72206
69752 8742
86230 99224
53869 5476
27030 62897
10465 18049
87339 65163
95084 25032
64139 25351
70208 20177
22318 54051
58000 47739
16220 26361
8549 40723
44795 21862
6894 33612
29859 13796
51818 45883
40743 42552
71646 54184
78662 9639
84292 94184
51380 82624
79772 67986
86822 14866
15370 57813
13930 44766
1751 78595
86505 8768
5205 26918
92183 17098
66846 82435
9654 46141
77183 88271
54693 36105
55927 86873
7828 56835
3974 29062
67351 99248
32153 35558
84744 78480
8991 45669
93454 97791
14516 9859
51025 49792
65275 99353
46491 93736
11938 72034
52149 34571
10684 95789
59852 4053
48213 55571
40711 52048
10358 65908
3901 55137
79671 15591
13046 64821
22961 86484
74078 84332
57985 45653
24010 53889
81759 33931
1256 16738
6244 72187
73628 19353
13007 39853
428 14658
68671 76709
2046 45277
73425 30671
18000 13829
72897 76139
93771 2120
3972 27525
81439 30930
71111 31968
56625 37714
62100 88859
3432 7837
40809 36445
12695 28378
73131 61760
80084 70695
90380 51009
90360 1179
16288 67781
98364 92503
11707 62940
88473 73773
82647 3916
91813 6288
98537 76182
34470 97664
12303 16237
66723 63999
55951 66108
45677 95830
30664 66257
87557 219
46907 73077
8482 87671
92158 96
86400 46262
81077 12407
84020 14036
98656 76382
16697 46794
60498 10729
775 14546
26663 90687
74080 10367
94125 42129
64625 66071
32582 61357
22039 50669
29292 9415
98615 64149
29705 68022
91070 42308
59966 76450
455 59441
6088 12318
13347 67677
98893 30641
44132 27419
28975 67830
5390 76097
64391 3629
93208 77805
27656 72993
57822 11282
19393 87176
44510 23417
7229 32485
98263 19799
12205 59126
63055 22763
35305 69815
87808 181
16570 83200
62128 490
55232 98228
89770 19944
69225 85534
91446 12478
9311 87297
75203 81127
44836 81687
90735 35341
19181 79853
12989 31583
44231 20823
70694 17870
21917 8441
7920 46499
86586 76478
97671 41903
40999 42965
5690 41139
93776 56633
17672 52763
70754 82716
6468 60609
32348 57092
35313 3729
23352 44805
1703 84538
39998 54450
89510 75172
43522 35551
69826 85085
95326 52237
47264 49878
72097 91642
16071 36204
87828 29772
43327 12852
23691 7571
35115 10178
34095 9508
13144 86073
94111 90197
80256 77940
71956 83972
76053 58886
64846 15401
9699 98573
62184 86652
2115 81406
4898 53213
60044 34954
87546 73900
65224 58322
79525 44140
67945 67383
52779 8813
98791 67490
40716 94595
23420 37346
45967 49488
20443 71645
41178 19034
69555 84961
56383 43416
57195 1352
48821 23871
91466 12294
61851 86689
70085 43156
26662 29430
25127 67484
48997 58451
11014 50731
13774 94959
29999 59671
1013 33094
55718 76614
6942 25318
11913 68767
84155 56089
63098 46970
6349 5223
51818 93048
33417 20811
74001 75723
52692 13824
75771 49541
14622 19103
98533 15928
5177 38763
1692 94453
82961 602
51523 70304
76703 64898
40899 85963
97465 81220
45085 59543
29761 92533
62795 49251
40658 64719
85172 85722
36379 54600
18168 85181
68291 98225
96536 4570
21781 90823
24822 36219
5708 52252
67955 20453
7917 93024
25749 26644
55174 95909
55996 68982
62003 79454
45245 12475
6994 54156
71046 39553
91925 82231
97972 93596
44088 67332
7734 17485
30090 35793
75810 45097
19055 56771
49840 77646
50475 3625
81908 90679
76857 80388
72127 11766
94157 52254
64600 73695
90766 67374
67631 40572
90045 79103
2085 75713
34738 48509
79965 95321
34722 49879
77164 579
51228 17311
39905 70921
65044 80923
37379 15436
76399 72672
3415 37344
42685 97351
83394 62434
92433 338
83503 81224
64434 39283
16823 86819
71873 15941
11069 35683
25945 55328
95579 71337
84986 40654
33578 45023
35016 44830
63223 3334
126 69848
17638 54245
97296 96600
41951 39273
96169 21767
59271 51406
91846 86082
24745 43347
89841 83305
75333 23602
18801 45104
10083 77994
7057 41419
99137 76858
24285 37703
13597 21353
63960 78292
48856 90454
50077 89011
36000 4332
74993 62799
18510 8332
49678 56277
37808 14346
35157 23708
5792 83246
41705 40262
69394 73466
36118 9773
33708 84548
16125 76186
74502 71880
40749 38995
43922 55951
23131 26536
32655 11533
57434 29786
65274 12473
36111 52773
433 47133
56110 96420
42238 89328
41916 82633
16864 26884
81494 95823
29107 87093
97912 85077
69527 64699
99997 90456
66395 97548
3943 99742
12174 10685
54506 91298
61544 3488
27127 3478
34604 83004
97815 1396
34459 33025
50856 58274
7974 92763
95083 99708
55256 22659
8211 82360
87492 61325
67033 40210
97835 20789
27668 7914
9132 70779
13631 96267
65742 92162
91280 61138
108 10398
50872 95255
29039 94397
36494 90128
59 21236
54506 67432
69669 48230
66894 53471
14015 32917
24547 92081
59215 96833
4830 87742
87698 71876
85205 79993
33548 24064
61400 18506
43574 85669
65516 2537
33175 20169
98101 6459
9477 30902
48911 22261
18338 84354
43590 47275
80700 15256
86793 4781
56997 77947
66329 41980
76997 88046
75845 87652
72705 60588
68137 31614
84197 87660
88729 45289
98228 93487
4160 86268
18509 29835
43062 10458
54981 19476
75524 20662
15820 60362
73877 24186
89673 28054
6813 1990
73336 10859
95582 21500
35449 83883
52002 66577
22355 32479
62733 2175
50224 33464
3868 93698
5054 21964
62478 54265
31106 16459
7254 56471
98079 34220
84747 81475
99325 16998
23474 90273
97477 15899
54176 86458
93725 92566
90580 45400
38922 92922
69963 67482
22814 62779
54522 80776
23991 53563
73788 31335
29750 11171
93110 36306
58325 49285
16987 27738
93058 43773
94705 70846
96991 13663
38439 72931
96363 79840
40872 50974
73360 13976
53740 89176
27412 18824
15371 3052
61523 45764
40117 85926
19821 35556
45505 97855
52809 78382
98160 68940
87081 57854
44749 27926
56232 85955
97072 10499
69836 4049
57785 34498
79645 72655
88948 71481
54540 70270
87688 23968
86213 88527
79505 21279
88285 10302
16605 65034
91775 13571
69555 79700
2907 43772
45299 57338
58249 7775
45470 1702
81386 36771
84825 2251
46237 2032
16967 85783
44545 95682
87107 15671
10389 68556
78753 62809
60634 60731
34167 21199
38144 23597
53095 711
31230 3836
13724 33537
27517 31342
55036 21517
23817 19808
61809 61536
88776 71692
83659 83119
2534 60719
30553 54473
21763 18903
48799 74516
16494 51884
28233 54115
18679 42896
63234 95551
51211 6211
50467 69402
20690 19834
41899 4971
37093 34214
86717 6269
79621 52290
71743 22037
42025 79751
52438 47595
68553 83779
81508 53837
40504 21878
29814 88559
3036 93143
30798 4390
90524 47856
43188 15939
14076 52534
55357 91331
27167 60992
33244 47022
34692 93919
55428 43932
16089 39899
1180 75140
76412 38084
37485 53681
28639 13160
11431 39852
43762 9686
8808 10365
77798 46079
34 83117
97005 90169
43913 57221
83730 48391
39431 86787
60261 88260
28835 42115
66363 81879
36792 70907
40423 30740
13876 37007
99620 7943
95852 71102
55238 97098
9890 13625
6787 85413
31174 16374
34850 48029
16986 88379
18833 73766
7936 39906
76537 29047
89560 53249
47107 80736
23661 94928
36625 64885
12899 40812
17678 73622
3192 8796
4939 61628
11619 95525
68677 47196
56892 90480
65704 14559
52676 72970
63481 16377
42221 5022
14924 94194
32963 60375
86717 18677
99683 9891
28495 15896
11357 31510
18448 58307
36300 52019
66302 42127
51219 42792
17618 73602
94627 53391
88698 67137
90351 85512
26175 67212
62784 59165
96653 63637
49670 72136
47067 13708
13853 65511
48650 57697
98551 9744
48967 5306
2062 58944
3975 68946
24142 72425
28412 72682
72653 69252
1718 19682
41282 19637
10969 42177
47631 42260
9822 61837
2318 95981
95912 14949
77918 49867
98605 19694
62275 30840
59034 19304
90537 3440
35325 19644
80839 36166
39034 49084
2408 36641
13736 69719
26674 25486
50904 15318
9908 75311
88963 64035
32153 92383
21511 66944
93831 91778
12492 37167
73747 11921
74594 51716
23700 70053
2397 57785
63511 6000
60935 94320
51188 93071
36239 12153
1059 9647
88412 91769
85486 53706
3586 96129
74636 41086
18026 38750
16737 85091
72351 81353
75064 9554
86600 69352
18816 74987
62938 17279
68310 87821
38118 49316
27112 86939
37909 37733
21370 29730
18303 78850
15675 56581
88952 81822
22810 58270
98284 7154
24400 34892
52491 20045
95628 25930
6963 42757
66626 92028
65189 15708
45481 57802
79356 60936
63274 16948
81484 85218
78727 26211
13439 26160
11418 60456
26334 81003
94363 78723
89209 43037
94379 8357
52121 10085
19319 78486
3556 33970
14655 30062
28743 89086
96651 30654
92783 5055
1982 73493
38187 19239
22462 25601
3397 47781
30722 31940
85342 76913
41306 22448
99784 24326
25484 44323
13379 24853
77832 4818
5151 2436
35088 55485
96962 19768
80651 25639
74027 44940
37376 96037
88698 26393
98226 72787
96905 24658
49225 30558
50574 55558
63598 74275
82418 76175
28757 10678
88461 54463
4961 54153
53545 22827
75823 42126
27688 32086
54144 42425
21195 19883
11275 83068
36468 98699
65435 3666
9861 32766
89958 23885
86002 46459
31076 10079
88545 46093
24815 82389
63969 98186
61638 8037
41345 42909
29343 42152
63789 29414
34720 52375
72652 78454
47888 19224
91658 60974
28427 54089
18873 9205
77460 79826
31955 92022
2726 82748
64507 70017
78708 96770
39436 35444
84957 69260
80144 91248
88684 68758
2900 92393
33821 94216
60338 67515
1112 43950
55967 73381
86226 81894
96373 71468
15647 93059
35189 41794
96218 21043
53169 97444
69353 94482
68898 92394
67204 3159
23632 12769
69150 28903
71848 98126
30198 16823
29206 95649
73306 54210
28803 69452
13298 48212
62404 50914
18399 28125
47811 90790
92246 87538
23884 37024
20069 66669
57138 59629
40125 53492
23318 67924
98104 97093
9913 11309
11878 29174
12291 79293
51533 93392
91971 7283
14365 6086
66391 19513
24754 4799
38187 50123
48298 39425
20807 83139
97384 59042
43391 50033
14304 84994
96125 35297
46547 59286
70769 25849
12726 59376
53179 25447
17870 57658
76507 5766
52712 92052
71988 82470
22195 70271
76724 12098
62027 18468
98190 78492
60505 90250
70471 61094
46279 60141
29764 8530
62577 68104
96137 46147
80789 93226
15602 93944
87046 2493
30394 10940
62162 62331
78553 16425
47012 93319
8301 92346
75389 1661
20555 80533
20761 15452
33970 320
831 30064
77649 33275
97424 50370
13301 29558
83908 14913
16732 17566
42166 80562
87517 2048
69843 57451
88982 81565
23653 64583
52520 82728
807 25548
79452 62413
7753 23687
42011 63078
98311 17097
43385 71778
97360 44141
99977 91640
74714 24794
61458 61042
73148 4851
80687 43613
1184 74748
95083 97716
628 87700
38988 97615
55159 9914
14194 51306
93253 60356
28829 8994
99327 89393
71938 29146
91393 20410
46438 5071
61205 61127
60596 85594
48794 30884
8970 25425
66245 40877
66352 63333
1528 88984
96364 22751
85403 41051
67460 25281
52414 35851
75578 99194
73439 83125
82789 3071
72989 22898
26391 26720
6182 53167
7265 9297
23103 70195
55742 333
65174 46066
86934 31087
1661 37242
91492 45061
55466 24426
33801 42372
51306 64805
26598 65760
61209 45953
4743 50466
52842 54286
27948 94580
93710 9494
20787 81141
22477 13176
21952 34470
24624 64501
7452 88445
42361 99573
5588 21528
66861 1493
9908 80382
64024 42037
32801 66498
5370 91994
44612 67874
92719 97303
81853 54539
23648 88198
25512 93366
57966 36588
71463 1961
827 38735
50146 6983
75153 48453
54744 53339
12134 41428
8240 58030
11432 53320
98208 56313
44964 29754
77006 99989
40658 28357
83628 67241
14154 99851
84659 92426
89305 197
55346 78060
5433 19413
32802 73372
35182 45470
58396 89860
63699 77673
80704 32696
76630 95932
47815 45948
21003 76973
47483 19570
49625 78571
70101 37846
26584 99900
69741 7000
40678 50534
19103 14487
51959 25771
11024 55104
3674 86997
1951 98162
26752 65209
74675 27307
77062 26244
33098 54949
97078 68611
63909 89912
25084 30050
19580 87930
22629 74051
60880 74800
1328 93726
54236 7424
96236 39067
24724 62252
75923 85643
62267 49775
39259 93625
14125 69480
79657 13850
19393 26785
34399 63782
39803 16622
12139 11049
86402 67842
76630 62080
4493 89932
43580 15693
73338 25767
33550 24356
80074 39368
38733 92136
81958 69735
35114 80075
40370 43553
19864 14846
47643 44037
56125 75688
84955 16672
42826 48762
90549 17060
15419 77
26868 61770
66441 5859
87839 8352
18099 39941
74822 40164
34549 50157
17063 88214
31233 92646
28856 14989
59279 63448
74882 46581
99195 6088
91814 28437
40515 3820
23138 57443
46557 80302
29507 24020
62003 17000
64931 53010
74193 87460
41287 50525
52246 11988
30403 30292
6172 27137
23479 18509
28278 73710
26438 6529
54128 61658
21401 98965
37386 38389
94243 64443
91357 7038
70255 823
64130 74840
53328 30088
51492 13447
9955 7971
78820 4289
20822 23709
75243 26461
42258 6828
34382 55209
71472 66582
89698 53331
85737 62865
13087 70759
54860 65318
76705 46990
70794 54347
78591 96896
58366 3217
13169 347
93914 71861
91120 8203
57875 37856
52320 96756
51997 63267
42402 67548
66750 75553
75725 97890
60788 63760
15116 10262
60951 2168
2694 29354
66077 10657
22112 28676
45660 50716
96820 88955
86332 70486
38424 27007
14985 91023
21900 7637
49362 96797
90833 28257
50471 80749
45968 81271
67310 6198
7157 4764
41749 84522
55747 32271
17996 43199
53021 28488
37957 28441
34330 43343
22477 81590
55932 24696
36006 79154
36136 31140
32528 70489
95106 2015
68198 83020
54451 46761
62326 21201
43694 5215
39239 35600
82883 34287
25318 21545
89011 60834
18745 9844
93623 18375
69247 14267
24785 73671
38392 26347
62572 28118
3494 25477
41886 10247
96637 18324
35349 77478
5259 51289
16946 36594
87691 97700
18282 70431
97397 16730
144 35148
10897 40048
33134 33613
9604 54737
41951 12020
54669 20672
88701 75515
2955 95066
39478 65086
5163 34119
87169 40292
93411 63976
35839 40371
46139 3303
42802 10746
5229 3280
40291 56113
80339 81514
84852 62632
64196 87861
81735 79310
85659 59819
62477 79493
47119 9872
43083 23357
68805 30763
82492 21609
83941 50648
61203 57236
52400 78156
26687 25498
13893 28121
53757 24430
91647 23134
46134 77247
60068 52072
90332 25452
88946 50171
88979 39614
65783 54528
90487 85072
45730 6231
83127 49362
9262 23099
96243 5961
88852 93284
68898 92686
69628 16399
77689 55748
85128 42275
2436 91799
77430 97741
36782 23805
48756 40434
4498 52737
64771 27161
28141 23211
23795 22476
28164 57484
82138 90946
99966 87616
67870 67036
57186 63814
98903 25465
47497 78884
20587 85693
73272 96303
28623 18227
39334 22584
41842 54042
69722 72688
49331 90545
94831 81622
59315 27503
67137 413
1999 93725
13684 73374
14257 77573
67355 75918
80482 59019
92204 79549
96507 67098
97948 27892
49836 92618
63645 17039
79425 70963
85045 74467
20174 95547
54650 80852
29655 77513
49477 69887
99581 16471
63223 76626
79724 48464
2736 48974
40820 93105
74239 87515
25193 22165
45055 1052
62177 99855
54128 4493
6723 83226
16838 46568
83314 99643
8341 62615
41914 15141
89514 29907
23954 26178
24803 50574
64742 33723
6994 49659
79541 53629
35797 5607
48020 41689
30387 53238
69579 72126
63712 70848
60996 71412
1771 30406
36473 68285
92145 2104
25910 43587
82697 52838
93252 10120
15808 87132
45557 75818
29743 7907
5169 14531
40241 62015
3886 93527
4541 79621
18842 60210
77554 84047
20165 58528
21590 41719
97296 80677
11917 2657
74174 13267
24401 18640
24761 86753
45349 53761
885 36811
7862 39488
9395 35972
78975 31036
71032 66672
99515 71148
66035 40506
12106 49438
27402 78646
32160 2940
67924 96154
70258 84481
71424 64493
64223 6688
82637 66019
34893 20644
14743 67244
88028 90618
74218 13966
13929 75395
73139 2281
58941 61428
76141 53921
57384 96268
98532 14112
34911 54117
28200 76093
81637 40130
97868 50135
9505 51217
7577 33644
64496 79025
74516 90366
83689 30290
6196 19214
80781 36424
74501 53396
75384 17705
49783 24383
62481 45631
80103 70130
88016 19496
8977 30170
65447 42161
69042 39802
28624 64208
65022 61047
71181 87030
9077 29984
54313 36312
16723 49594
96393 67454
15681 4880
76451 67672
2228 16636
98172 43384
16350 87936
15693 67514
97163 19320
68170 34795
10543 86836
40043 95792
88446 68656
12456 31271
97351 61387
92985 38495
82634 53756
38722 97017
26628 44228
22465 38375
48588 5670
73434 25572
56821 69796
28121 24040
78914 3067
15123 86736
52664 54505
36217 9533
17632 18817
22616 80784
85733 1550
28234 40802
54723 53896
70043 27335
4526 18132
83577 10996
94191 94750
76522 91471
31740 64546
4924 26718
86142 19112
85591 81638
58030 56805
19069 28078
9080 12677
54226 47017
69256 75418
73703 2430
35088 91426
63964 34181
59460 99780
12165 37187
30179 86124
79014 60977
35448 81914
4377 77051
74755 18589
54927 20748
32002 38386
25024 63177
25328 20937
21645 84050
51396 28886
73843 53149
96574 48919
61684 34771
31334 32904
60096 92939
38368 84068
89845 77614
72194 61736
33803 60741
52930 69196
60552 6590
56152 93705
89235 20153
69939 71278
51838 78918
60037 10893
26069 90590
57651 4672
12014 70313
16686 16935
82160 75021
78869 14948
18612 73213
40518 96423
59145 55622
48428 54993
2790 90168
8593 60990
6922 52691
28207 90672
26984 84268
26126 13826
35477 82917
2269 73609
91464 95705
29805 22583
24513 1346
9505 87200
30976 85558
96087 39204
95775 41580
3144 62124
20402 93474
2856 71978
77408 31299
36965 82338
49126 89196
86216 29899
71706 62450
48337 48634
811 18845
73258 2129
93770 31268
92972 6054
10138 33103
39514 25667
13367 45994
21127 99815
88708 98990
65036 33554
90617 16031
40739 43501
72259 50601
12944 4214
78125 33705
62312 15621
57954 2491
37690 75393
30213 31732
89761 67300
60444 60727
71369 55399
26882 14405
48666 12977
48507 50085
72368 69161
4 34916
18527 84097
48805 10529
67508 17436
9665 37573
48352 32213
51603 29269
96081 11005
49836 4507
77334 34902
79035 88252
11784 13156
93493 56689
32395 27067
28608 84460
4132 93594
16842 98871
86889 84671
87544 76492
80160 50772
78572 12284
2568 14374
88555 87480
44219 4886
43568 20314
99013 69043
54711 15756
46029 32319
98262 79895
22358 21770
68440 51284
64877 57053
26896 35665
7626 23314
10359 12223
60807 24049
61926 4755
79057 2149
59380 64531
24196 51098
41692 24860
51692 19071
48285 5879
42602 8261
87332 29966
44339 67668
99837 82152
37187 2445
93695 92756
51572 85332
15028 32157
63809 29953
14921 57080
87900 78207
63476 25844
83424 39637
15651 62130
37795 19254
17871 86370
84509 5212
28375 9145
22645 61990
44080 51658
40377 12602
52507 81957
66332 97212
76852 5080
6089 48823
59997 64373
60316 12974
44588 88549
11564 53417
2451 27401
16677 25818
79333 86724
49277 22945
10302 10107
31237 10027
95969 25288
75319 20337
41006 24543
68392 71827
52663 76243
61492 36522
27898 58508
69443 88997
66023 6336
32345 95620
31609 67590
23289 67491
61538 71315
33305 96307
61311 82812
49909 69411
67485 56812
89417 52953
72264 82867
75814 14103
94771 75565
72124 23102
12253 56050
62100 9061
50805 18432
71913 80076
9652 67506
78413 75951
95216 18873
60492 92315
27805 86478
9556 40258
64333 21603
92759 40656
21235 62521
97211 81196
92339 43087
33055 22312
39342 11026
70406 99795
40993 49566
18027 62412
33503 35574
3603 44446
93275 10898
41936 11082
64758 61649
24437 35270
20664 61209
21381 7835
8645 83986
48420 98810
84099 51660
90389 79052
12927 1422
75353 57540
34412 27993
16772 70307
30000 95215
55320 25134
36727 97652
50510 69268
83868 96610
51546 58306
3034 73715
11927 85888
21537 94171
3708 48441
5617 57140
49747 86611
5810 75445
1871 65282
4549 13540
60876 41755
14877 94407
56595 97164
63275 56465
13581 47210
67640 79997
44182 78773
1829 31807
46919 75434
53430 62160
66428 62962
95068 20221
75766 58381
61544 79341
73863 291
79664 80590
17381 47819
83905 2788
19855 61173
65642 33162
85391 13273
75632 720
32193 77578
61308 86747
83535 43354
74677 47295
95339 77419
27207 36216
21906 62657
3180 54512
95595 5445
72735 77060
18448 59735
68204 64692
52523 91271
83422 21780
44902 42244
92214 73448
11811 43404
223 97599
7888 7939
28988 80966
50691 84857
18193 75778
63640 83845
65224 40655
47814 28407
30586 98492
71760 56519
46559 39435
86537 17022
28306 42973
70579 69267
9115 94113
67601 33577
69974 69808
65174 49532
98230 42670
72538 16920
55485 37245
60118 75657
68929 64230
428 61370
16799 60683
39860 61914
66152 37737
63364 86471
65326 34977
38384 64523
85464 83307
58006 13654
4974 37223
47108 43144
33999 46069
83079 99167
43552 34473
43535 99659
49511 32933
49533 70023
77592 16837
67140 56117
2286 72535
66807 70849
55061 45049
42088 77870
31318 41038
28801 73319
11854 23897
30119 14460
5664 45931
20742 70180
40070 11042
30275 67070
72686 38529
18504 68953
38406 71514
70470 65490
60030 98717
29843 63182
70781 34072
69769 87112
18147 23347
54271 29872
82634 35105
41353 98801
43929 72856
64618 68357
83476 55846
49978 71745
92718 53241
98796 37752
53116 39281
9962 4217
30917 76723
33216 64514
8866 58546
35789 13008
30245 77963
64075 55963
45350 64397
34713 15333
58044 61623
12965 53369
97621 95594
71304 71638
65060 83934
30245 76985
54426 95270
3242 71089
38463 68970
97115 87810
51382 10043
68293 50448
98385 5436
10546 15182
7448 16805
6333 39854
32322 84944
3733 22381
7583 62343
52254 38705
95940 67299
68690 7317
72098 91734
82919 62022
52427 90113
85935 19607
82708 98513
73827 42540
85738 88156
86171 10498
5751 32474
93503 35592
11524 84064
67700 90000
5224 62585
85422 25722
891 46203
56658 54431
47693 77595
340 95815
17471 76180
46508 41962
65153 83811
69339 39811
22040 3549
41951 53739
42845 87227
8853 82430
50154 87118
69459 2056
49016 44911
63330 43098
68235 40963
18329 89595
5450 98158
23683 78495
41120 5952
77952 15942
40372 90984
40745 46895
33988 31481
43306 32496
32094 92831
54996 31703
44541 93956
52881 4346
20443 34235
99041 74612
24396 99996
37737 2394
41370 82709
14563 45535
36793 26413
82162 47407
52962 13379
32939 92538
10511 42590
7726 64004
38605 59688
91624 81709
20145 20447
23043 95450
80257 66244
83675 35246
50025 52433
93790 9420
36378 99889
83514 53903
77039 57239
83744 5558
25789 32124
56665 65599
17840 5423
10606 42132
87978 33083
5249 53665
27446 17139
76575 27917
42920 81672
64665 21504
85320 5745
17615 57076
44967 98557
27833 92414
83314 28372
8809 64640
78410 62498
64754 68432
12822 49426
90390 83168
16352 61447
25369 54743
65182 90745
77900 70284
5932 89198
60610 65998
62518 65492
14664 70403
65760 93858
48254 63329
13576 89941
70336 63317
92706 18390
31764 26427
63247 64554
83566 92304
95538 80739
27175 73455
5892 5638
91414 11010
32318 50167
62639 53527
30486 57794
71276 80418
88230 37545
63396 96924
66245 97290
34194 91046
80640 65952
58103 14620
55565 65151
26193 76453
85470 1458
60251 76379
19308 77059
38058 66306
45909 16319
45418 66454
85833 38920
44287 46939
4878 15668
92401 24290
68106 75518
70237 52639
28106 10704
39605 24747
98471 91932
96975 80713
31630 46189
35660 34150
3306 67911
66782 93311
13229 55646
61317 57392
99034 31035
59333 27422
70028 92053
22413 12900
93015 84073
74038 6911
7511 17085
60859 20683
44994 98902
46982 49812
95899 14852
93308 36028
19545 95395
94634 17309
29100 21720
65023 45622
29407 72612
37813 43431
42452 56404
66650 69340
78637 84747
5176 68408
26633 78536
34264 23976
30658 7589
66722 24360
9489 56953
22951 49015
79194 96839
45095 30770
85085 59857
8611 35317
4712 90467
69326 33856
81753 25449
6010 15790
67667 29512
30823 46067
27789 33975
66198 51141
93953 16048
24504 42694
44098 90406
99182 59591
59376 15462
5589 47036
90533 99824
1689 3311
32652 78745
76608 80663
77919 72700
807 36995
62951 31911
20189 34343
62544 98710
96704 67413
3347 46593
52448 22668
83025 56291
62621 1586
83977 72478
77607 32826
55013 2964
29183 11568
46052 38023
90921 77690
60433 26916
96852 60434
11614 98661
28611 12674
79963 60983
62735 47990
43264 34847
85264 39005
43813 84897
17948 70752
53394 49446
18150 62468
17193 18982
97114 89827
48044 43573
44060 69195
66707 84727
4281 657
33588 57848
11757 94438
11171 14404
531 91877
127 98600
65488 96886
83697 3705
48077 15876
75122 41425
80278 41798
17133 88966
66991 46404
13028 53407
3596 71542
46 62571
96544 43487
64623 54049
12455 17172
69487 63606
90776 33091
39252 43129
75510 71295
46272 40714
55778 65401
98317 19659
28950 46648
5827 44798
66345 70401
45557 39037
52285 58241
56562 76442
14624 40498
79166