3
963 992
327 181
593 98
588 851
231 527
66 850
944 945
50 631
275 261
543 72
543 756
98 769
501 184
181 455
581 724
810 510
274 98
243 252
240 131
646 501
104 550
275 397
764 64
772 524
307 318
92 252
762 285
250 202
581 524
336 307
393 479
704 373
370 42
427 98
49 181
431 66
197 340
530 181
479 834
888 252
215 370
898 307
944 751
50 662
588 218
252 952
238 833
900 704
559 696
755 951
116 597
104 339
132 581
20 944
401 275
359 684
340 172
181 534
588 646
209 684
697 188
597 465
543 53
268 764
240 191
491 543
376 581
527 247
463 370
235 576
704 118
725 357
444 581
227 762
437 525
370 715
955 944
697 770
684 669
739 451
16 182
411 597
59 66
89 704
2 50
697 62
57 50
370 880
543 717
149 543
6 50
890 66
960 250
50 288
250 774
597 532
580 63
185 98
885 252
238 854
446 543
145 307
461 240
250 265
912 236
762 757
646 98
252 655
216 501
252 137
378 479
580 773
661 755
940 501
240 535
399 181
646 755
181 885
195 762
762 507
764 680
782 250
735 66
810 442
697 646
527 264
497 764
810 545
182 66
340 659
527 308
501 551
501 146
483 591
684 561
106 252
284 275
810 220
704 649
581 656
307 486
167 764
524 98
250 908
852 238
835 704
810 785
755 837
533 944
452 755
589 944
571 455
361 275
543 439
124 580
240 687
537 543
623 725
762 646
404 762
311 944
588 221
207 597
646 104
725 27
501 434
250 516
414 764
754 762
104 956
502 597
479 949
275 95
509 501
121 252
684 383
790 597
181 827
597 99
588 732
684 694
104 372
238 48
350 697
856 697
748 762
240 935
588 448
479 186
196 791
886 697
527 741
710 250
657 340
50 542
588 926
449 240
501 15
104 868
802 684
250 315
580 45
525 501
238 242
812 370
361 102
944 633
375 340
240 28
334 340
360 764
648 98
614 588
764 555
249 252
433 580
581 646
134 370
617 684
181 915
254 527
792 704
485 697
34 501
275 557
340 283
745 340
370 363
252 634
580 705
252 369
871 527
725 821
764 907
697 298
707 725
912 690
536 543
286 755
104 609
238 563
312 252
365 912
307 668
755 737
307 410
580 120
150 543
340 367
789 762
125 944
527 78
944 816
147 912
860 252
479 522
178 104
275 290
240 897
340 457
527 700
424 422
527 584
565 762
252 232
205 98
66 416
379 66
287 762
580 169
588 428
250 693
307 887
755 911
356 501
588 658
301 275
527 280
810 894
570 275
297 697
501 319
580 701
597 1
77 764
252 646
450 340
370 239
479 17
14 340
80 944
588 719
683 479
704 353
697 113
454 755
252 563
632 527
340 377
240 266
552 762
588 342
944 474
764 216
240 33
684 646
750 588
252 395
912 838
252 282
482 181
250 329
760 98
307 192
762 803
706 588
390 527
240 577
181 114
948 238
180 370
781 725
581 35
73 501
725 123
881 684
126 275
37 704
654 250
181 117
912 818
758 181
601 944
370 203
129 471
697 729
944 743
229 370
322 501
519 307
240 5
83 684
581 398
296 764
340 893
319 716
163 206
98 396
238 3
358 762
912 934
704 253
942 580
402 238
646 66
679 691
611 684
50 245
695 697
865 240
432 704
787 912
923 252
177 944
941 501
581 874
196 181
959 764
944 938
541 240
684 895
240 328
858 912
275 161
810 961
250 779
104 766
501 90
104 761
640 810
4 912
580 385
307 313
823 98
684 568
527 635
47 250
944 909
684 29
801 581
597 684
641 810
275 857
31 704
944 528
370 621
755 578
920 697
104 110
479 709
562 527
470 597
599 725
129 21
925 912
810 666
210 181
480 181
764 478
240 459
581 765
300 50
98 882
307 699
304 479
629 725
930 66
275 841
340 547
391 810
606 704
307 646
646 597
413 697
479 943
697 840
175 527
527 488
543 664
295 762
527 406
762 456
93 764
74 725
517 238
683 252
810 514
810 226
173 755
755 426
581 613
767 755
165 479
775 588
423 240
725 879
928 104
50 764
368 912
575 810
214 597
340 435
646 764
98 553
896 912
306 238
394 944
684 931
240 646
71 98
112 725
912 588
98 736
54 725
143 50
588 314
275 87
240 936
66 405
238 573
388 250
325 181
151 250
883 597
755 481
581 869
725 258
906 764
594 810
66 799
333 250
501 726
759 550
159 944
275 595
50 24
764 939
275 626
18 543
341 66
337 543
950 50
66 32
588 793
181 616
764 645
704 96
252 924
66 200
66 76
810 807
340 257
725 305
670 725
504 597
52 50
340 316
958 684
855 697
581 86
810 73
166 762
543 506
193 370
637 238
864 98
587 912
725 190
233 597
587 66
764 462
863 580
684 825
144 755
704 293
597 814
527 676
58 104
628 181
66 686
162 762
101 250
292 250
98 795
764 900
307 808
50 152
846 581
349 527
817 275
954 238
764 493
105 697
66 246
889 501
107 238
646 250
581 651
240 560
550 307
843 104
824 479
704 345
762 720
98 417
386 725
597 204
250 155
36 104
582 704
809 240
937 50
554 580
104 492
252 168
104 108
370 646
755 892
543 38
501 176
179 119
232 68
238 820
503 725
238 692
104 592
50 646
822 527
340 867
441 580
8 597
98 742
704 734
479 727
945 370
916 684
496 580
580 685
466 810
98 332
275 11
704 518
876 370
98 747
681 66
873 581
588 12
588 206
104 753
250 786
55 479
918 66
436 704
407 597
962 684
527 429
878 697
479 921
580 244
762 526
181 595
454 839
933 501
731 704
762 251
539 66
697 567
764 783
580 566
340 91
810 281
607 50
276 370
340 60
142 588
712 98
424 912
100 755
370 618
845 238
50 832
704 85
348 104
590 810
307 660
324 275
762 682
684 927
543 646
69 240
340 310
646 580
764 625
407 511
580 259
130 109
755 548
307 87
250 647
343 597
404 421
278 697
471 501
447 912
543 500
370 317
646 944
722 684
66 362
240 273
953 66
30 944
677 588
805 725
98 875
543 531
411 912
98 208
581 222
115 275
392 580
604 238
718 581
501 905
755 277
784 370
910 104
944 675
50 853
521 725
650 370
543 586
697 380
646 238
644 810
810 811
307 498
762 564
479 646
22 704
479 740
160 238
158 238
912 646
13 912
340 646
340 262
181 744
703 370
663 479
475 581
340 302
476 580
479 75
61 479
912 730
689 307
443 50
800 912
275 445
479 468
543 473
275 738
580 771
836 725
109 275
597 903
479 128
667 580
240 230
240 438
597 901
250 672
250 806
598 543
425 238
43 912
187 588
122 307
501 320
479 157
810 646
79 543
484 252
56 543
543 546
957 238
859 370
501 10
778 704
181 26
508 704
580 270
458 250
636 581
588 819
104 213
354 762
238 326
581 364
269 583
642 597
684 602
646 704
725 389
597 565
688 238
515 762
94 684
581 82
638 527
234 597
252 643
370 81
581 947
495 501
810 346
810 630
581 174
544 479
250 831
252 171
347 370
684 272
189 684
330 755
307 529
704 714
419 66
135 543
620 697
275 374
583 66
780 764
88 238
513 581
725 556
597 225
255 181
299 370
932 755
829 580
862 944
697 351
848 182
199 588
479 603
838 252
275 646
755 653
303 764
697 212
265 275
619 889
810 289
467 536
97 250
382 697
697 844
755 103
140 764
683 164
697 156
19 762
944 746
139 104
400 181
543 585
755 51
228 597
275 352
810 721
104 133
66 788
912 464
581 489
543 153
9 240
762 494
104 919
98 665
104 291
370 622
944 678
764 796
684 403
46 252
912 512
588 39
415 340
323 725
240 946
181 940
40 581
679 137
615 543
340 914
181 646
830 66
207 755
762 472
762 381
344 581
307 749
912 224
71 912
252 723
340 849
240 794
479 111
527 154
50 201
569 250
725 826
104 338
250 538
580 61
612 98
366 580
479 596
307 671
70 755
725 505
815 755
580 768
170 250
340 728
501 739
764 248
181 605
884 684
50 25
588 211
307 652
23 704
527 777
331 810
597 752
798 275
615 762
527 646
104 847
610 181
944 872
527 44
355 98
588 922
574 50
340 105
559 307
477 764
891 527
580 702
579 370
588 549
572 697
119 181
944 7
624 912
479 487
66 866
104 371
684 804
241 762
307 219
673 810
307 335
238 183
501 237
963 181
263 597
117 725
279 501
597 408
240 523
588 870
762 763
543 490
138 238
733 527
944 194
238 384
600 340
899 684
104 260
370 797
755 576
704 453
127 527
913 275
50 256
50 627
430 527
67 810
581 698
98 674
307 540
460 501
65 755
929 98
755 711
84 307
469 810
580 842
704 713
776 944
912 267
50 309
294 238
708 697
597 813
904 50
420 50
275 877
912 127
50 861
755 499
501 440
418 588
639 181
66 917
321 104
912 271
704 217
912 136
198 252
148 543
697 412
725 646
240 828
66 141
98 483
479 41
725 541
409 252
479 558
729 764
944 565
307 520
223 725
387 307
608 50
370 902
966 973
815 53
92 844
700 961
602 494
900 653
114 173
914 238
541 898
28 621
307 284
668 651
269 26
840 705
294 164
739 959
624 589
414 502
455 838
417 643
433 261
83 437
332 766
335 606
371 832
784 471
412 71
312 941
92 545
765 525
915 591
667 419
115 896
91 595
130 806
408 702
591 449
493 643
446 373
498 425
610 367
381 499
644 355
60 167
505 487
637 444
886 825
320 427
661 503
609 507
549 914
924 599
386 963
920 489
279 818
142 760
212 828
560 475
730 472
413 27
150 92
9 462
668 337
211 603
473 436
889 610
617 85
828 733
440 888
309 710
288 170
573 655
677 346
773 302
390 94
927 264
928 357
112 276
430 161
814 154
900 524
696 476
135 30
74 754
498 961
38 798
934 55
916 528
413 854
882 580
751 871
377 437
571 750
787 87
851 110
748 148
344 278
537 391
158 455
403 98
572 698
410 288
143 806
575 652
811 843
248 510
512 799
416 144
258 914
301 414
374 798
307 884
519 469
92 783
695 617
451 294
681 370
156 870
914 955
661 774
670 303
838 675
688 202
49 310
279 902
307 654
479 935
47 905
23 203
794 310
343 907
521 963
351 914
726 196
766 86
953 726
495 322
186 375
48 341
731 686
334 275
604 345
687 416
591 317
851 645
143 916
142 324
202 488
762 394
752 603
705 270
57 702
655 482
617 426
839 316
842 918
61 143
597 533
557 491
123 717
443 674
491 100
54 571
765 532
869 455
626 22
304 572
101 321
37 459
454 404
748 121
147 858
666 435
813 897
891 193
260 778
44 8
339 240
212 158
284 226
703 281
626 228
338 523
896 146
34 700
943 790
853 962
590 538
719 850
299 669
881 30
842 71
200 50
17 224
286 632
728 694
915 965
63 409
178 305
198 64
310 911
940 508
527 359
634 889
230 832
948 481
822 21
4 415
769 805
649 408
758 318
941 856
721 770
862 340
919 783
939 942
349 898
143 425
870 782
430 103
290 697
880 521
515 217
123 455
914 441
817 532
642 555
216 426
6 175
626 213
163 956
15 835
905 159
191 631
483 62
737 712
689 296
203 895
798 490
877 792
323 399
444 136
308 401
310 618
816 74
636 60
438 708
690 138
96 512
469 301
793 310
113 632
472 122
872 728
789 903
938 133
63 647
204 654
197 549
642 359
737 350
642 464
383 288
400 194
455 677
82 228
762 92
724 9
292 331
85 31
711 362
680 926
538 353
607 108
907 534
460 879
902 857
948 37
46 659
964 382
429 947
338 461
45 733
580 829
760 948
290 136
299 826
549 148
947 552
136 158
241 117
62 177
831 202
452 128
929 722
268 233
321 753
556 745
189 11
444 948
605 122
581 55
612 657
860 182
639 135
954 767
815 57
804 666
185 583
964 383
388 748
136 433
330 588
668 536
912 587
133 647
401 701
947 437
352 692
467 237
677 387
118 642
310 70
262 433
726 205
180 478
160 586
754 880
806 196
923 873
138 615
946 277
140 702
10 32
738 194
867 126
843 812
150 124
709 756
320 273
359 92
487 183
719 486
164 504
92 899
613 631
472 652
354 432
301 193
947 119
744 776
176 42
212 668
714 205
212 359
122 158
103 170
288 169
890 780
921 489
612 394
909 347
789 456
368 250
605 196
901 799
137 16
777 899
416 11
769 122
630 648
76 242
310 136
39 768
478 509
395 645
380 212
113 92
3 215
685 76
114 643
892 584
849 128
300 173
295 769
709 556
487 333
347 874
54 413
470 141
570 166
120 511
429 550
642 215
122 17
904 418
839 430
381 718
274 10
715 728
477 478
359 960
354 455
562 616
410 222
144 800
162 244
443 355
948 211
759 392
313 243
15 913
43 875
221 845
24 717
645 59
703 604
303 883
131 210
27 484
116 832
544 244
483 16
723 785
251 786
899 540
265 652
480 808
424 758
69 948
588 910
200 65
948 8
606 105
728 933
587 125
110 392
389 609
800 819
565 26
26 457
422 612
363 506
136 128
115 372
212 318
932 185
555 914
285 122
303 110
20 765
688 707
397 209
501 842
456 568
256 729
213 671
326 282
85 278
317 106
601 18
158 948
909 247
892 644
943 804
561 751
814 720
122 608
770 413
326 886
625 586
830 343
190 100
588 206
279 246
356 192
290 104
947 735
754 948
407 136
914 158
194 310
951 12
260 36
683 128
173 111
219 732
716 553
824 83
456 664
530 465
110 81
676 88
123 892
217 908
815 98
597 480
558 881
695 900
77 258
306 352
422 673
259 186
887 428
257 944
661 91
928 931
313 670
404 338
347 29
129 807
622 214
717 837
621 442
915 392
344 255
453 229
954 125
751 530
441 162
329 920
761 261
957 316
820 242
866 526
244 701
13 92
245 252
212 211
352 202
795 404
299 301
766 433
97 486
954 455
545 362
240 794
588 25
185 760
486 494
572 935
287 147
564 780
864 906
420 310
7 266
90 178
810 71
136 186
677 378
77 553
11 848
517 155
812 945
883 280
803 381
74 168
96 314
944 156
455 393
223 964
291 285
610 474
186 272
781 642
572 412
472 626
566 237
627 428
157 319
81 572
596 177
749 801
795 941
642 588
599 746
274 150
886 58
569 675
723 771
270 546
689 740
836 185
696 956
722 298
576 510
726 611
707 284
648 268
129 697
892 821
155 135
301 345
80 588
681 727
798 421
225 631
878 283
533 383
852 347
760 342
289 6
59 741
638 364
475 153
920 666
253 242
288 936
635 263
623 347
304 5
447 832
843 441
14 524
513 576
47 546
171 150
425 431
410 271
542 261
202 827
859 527
160 643
107 579
144 773
150 57
720 592
458 190
215 199
131 512
113 746
572 638
959 305
572 326
553 641
166 520
751 455
485 229
170 237
791 455
576 788
754 559
92 391
55 922
623 605
366 341
43 136
429 212
122 73
126 786
239 261
514 548
446 162
611 631
136 522
250 415
72 470
411 902
789 181
411 479
723 84
821 659
416 66
660 252
381 26
510 192
478 397
489 656
778 336
150 846
486 713
45 809
769 593
755 167
69 482
628 640
666 122
317 396
512 567
52 635
233 390
481 764
847 602
100 442
709 779
2 165
772 854
868 494
581 348
441 131
749 868
572 354
678 699
665 255
610 841
244 195
236 917
385 332
442 662
27 345
509 572
658 957
722 73
482 765
482 41
40 936
780 951
603 951
490 949
914 582
225 15
948 221
129 200
769 543
187 515
650 123
143 212
296 936
129 439
709 551
475 340
137 518
787 585
581 611
99 43
174 885
641 763
539 587
26 309
923 237
776 599
89 196
108 207
577 309
743 805
236 21
33 46
172 261
894 188
240 64
164 50
234 165
62 529
728 283
948 264
136 149
725 308
162 139
760 270
726 696
359 515
864 478
442 693
424 328
600 261
92 858
661 781
405 380
38 797
695 178
196 277
102 149
602 152
450 277
51 193
78 719
796 235
691 139
73 499
653 35
676 383
395 736
914 301
662 241
115 472
487 928
54 470
642 731
375 18
107 427
60 455
576 360
709 276
472 802
59 232
310 23
260 561
508 81
60 250
75 382
618 925
574 617
330 620
769 708
723 593
293 959
355 548
626 855
538 588
315 914
747 194
838 900
1 944
354 941
42 543
311 11
155 629
555 87
165 444
134 614
136 486
437 218
636 663
111 866
312 68
355 531
466 749
426 594
535 429
126 682
706 799
614 326
8 175
231 604
249 242
958 533
122 966
762 67
919 363
546 485
742 704
655 950
843 646
937 496
207 186
184 10
406 277
360 155
661 628
235 642
783 63
52 326
402 117
651 154
507 731
727 954
914 475
428 140
865 125
684 387
177 756
642 158
177 275
171 220
863 962
472 423
125 9
126 823
274 109
534 345
236 471
554 83
132 455
622 357
953 926
39 798
288 212
643 429
201 325
536 876
320 708
930 77
278 366
245 935
834 49
717 888
897 654
486 100
179 654
177 122
34 19
757 383
879 8
290 789
275 151
603 688
487 175
258 233
609 672
511 482
863 227
853 800
92 325
828 737
398 279
667 194
679 65
954 93
283 297
734 919
610 155
158 572
495 516
418 837
361 478
865 496
127 576
746 79
95 483
702 942
775 713
543 242
92 376
384 920
828 860
136 166
360 781
66 697
867 310
606 448
463 821
358 375
257 354
714 327
676 619
164 266
438 898
512 822
578 819
686 254
531 547
624 593
237 365
56 487
138 134
434 794
207 492
829 953
543 319
941 122
574 174
379 257
406 436
812 468
705 145
633 789
899 742
668 322
816 699
894 299
369 211
781 399
237 497
233 445
850 500
36 833
158 92
185 729
562 196
448 605
128 292
861 579
843 208
792 263
429 832
563 110
284 598
267 502
960 798
701 933
321 393
748 952
732 105
893 309
957 964
857 730
812 649
255 456
336 222
310 607
249 521
319 42
468 737
506 678
180 68
166 125
579 112
767 677
544 750
790 525
658 895
745 570
98 462
953 292
414 933
482 383
435 736
870 773
102 702
561 611
702 153
505 92
373 25
398 652
709 758
209 378
513 747
213 698
731 715
216 443
293 899
24 201
954 706
244 874
76 882
860 542
58 521
264 542
458 304
443 35
546 881
138 196
129 359
696 109
282 794
563 691
437 332
53 888
668 939
588 521
672 334
639 684
846 234
669 345
778 99
254 730
675 343
70 63
590 441
41 687
134 369
313 170
10 765
803 687
854 194
521 708
920 203
570 892
177 822
602 284
150 416
620 585
396 504
341 782
202 159
139 348
20 17
149 350
420 893
274 658
219 489
953 912
757 316
535 627
92 583
670 448
778 193
867 840
630 32
936 463
253 586
90 745
762 291
649 608
414 883
692 650
149 30
569 421
626 25
400 648
92 255
62 177
796 924
227 176
231 487
280 871
117 476
610 692
917 158
649 876
311 299
735 781
421 193
649 906
687 597
322 576
702 697
654 753
915 770
572 795
106 534
266 88
207 385
68 848
691 663
825 788
445 945
143 278
368 8
458 83
615 269
779 792
468 422
576 344
457 245
687 598
591 729
188 641
595 273
240 957
32 305
221 13
487 530
597 658
102 80
592 649
557 569
579 8
796 627
655 141
921 252
687 360
778 207
794 928
417 281
446 760
864 550
833 774
255 649
271 351
953 545
886 460
620 309
423 275
815 207
593 407
475 322
798 847
607 606
839 646
266 119
852 231
861 479
594 521
284 371
745 872
908 358
901 198
407 185
604 895
953 244
379 213
797 91
634 893
159 102
547 388
533 941
686 455
301 521
640 79
352 608
445 803
136 833
277 94
671 709
568 384
341 295
635 56
109 248
941 61
274 808
659 558
387 696
192 617
197 132
383 934
224 212
362 69
508 697
520 255
498 668
2 206
47 593
441 600
246 475
558 840
110 109
601 140
895 183
402 418
198 201
691 626
361 704
400 447
134 193
182 647
709 205
731 837
147 571
673 716
608 407
316 38
488 588
945 695
163 466
319 869
440 35
366 817
851 23
485 496
735 649
317 756
571 341
702 422
869 503
488 65
742 434
491 249
80 43
163 509
112 887
244 683
138 384
566 118
62 755
80 403
341 417
30 109
335 779
189 363
622 259
732 405
62 680
51 538
517 49
279 3
711 200
734 373
444 603
624 488
711 953
686 46
687 608
551 76
346 710
693 507
818 854
889 633
174 273
619 768
199 172
295 732
97 209
691 687
228 404
107 840
506 792
464 451
737 256
406 655
241 445
460 120
171 36
432 563
104 894
461 606
642 722
502 823
563 611
14 841
330 313
647 653
140 694
108 55
953 108
584 867
113 389
891 304
548 452
817 567
575 697
70 159
662 261
690 931
690 38
38 500
748 76
66 739
572 921
913 944
95 819
904 6
874 879
723 631
33 649
824 69
595 621
419 261
908 521
869 956
798 840
675 800
850 649
817 525
833 519
59 649
122 303
754 850
594 339
523 316
265 527
216 395
734 638
636 228
260 481
921 728
816 644
746 830
71 924
702 828
825 179
251 287
292 802
399 491
613 855
487 777
512 289
285 805
351 364
433 392
173 207
823 581
77 555
811 759
91 424
37 102
607 562
193 746
521 580
540 10
396 361
629 429
322 857
481 699
262 226
377 938
597 720
332 550
875 518
410 396
526 759
132 354
497 823
779 426
412 596
204 193
420 89
549 834
806 680
345 767
287 691
108 177
373 718
469 925
525 190
741 735
637 710
107 941
529 537
159 342
142 713
885 675
951 337
49 817
56 844
898 480
869 313
745 607
701 561
650 738
173 290
687 696
654 555
563 650
40 454
953 279
745 649
468 614
72 519
157 151
74 193
287 641
69 561
223 691
702 708
298 680
542 707
844 146
934 273
431 139
355 870
923 753
274 195
169 655
641 552
595 514
770 639
429 702
691 739
116 328
55 87
930 874
858 502
472 949
208 882
182 273
199 450
414 658
308 656
421 490
809 792
591 940
173 780
804 599
312 148
809 275
427 856
681 516
328 660
769 793
670 234
791 907
687 639
305 297
391 709
400 639
303 193
394 609
32 69
458 33
262 921
941 294
386 263
839 14
708 649
272 660
943 706
18 149
726 458
884 511
112 381
821 629
159 753
801 342
534 25
949 111
626 211
268 323
667 916
9 778
591 953
492 620
589 481
275 469
565 875
811 501
910 643
34 697
7 823
302 764
290 97
750 638
823 766
336 844
429 935
356 340
548 299
511 455
133 556
715 144
300 339
204 359
755 250
952 39
686 763
336 910
696 844
953 224
389 516
799 234
322 594
566 680
809 229
895 96
111 616
541 173
67 812
512 774
273 455
444 273
193 86
247 743
805 597
771 410
569 225
287 719
798 35
708 953
523 612
600 908
819 490
353 53
8 747
328 408
49 836
702 420
573 138
404 924
911 507
261 953
304 814
332 268
8 139
37 78
783 387
343 319
672 954
657 263
376 695
187 490
132 507
571 948
721 510
457 653
854 541
41 164
430 130
181 341
328 522
361 277
928 619
273 838
375 420
722 154
250 825
478 158
499 796
276 753
470 393
310 656
775 176
438 639
574 202
36 684
231 892
928 258
92 409
327 84
575 390
61 235
818 397
867 114
666 775
194 849
140 182
722 375
770 845
145 935
412 52
150 922
549 151
946 885
366 324
812 736
511 131
206 406
213 532
490 44
663 442
20 361
767 543
276 613
503 331
181 15
287 527
497 91
510 346
769 776
840 560
537 173
527 761
859 945
21 592
480 490
503 299
501 143
715 870
480 215
148 626
588 952
401 807
563 84
835 946
512 878
31 134
392 670
566 127
372 792
33 446
234 66
717 270
948 315
668 486
775 33
273 811
5 838
786 40
322 296
85 943
322 712
630 142
773 126
188 156
881 594
493 930
414 158
914 69
198 314
345 934
76 159
326 660
896 818
24 186
24 55
702 525
916 81
563 269
523 151
249 394
427 458
547 893
861 776
553 745
310 826
574 758
380 420
542 167
437 25
420 133
494 840
703 907
174 270
708 159
949 944
202 905
173 929
244 236
645 594
105 160
152 824
220 603
843 178
828 68
374 529
578 594
953 906
134 159
68 6
792 696
115 149
54 193
469 477
416 655
607 599
111 702
910 242
605 511
744 314
924 739
5 937
342 843
556 633
700 409
928 664
421 75
49 785
795 232
411 282
155 427
751 244
485 536
714 847
674 660
693 37
223 774
582 224
840 221
463 19
807 40
51 367
646 48
789 936
125 322
307 347
230 266
600 938
687 40
697 389
865 333
820 879
159 410
453 687
873 906
907 600
906 370
632 151
685 92
897 445
50 706
872 682
443 880
190 716
649 772
357 74
658 356
752 149
23 676
14 930
134 903
243 631
251 120
823 521
341 776
458 528
599 559
12 387
862 791
151 317
903 871
101 882
708 691
521 794
699 877
891 832
613 60
105 778
919 894
127 724
869 735
288 504
665 646
459 514
161 715
428 220
102 130
742 593
149 121
650 668
332 622
79 510
326 432
325 570
239 598
7 773
817 764
465 333
291 193
181 749
11 858
233 582
421 128
124 387
527 1
572 727
587 108
868 345
653 100
549 375
741 4
365 295
342 439
210 645
866 845
936 842
953 102
601 932
751 165
474 529
639 554
649 371
584 902
813 774
96 382
306 659
135 626
518 59
816 615
393 734
483 181
193 708
349 445
661 92
829 575
318 343
99 473
29 385
329 429
628 615
45 657
267 261
743 414
217 62
521 860
839 787
58 705
934 191
422 104
450 899
53 688
721 436
510 485
415 113
108 273
434 103
687 708
406 330
784 838
583 238
831 786
531 400
449 757
240 706
398 159
596 351
214 339
618 953
725 199
210 810
635 625
347 656
253 332
564 578
218 253
552 10
54 203
462 801
341 691
455 927
418 790
916 28
623 356
117 51
481 809
184 414
532 732
432 942
795 202
507 467
471 450
950 731
168 104
162 861
729 286
853 274
574 53
624 936
651 80
647 485
292 723
596 735
464 798
175 94
138 639
951 347
718 338
539 790
282 425
552 676
632 890
131 283
689 918
82 831
679 595
903 8
663 27
137 497
55 509
921 413
93 594
105 192
159 667
734 73
123 630
909 949
169 900
131 230
199 611
273 708
947 525
650 524
363 199
689 634
755 515
57 937
66 22
510 219
657 95
96 926
237 586
333 109
702 594
847 953
106 863
64 583
827 295
26 846
16 107
257 342
733 408
620 207
577 91
556 740
336 495
955 608
320 863
850 706
321 568
51 273
484 496