299
1 2
2 3
2 4
2 5
1 6
5 7
1 8
8 9
3 10
1 11
6 12
3 13
4 14
5 15
8 16
3 17
2 18
13 19
6 20
18 21
14 22
10 23
3 24
21 25
24 26
1 27
1 28
19 29
27 30
3 31
5 32
4 33
16 34
24 35
29 36
31 37
33 38
27 39
38 40
9 41
22 42
13 43
38 44
13 45
19 46
40 47
32 48
24 49
6 50
36 51
39 52
10 53
32 54
41 55
17 56
1 57
23 58
14 59
53 60
29 61
20 62
18 63
52 64
27 65
36 66
17 67
4 68
4 69
14 70
41 71
61 72
46 73
73 74
27 75
35 76
18 77
25 78
11 79
63 80
19 81
30 82
9 83
60 84
27 85
38 86
46 87
37 88
78 89
65 90
64 91
42 92
49 93
13 94
93 95
15 96
53 97
11 98
47 99
51 100
54 101
21 102
45 103
45 104
58 105
10 106
44 107
77 108
91 109
12 110
19 111
67 112
103 113
54 114
29 115
92 116
31 117
1 118
5 119
26 120
93 121
29 122
13 123
24 124
4 125
108 126
7 127
17 128
92 129
78 130
29 131
55 132
113 133
32 134
85 135
17 136
21 137
26 138
124 139
116 140
21 141
139 142
29 143
114 144
100 145
41 146
71 147
48 148
16 149
3 150
109 151
146 152
70 153
4 154
98 155
51 156
62 157
121 158
29 159
15 160
121 161
119 162
162 163
162 164
134 165
146 166
60 167
120 168
141 169
35 170
127 171
56 172
64 173
61 174
54 175
112 176
90 177
24 178
168 179
95 180
132 181
70 182
154 183
87 184
4 185
170 186
13 187
45 188
21 189
62 190
43 191
97 192
77 193
28 194
77 195
24 196
156 197
173 198
59 199
49 200
143 201
46 202
5 203
190 204
150 205
176 206
27 207
162 208
66 209
40 210
48 211
86 212
99 213
84 214
14 215
95 216
100 217
15 218
170 219
51 220
212 221
51 222
30 223
155 224
156 225
178 226
226 227
47 228
149 229
125 230
190 231
80 232
47 233
175 234
39 235
142 236
103 237
157 238
78 239
232 240
174 241
219 242
106 243
119 244
244 245
163 246
175 247
122 248
206 249
65 250
161 251
89 252
165 253
97 254
250 255
170 256
67 257
17 258
230 259
222 260
85 261
187 262
112 263
210 264
187 265
175 266
245 267
185 268
84 269
55 270
218 271
67 272
144 273
193 274
208 275
135 276
151 277
263 278
253 279
13 280
58 281
230 282
148 283
141 284
225 285
283 286
198 287
26 288
106 289
241 290
85 291
101 292
33 293
203 294
228 295
116 296
107 297
276 298
149 299
0111?0?0??11?1???111???0??110??????011101??00??1?0?????0110??11001?1??1??0?10??10?01???10111???0???0??1?10?11??0111?0?1??100111??011110?1?101101???????10011????10001?101?11??00?1????100??01???1?100??1??0???01?0?1?0?0010??10011?01?10??1??1?110101?0??0?1?0?????0???0?00??100101??1?0?101??11?0?0111?0??
0?0111?11??0???0?11?0?011?0?11?00101?1??1?1?1011?00?1?11??0?1?01101????1?????10?111??01?110?1???0100?0?101???1??1??10?0?1110?000?1??110??????11101??0111?11?01??????0?11????01????0?1??10?11??101?0?1????1?0011???0?01?????1??10?1110???01????011???1??0????10?11???00???01110??1?0???110??010?0?10??0?????