295783421
448625160
351663716
260156181
371074771
352709149
456081138
460342393
243792309
457602857
486493730
441522112
495986717
497245274
440495864
104965841
467575386
418555156
493613848
482716004
158825857
212999430
418792730
238284367
241786478
176576961
439557309
453959796
276100800
154345461
421714804
399298959
436065919
369542937
203546540
383277822
548989974
351403613
348201126
296549798
177245052
388095792
427790141
410483506
349697932
395931284
258768786
397254437
299100803
408337629
156412948
511043394
178999460
424559306
397000701
238941968
382309566
33439201
494377710
302559860
352121139
359484364
435609304
252649658
496242617
415832114
449765956
473220540
476939657
375963578
606529094
531848844
588239397
366918298
618929889
332772787
397762726
423025012
609632893
615342415
290596967
475809559
476570633
482897382
414815735
465690850
322747100
448559730
184298768
321811406
514670102
98177318
343998350
100551847
367073333
495191934
378686501
297974820
388386324
148009491
229103068
374117414
230967738
483941219
368234533
177902634
260767212
295579328
227245225
284482854
237820672
446810019
428690789
461602548
92766371
412686839
208042755
364638345
183947464
572015359
447249991
463915701
383348750
144484807
643874287
221600875
259770213
552466894
108278511
571102965
382989097
337023644
356598036
409567901
429922626
370094094
403477440
486209991
473705639
422615824
308246044
424988587
330997740
204503636
382454286
384565023
555695768
113491431
479384343
385765737
463773057
247685848
557008659
476600461
37563054
298065195
476546307
574511949
462066923
397017000
476419985
429415669
257601171
418164648
293812193
540105465
195911797
584006256
441637088
236291642
215439159
266827430
402521097
473435481
315629109
328392758
497749125
411902365
498711451
413643047
272476105
76752106
322454000
519911003
494500750
123643459
172443969
151204319
459688698
363076439
462865252
552136074
472269031
218120305
459252099
331857428
276090192
431201553
537415145
359743086
509935962
316529750
436095412
309469643
292974074
354444535
576432851
459979618
308528200
218254089
479745746
605423115
337047469
432935677
363155261
262775475
198391461
451748707
354798988
516957383
315165874
314603966
440468420
441116445
125199777
46008878
484372700
151071620
337548699
274177509
427660150
518128350
266335966
67488611
299629888
416120126
407144882
198714697
56454645
356971213
284111535
217383604
433565030
218484709
470390607
402684730
385436694
225592871
356148881
395774284
559321747
401287311
457021108
378375207
199971417
456010317
404167890
350654303
479247116
569251885
442659018
441422022
409511612
284751246
204895892
279081820
331468615
411733411
168595252
28809759
461038678
179276299
344485998
250342930
455119236
139155117
489017671
331165170
448389340
562179158
320510594
620879012
180015500
53867487
322854976
295637659
281247146
293626374
528668732
454117494
112968079
139520399
308678160
401251257
520262432
561588199
236575969
438905528
466116450
245312818
394625085
603050606
297440605
396439151
294676000
424500351
473610066
215922624
400155900
395491868
389704428
397211943
355780738
342523887
351552393
513285751
527417189
332323987
407439686
237268761
544642375
615497774
215089261
313418778
79861025
496296168
309819567
204367201
383206095
341402496
616397742
271542757
293571561
387379875
353726892
563626883
209294344
591427393
408464653
480266177
379005120
436025614
72244296
522201146
504764235
360525745
405914530
389145093
79894838
458932963
290298499
620696065
198606682
110839200
303275673
333141757
111777041
615956198
199736716
383700212
659252476
543301517
138921895
354926637
310818874
423494523
181610724
141919880
483643675
417877874
347373900
544179224
495654167
331024292
399373340
503059134
551725093
371977410
463100019
548645819
419141814
474244264
245205225
395573556
72691889
357385439
337288186
431868822
315605817
376305509
175592904
470725391
170204795
436919274
401883527
398785078
274641330
339654076
553553963
452944521
134494144
41978764
363856589
411045134
396394831
108916044
566598186
253470023
137656780
573104411
378434226
440563448
408100921
558455626
529884197
491906457
553357038
314314779
477295431
302226775
491893565
315680481
395722981
450906545
199030937
572686364
226327745
364872839
320300109
410223026
490952808
361174499
309273565
432689241
603765607
294770861
512870141
371442348
599865501
372769935
266919532
472287125
465445827
579434296
387503876
269072316
299271194
449747458
168294878
137614937
406351848
277840855
124102134
558203416
344072264
450171146
491371323
349281725
472612921
291323062
218804096
604718588
553910841
346397032
375750383
250234674
460624492
542884744
393808317
426005170
318040779
179401048
430885764
285963884
183518407
334755031
359193159
184051281
286895843
483128197
232847929
416346368
486105411
341056199
322579464
481860786
136468369
397411705
510468556
441994146
440307230
406177216
260592071
306403075
397142575
560425352
413065833
549189883
340623593
194365003
448315541
331769916
591937329
68348722
414668345
203451880
419909215
364077326
581139491
304579063
560716332
52741355
345726033
601120190
474313329
297474770
641331617
292004165
442178322
41780265
561498339
261839157
223782802
324899484
202567432
459583837
248920795
360070328
494357431
464744098
373523457
363645324
158053544
293474988
276103843
423883514
343892210
475128478
532076103
504736029
448297935
257186944
238565653
543732425
305210118
448500851
386401572
153493812
476493016
522692516
313569180
313790718
375695694
577747316
76624096
524958153
381163197
266703204
328655169
356309615
460408891
190868028
256947451
133673877
434828348
492114680
445158092
450162115
339352062
436785679
334585942
302187603
406303260
182204429
414067700
527606548
351296795
597866438
614789989
464856503
521216270
484907946
226356441
331839978
401241029
345052954
295660093
428191792
315180055
374202278
197710949
591312600
477161874
534922426
345469076
324722216
531688898
526211703
536805259
220494666
360850368
118319031
467054859
468398187
376545748
475811486
469869577
300155753
439079381
502174688
418990340
288441997
497575510
422762691
325276907
334419259
140657960
160997487
120834654
431208477
559370747
324046939
102236257
249697549
224380737
232944662
131886832
391826467
450627468
276530860
502482474
452558381
587724438
277611413
193267563
548190864
396736159
452259235
218775481
527273377
470424987
67675100
456637716
300742066
411507519
510428907
466222031
379607843
254429695
391593143
491582928
349810585
62574699
256624685
420741312
372515226
378946515
380206458
512313458
360242160
76775019
472038399
422919875
465813319
327571990
331578787
540208511
311042271
240495531
331011285
317529884
408226540
222865909
292116253
606190451
460117904
353065221
44585844
495630260
334958982
478869171
504800537
256787240
465233403
95833509
403144699
495079596
217630083
501911366
192984965
587003752
271697407
503620833
423973211
447498285
217151248
245570861
227913275
411455131
444270915
339556452
388318150
386278415
307076348
446744211
492948295
440779010
193281916
395017185
422104166
166647659
556038610
219521833
477813750
350558265
474229964
313818575
254726464
501028690
620006608
406350259
418225038
574165498
262274842
262200620
297855354
554554795
389748540
243608394
229274681
215137366
450892273
451808084
442106226
176702312
263060324
291730353
170485988
479788012
258272759
422651782
143789547
316715700
166425692
380309988
427284363
409528062
381088365
153477541
411136349
469183338
408029197
188084137
501862785
7010825
87977083
302527325
513909173
325638560
338246425
190137113
293859594
386149005
212249246
550693892
269709747
425689771
143150983
210399038
485417772
147717795
173235528
383283628
182204090
186720096
478644668
398139317
342227459
192657137
571710369
263543971
498117497
486450337
634693759
455631794
369185351
146751017
241538687
304473011
324216314
393534099
333287932
420725142
590033569
266635064
314324222
366124466
501719026
135942285
176973183
327666584
541934797
150386775
540111592
474958237
148271318
457039526
483288458
251955345
316140941
372013906
431633991
362315961
275301999
347255793
562514223
140157879
382169370
394767414
474650096
333094948
378411580
323105220
473453241
245477490
290908469
549928541
376323274
309293038
133094053
441913890
399417177
517923599
387694177
211496472
244195899
476115934
262413395
447100596
363717925
260416831
199338017
431124688
98997211
400878844
474758953
479842376
528146448
207750651
414680725
441220695
245756643
455185056
562863469
600681916
314463082
523602130
397660813
523542336
403081611
598792617
375768479
252398048
483302546
426653422
299200668
390519542
160894207
536483241
559567536
381826944
450818145
332846038
437780097
495008782
403596217
350050215
175801291
406325088
458888692
408251223
575506501
128512117
523283204
363402177
392330581
332707147
445306835
502568310
60004728
176198505
517141323
324686242
178369546
351512467
299860252
480420943
270515966
166549545
462123870
353218990
455906360
440767863
588095439
522666588
248633021
497604669
649991901
70360805
337802993
262322554
514348746
499905432
124074824
103504314
436754484
428444248
484132124
392963331
569061689
310438570
214081950
218128915
567739053
489802406
131104995
335972681
405891623
94005700
547941739
440618373
436838291
343847511
458195217
431601731
378669794
452721978
180963819
364056334
429801070
284760272
302624720
448161584
266875521
401284243
233084131
317568387
550031877
470609050
569306263
419839996
223747402
491340383
361299538
489075786
380986719
89620106
429188625
510980609
606062938
489631357
618347060
258485976
373542718
404673621
554295772
72755791
316956289
150850172
413630802
335661939
432855559
462319572
353241232
602457577
550663015
302077600
449665397
242672526
306045400
448870946
408809019
548704939
391180409
449526360
0
3
4
4
3
2
337059811
4
3
4
4
3
3
3
4