1000
-347266046 540084217
218044162 897250320
-172960266 703327430
-263539556 -516928985
-379854043 733370268
633675163 -424452282
-912162273 -408372689
657122281 -723904894
-345853384 385523543
-846217119 -526591452
-972987460 -333524838
-138307332 -883044224
295841853 991973432
-803259235 -688476587
-427236076 880991728
114783773 -200113750
935150771 -39764555
293236206 837110310
-987227696 293898144
-27556615 -965432007
142752344 317651713
-408128488 -230869802
-578026556 -678351632
142145528 -476568733
-303839715 -421519717
-212611368 317119515
879114618 -25614899
625008459 736870929
-522309924 305992474
308690921 -55513352
843429607 9635793
-798597915 -8667618
800981226 507216531
737875375 370753432
7844667 -407093079
516977106 -632856360
906506840 740463080
541225480 -512985357
696402252 116550300
-593099593 -222351647
-251774194 279960962
776191581 -122399213
553581254 -729789165
-319221060 820967010
699395861 -191001641
376706780 791862566
517537572 -92324924
-662100313 -529662998
-598201606 20747
662189146 562823737
201654048 267584796
-635990173 -897140005
240917925 296080455
584026394 689651522
794001401 56646150
-298840107 417985793
-337264099 -764619131
27330448 -66878399
-988755417 329557271
-427106555 480573025
515088049 541275366
-623695060 -454758028
105762761 871218607
336010798 421938172
992485233 -231494528
-831664226 225404344
-284514398 899531912
-42549644 946441080
924734803 506084168
-390854810 -737035922
940085791 -879501491
840904033 -754642495
950463816 -814254373
179864648 733836596
866940360 989849305
169063 -665545574
795525452 158034390
-846050023 389793999
833551144 -995347533
938039179 -907988064
487221685 -384569216
-940608532 -486820143
-866211140 563500757
-125129163 965794761
-829631467 206982644
749224651 647847895
645494199 219175795
897119458 -378212282
343375494 -209520808
287565613 -643622809
791927618 -752082688
-117220578 -177311372
661142289 -370852759
-201103693 -87084132
614166194 487053805
990383867 -364822637
322940868 -757373001
-255268711 -595949639
-776772646 243581710
-248915141 195113332
458206135 109395283
-586425699 535926543
-461935476 -201250896
967882438 -298038965
399845605 704857994
136059933 -355805265
521534424 221182288
-591158654 -51769238
-454490447 -103865902
-565790291 287658271
-400851780 -312610232
517281005 -823149048
-634864047 -651208316
923205093 234783389
177944359 100354754
-715024954 -523035563
416085507 -127188424
-729276689 38561796
85148875 367894925
-728402285 987643792
-849732186 492017787
-622454723 769292378
567384958 -582661288
-288969613 -85580560
963711851 967911008
-59013189 443201750
373110592 -406200047
-812674702 844725976
216557022 38278153
930347813 782961082
418574259 -730393028
-200827508 -674047286
-713196070 -220479758
599914406 -628789293
-859845251 -34051701
702298524 407983758
806954877 287680115
572176943 886453028
929453895 491663018
795216600 472630870
-192748323 -616492087
-137014128 849977173
74657010 661995480
-409007272 136224636
114735717 -764908571
599687417 -554007652
992693156 674394148
-188672171 151802122
489975979 -948177046
438418639 718878570
927546111 313171164
-495371693 -193633251
997777460 673248517
-953200921 358584618
75126108 -35213706
538283549 -355912034
-944738283 484900636
-759192700 -964343143
-924133845 -59078844
82217086 -794033998
-814628102 -614631853
418455544 -858831335
515202339 -29941750
-759236249 495257693
298850693 582585882
-991146188 -629170205
391823594 89829463
-907923119 844095649
354033887 883274175
-472583281 179885961
4310738 -430878315
12036035 -533654857
-578559867 629003422
-451155569 946870960
-631258217 293024160
-255111159 -656785513
995498250 -197300277
-438167590 797539501
-637704756 858429593
-139011590 -827286093
535467342 281960969
153504210 66289382
-644908000 59540734
-775602379 784130630
-989001497 83733787
-127583732 -243346643
-22946965 344887936
-45435240 302408637
-297196088 -919377394
79276599 726152878
-272147191 -925730501
827930035 828478187
-766143814 -650663275
395771940 258588973
266003354 -918504195
-663714854 -79999126
455592582 -372677990
796723753 496880902
614270015 997975418
-719486170 -279316198
703999378 825808508
-102123924 633059500
-872190823 -200187705
618939285 7684396
392676681 486245539
708889067 -294826618
772215277 957083274
-120622481 -919959235
489075531 -436509069
364117405 -290644858
767453367 -671783867
841768642 -974500701
674094938 -263975539
451066311 847740720
511017327 -578448454
-278281605 510044818
-267775698 -327398681
-531537032 -823709085
-19678215 709597973
890635655 -660236494
136280419 630331745
-629207929 251184537
618901282 -702503976
-882232889 -400396978
237363013 -138236314
87894852 -50131778
615826430 -837291666
-61489339 302143239
-60695381 -675097398
548355018 -141938935
855320300 -83917678
-922121310 -632263736
532671931 -240166231
-111492515 90973318
-71766092 -599259776
-605074260 643286116
-572930177 648504465
166358471 397429392
-112909289 -55079982
241915898 -713942423
482840827 -369493778
-434767207 26438943
66038266 867130060
-16291188 -436969417
940781214 225199219
427552468 -780501722
-439623128 -716686952
451185740 -192553691
-310142671 712297760
632370196 -554952654
-729364962 -948600277
485612261 718249670
18607979 914042215
46180887 -756750414
-349631011 -250283240
-637064939 -730966012
542146384 -670357284
460381803 591581106
958494231 -336020413
-986249554 -721506101
681795980 646181072
-99541584 -882844044
808211880 420322952
-285788252 568465484
57089692 409791782
-154402279 558163637
475008354 -519397489
-9173529 823466820
-332051353 -173734399
21258903 -57619516
-922077354 262019858
-344191793 -193637100
-688971994 -173932182
-500685858 -216319416
-676543083 688814625
278310234 -71461457
478888026 -978035341
-302807353 662330337
-847013067 -498154953
-940713404 745824066
-80329035 641021187
893358590 -969278446
360031000 1874468
-60949660 100652797
-645709952 -94128752
591275317 261071186
-562494289 32977697
-106709143 -587252747
629792747 -956213449
203075333 908234985
-133215358 205688875
-151526890 -267034305
228722145 617356317
-262922143 802502512
776726867 784060425
-775564550 -909200045
385884162 -323843743
877811056 -185453680
-932232897 31784171
-169215169 -490625635
492869856 691005399
945132351 864019465
-352423277 539898536
8427711 792878300
381383390 502644606
-542891349 730609702
-52478826 -947220132
431845248 201250464
-485037533 715430165
-790983734 94880086
-779408853 -290354707
640663278 550972549
711561476 -324091952
316671285 -685047774
703104784 -177733115
750018721 789838530
624880305 957371262
664647973 41242366
660377858 -561941196
-91544206 -474537521
-880169525 753757598
930074338 916418984
-430178521 48262710
-284710863 626837553
147562590 92020485
764387379 724501121
-619639134 -256112227
345142828 267958773
-518847563 -630770720
575009502 449197982
-851078707 998114515
543085512 -111390089
-587143121 -285198644
-468698746 -693440875
662245314 398935362
-707742272 -983138375
-418588688 -141025824
858644920 -915637255
167322086 816929303
960532352 -255261101
-393123238 743892118
743004723 565072117
139764210 76968674
-664815555 -901787881
-526593750 -987698955
-721051488 -43556951
811829059 -6654747
160545059 778290186
-69582227 159789675
123449737 917865926
-468287789 -402607704
984602649 -877485544
138073508 -397213362
-196991542 -135526056
-597408754 312418265
-168043464 666283511
105414349 -223554080
-947960217 -899908377
338257294 260952852
-767400424 31652808
-982168605 -995588819
-833552052 796352495
-277843790 72765437
-27402885 -709853274
-311696539 -620760083
-846989044 -280502183
156818098 363221448
1003145 -283839759
-967287350 -324994839
652952361 -600681257
-651636550 -390485148
-867394868 -765142802
747146998 739815503
-185474425 662048581
-798746679 -123639861
775380619 733796783
-746902890 -908272389
-629816640 -486115588
-10897768 -926200037
747718604 -898218853
838283627 -417351781
899260408 523472384
355290881 -380324790
499222586 -687498080
-72201312 145383777
-714770878 -243129449
-674576370 246398076
-589452238 -706154224
462520619 484296832
314899891 752611018
269911758 -256866950
801235830 610940341
-340409587 -40905178
791995058 518762760
-803767051 -379675734
-771917787 424437443
549282657 243077011
-120151279 -679308149
-669116396 991545489
905889042 -202635565
268988287 16046231
-81658210 44278082
-549156117 -542413650
451345481 -781789919
568107085 -621077404
173141232 153606900
769613039 -930181519
506940046 -60719783
-74045582 -275313560
966983290 -752329939
257695543 756868449
333894343 881126893
119670178 -816201839
715736408 -959630470
676867652 912784939
-439085658 983812911
792624289 867446821
-3800829 628629558
-954590859 -474729906
-604453548 -222307595
661390840 814289855
-420833403 526208040
-490540177 -696628766
-48540237 -901813088
398061872 -73384063
784902693 -933156399
263472470 -415510761
-88445968 729745677
-640600215 90474326
820446050 -409090494
981905614 276226962
-542768064 -540755433
-618547127 294155066
841399592 -456668131
883557247 927739572
-589541720 -80291695
849803958 -688806465
-742884694 13013370
-808935399 990661100
-646767508 -471542297
-533839062 171440202
-609518276 -807343095
487663711 -908673768
881234910 857067976
-775007751 76182367
218279327 538144631
-308214774 589598808
-899494916 -413301590
-336589756 -165748328
270021403 -142823408
-104265893 812703695
-454660615 -378861948
-207545734 164760664
772239414 902370832
-462362999 569853793
900342289 -4410941
982742644 326872053
-698563450 -341515903
-473129998 944708765
-14890336 582646122
228137285 428275001
980255639 833900125
-916031411 745701110
379571956 659619140
405061627 722189520
500469348 -141488334
619737067 -762136407
-877179140 751475088
150928008 -787616633
-852010338 232751310
-585362574 -368759761
-127084418 -358802096
-315981241 -861771527
-129281048 -571927768
147722109 367036812
576261150 -428003943
445913512 -631665965
368102559 -159832550
573791683 -271572366
184219955 966256394
-169063479 465695858
-814993368 434045736
912270213 546046020
-200653796 -682112397
-269001510 645158928
305423388 963721570
138637749 -270767356
-572233500 620001611
898646832 632758834
883988291 -178895287
-754064414 566857272
812354430 -171894318
56001635 521184142
588335767 -330873454
-548379555 643048168
914969524 766306528
483078098 -756119401
-739927150 907642495
-92275815 -681247184
-388730003 -104149014
-761574278 -583372343
-610829261 384480487
-810040547 965771438
100911762 104134402
614450326 629554709
-366576102 243779536
839818427 216530706
-728154649 -73615151
933471828 809946643
-140672763 609158124
-958035100 724113896
-105482710 -23953757
1377160 -691452063
927806781 875553787
-913448461 509491526
-551620354 340803954
928190966 -995803883
318587181 -557425310
49022327 -884356643
-71294051 54046744
688166097 996328918
-523678311 244580756
-67390876 447565602
-198834280 -649798966
-177591525 -405134861
919167671 -270913478
-256467904 -490294479
384590831 -695620151
988714861 -117934920
-143229640 929488194
-473383705 -647186666
-630456658 -460479312
-285591371 -188569257
282607704 -586949974
-552207685 -238798820
731374935 -540275605
626256025 -405420605
-849358708 -576026726
-816518962 779709345
-857446240 656761845
502346181 842547624
514373887 105608699
45432600 477131303
785907192 845290079
-356585235 -559045115
-691243301 -654259248
-381833386 -772803142
306987622 140269160
-952986029 -17288909
-842015199 -726062349
-548770402 391937138
199375227 627581433
-748324152 378762928
-825901127 907340821
145712078 -84160208
-892190771 -682683684
-9323533 762326392
-408838391 391271219
639704416 -346261087
-505324548 563604297
515359891 865866778
-254875778 -317728302
512088476 258753875
-87024310 267347751
869656694 -47944644
-984229358 253565690
583044027 -752430247
512983803 -837502540
-11479620 678704124
873571355 30599994
-669171882 -116793688
127871560 -604375203
-812606518 -21792050
-151488234 364408855
363292474 828135400
-777121318 -805698324
-702593590 153729437
916900238 -876699074
-907955470 -936414495
929713003 348715436
-579346165 984302643
338983809 969815891
384395069 294674250
-321896516 -663679956
-461663428 742059655
-610524173 424634687
591320185 159215466
243373926 856383582
630360108 -105357565
475424884 647181948
383348715 209784132
951364659 -822573139
-754580716 676904906
-892426702 -712340576
690938151 10724437
649444429 15256105
825705259 769361433
814421251 -764213854
-845595020 -764820755
-398061474 -263422524
277383399 721700733
-236638059 114913642
-934109718 -108423833
-746002355 659192202
726123235 403514007
-431037544 -951622970
-804866950 604741777
-205458854 -600311503
211758469 -878158762
-645618310 -860905754
-153498855 -837980679
576883994 -115148491
11109348 -995151018
703090680 565197391
-297790810 650553813
-496124321 -507133456
-136115019 -281315917
274439654 208552805
-141391637 -221112321
797918431 495706998
772986954 905125283
-648093876 276800107
204472511 9871476
270058778 479033869
408867792 264274415
-465889324 -67762246
263773662 -70141556
315542591 -783652934
-841174596 510707806
553061720 -124888276
-716425644 -791021778
-905116761 -241044616
882389154 880784158
154214155 -555222826
-324667257 255135428
941811552 702761040
793472317 -283668504
861395869 -495381832
412061633 244264808
-853638291 -728181836
940849973 -258917990
89785360 -113239940
-459792626 -910120520
296392419 601484129
823015037 123446326
851631544 -679655177
-932444062 -58837729
759215685 153674982
69107687 -508859390
-136021666 783186283
-644513229 -830235553
-479944088 569487667
116105798 71618295
376772722 393101329
-818678917 443545015
-621809914 -495735762
-305270215 -757893030
760412915 -201554449
-973092096 -563848274
-530006666 550719812
-82272879 -148052176
-823627704 592487493
845839748 -94374747
-631640131 -765799824
-576050279 -406665691
-663157573 -304905296
-801741761 818883768
360684462 -572442347
-393619432 327867161
609954219 383079636
-232113549 635059767
599473796 625205822
-445731816 -161947433
-530569210 345779545
913871005 904700344
920235808 58252928
520007508 -539188155
75320831 -58436701
-991260518 -109843950
669917962 -229890580
-957738341 -455687732
-953716700 -560684911
-359386967 410974751
-329787120 930466805
-132854986 -154645537
286781549 806289396
-469100191 -990159191
-239260078 -413630167
-736515980 -769218118
-385969930 146643789
-837220258 -923790996
-254771124 -543394813
-638112320 -872750177
-847946422 -109819435
-378817447 -894996570
-434302496 -205255932
491141720 119679395
59958230 455826549
-767533065 466832326
221167311 -888541828
-353401724 -665267632
776636297 -194703225
-269626359 -772556830
530517636 390711406
-410959177 893488420
9438171 -985896590
-464930184 -857406844
-386563829 -82056423
-790034368 -150958625
-802537229 463775265
-48945941 -333295316
-919083354 749032472
415877417 242688080
-697811633 735629615
-701116527 -237938602
167032528 -948459926
485965356 455490369
42982156 -509452926
-742189555 760896511
-919473277 -940546547
371311181 -812700516
-64251245 -836450075
918748007 -803748485
-524549683 -31041593
-144105591 -524401237
-302005353 591560707
882049419 -781614966
285612780 -779497078
266404009 464421173
-458549360 164450925
-225279256 -420132840
-580741390 771935427
-644314361 711109887
-409434083 884212451
-353404623 13865569
5620068 526120648
-347356640 527834415
-224818290 286639674
759536515 679827519
-78285472 -516545517
-279626070 -845303562
287579093 116922704
-14285677 -633431397
-332851383 -51554047
-476858715 -664071245
-107945490 854568723
785744142 -442840044
460962444 682302651
-160675046 -299757573
-764599603 468809444
-571787401 835762611
373356641 -816058392
126810003 376168274
997917314 507671037
14021647 -3046862
171681089 92250160
136307570 -605054647
-797045828 -744681691
651277120 203555800
-390254133 624485138
-380274226 65790491
560417354 -321161426
-772298010 340394365
-424498491 102226847
-997272817 -654808855
117968225 -539419492
105661044 851379541
285174836 144278109
420798073 -180696937
186657238 -970835542
-27430656 295435589
326690090 193016492
-597247951 -552602931
-324407694 222204576
256049364 -304110920
928533642 507400360
-452624168 741793783
-265409543 684454916
-163128404 385314273
-901490956 -813640149
-527087942 150386703
-867762904 -626589585
972900671 -59386850
972481538 -931599735
-911263588 23248248
79328345 -738370702
293502032 -128648863
-351432592 373183469
104320738 608946019
-11017952 648432628
561330641 619271654
665028820 -334834976
-841450283 6278453
-921110071 -848990632
271542618 528362570
-349054439 -593918225
133542229 -732248929
-740781374 764375700
-155803562 252023289
-59943693 353946364
153080539 655333165
894531986 -731272401
157960842 293199479
654963675 965371101
-949916471 282438770
296542636 -25003650
914079050 256777640
-966576914 -89188510
228536209 -503910688
-79872843 632281880
744027812 26538514
-799446655 495455318
92900707 724631922
132711629 550603996
-328176710 -694511585
-787930252 899612417
-226658325 193815310
-71404984 -764338738
566705847 617596391
729347967 -694602317
-504192920 495091924
463006427 672228309
-279092982 -646210438
-457290941 -946906482
419870790 316561680
581816936 274200737
746865403 -902920216
-380193701 748776117
-618586074 115467704
153400384 245881775
-401270945 -883827777
798834352 -316635955
-668890030 -884880763
-676952390 486130141
328905244 305584170
-148484522 488391795
952231868 321789042
-233436434 -524826789
207194981 894201189
-727435849 -285861314
-354248601 -427001890
398676034 110140065
480380780 -812993282
-166843353 -130148280
777667251 -424969277
388811096 949517905
-959684752 -272311652
724520721 859918621
-338638700 -284613253
-76693202 -829361449
882441388 15670297
227818047 -491513286
-398617276 910370110
781358540 -907231865
957490773 844554975
-241845854 628926164
577404303 993402085
-228775110 -795321623
840387800 730239206
176204860 806163221
823736619 -972641230
-535817129 -591488306
-504796096 -161298410
805272745 644634893
513543993 -766416273
-466733045 430868955
-561223903 610334719
224242367 -258440250
-928771378 -680678345
834235498 844467110
-145459428 -763653886
785072867 -567381564
236434080 665692074
875560191 -180009550
-484470422 -990017562
-145646465 -807192432
670409706 -379740935
117540875 -351602580
-439971472 779003790
917777381 -162391389
-541030675 683722990
-762984839 -963534660
-257024234 116794033
655852013 913997595
-231716316 726804351
784661160 213735915
-559481377 438640064
-324081361 890613670
739814526 -767890400
120009455 -53054257
-191742274 -336853239
-974601192 -576822777
-66561262 -649372482
-207206086 -327902552
703024934 21722915
578867094 -320713660
960841884 123571197
534921310 276626584
-170451186 -329197445
924247738 102366132
82927145 -706437979
911812718 -254336284
-792233457 -530070128
948374863 815911452
676339300 -891660464
-497266039 -168612466
-995209338 19622321
969401575 980574126
-119323954 -91758461
366825556 -646583419
-179927486 524645106
-992038600 551007636
-798879033 700837263
21772745 -248149645
-58707476 -207008628
-873508966 -71043222
-279931921 856888493
-968264248 369365518
70431512 785926661
-954500592 752684475
-265381252 620877140
-428163898 -30314558
31295703 436257828
-827126392 -876090767
979604810 -113245822
-166612586 -226702397
49742200 -671945361
-502858668 714816201
-188011397 -32479493
-862636480 -781188733
-801326117 -520529002
-280507147 873676582
-436565325 594977206
-861719817 512865830
-863203460 301060967
545780892 -590228486
438428258 905443954
276926492 265964961
728112665 177925155
-859602138 281043216
113854911 -569520543
605249440 -120778396
-205468333 896323167
147910818 533751039
299939441 802568484
-89889932 -466168259
-635136771 -207058982
-762563029 887532600
-941218100 -122353752
930394172 -777524617
839679991 12261471
-215245754 -447494804
700900231 -773120916
222465263 -722599073
978151569 -108888351
-761973436 -246673843
179240209 51488755
858377250 -101268689
-581484090 -951457735
923700782 894488028
-970918755 -497975312
900200451 954840725
516971950 253312656
497285443 -623342711
-248517718 809347239
-884283344 778603970
-145511582 -53189691
-282774848 -633912577
301700344 19135188
796003482 444888924
348412327 658573486
-865711117 85748918
-326369893 -924639143
-84598063 706482463
952121363 855251366
-701128208 950860835
41893353 -604155197
162322570 -899330793
153556544 485345050
-612090798 6730434
-180619637 897741889
-588536417 -637890640
796123115 849991698
-174638745 -782360816
899052719 -318401591
0 0
3 4
-4 -4
5 5
-4 -3
3 -1
-337059810 -674119621
-2 -2
0 -1
2 2
2 -2
-1 0
0 1
1 0
-2 -2