50 3 3
685165603 921927521
88573000 149437502
192253087 359437425
982386127 919007568 244364011 425873139 820567178 93392807
282527130 589007909 795871843 623006737 25309436 737312659
963464447 75959846 273506943 626271919 291894842 888214737
33530635 32049023 267005601 98139346 315848053 383784220
357315065 291785532 227549453 934745651 43443638 649912823
113911313 460500871 739107717 373492799 773537847 133131373
499833282 425388835 752016679 272059726 278829570 387412487
593797375 374001704 343200139 176870690 74568397 478155022
67052503 634106369 62356760 866992803 205278485 731151362
2797656 139029155 390224040 443166938 30595449 886501979
605768614 75699984 88119901 52588844 25822554 252642431
216676951 503989516 162602946 393433816 129929392 398641924
837832721 57397789 491781413 194959283 175224622 399956776
741386855 884184009 473049140 396925986 762790042 412252813
599666416 658875660 332522454 44056664 466959462 876267577
110672041 946156824 580061005 890425042 76029076 191011534
227090062 271554897 756459145 297638928 975629256 282255878
394358132 937974920 504177103 720307605 67841711 988878194
612105001 890808694 431064203 575313954 467107472 829850228
483782862 855410812 755739506 509127983 947988272 677253498
908258420 613156506 377377757 381131178 51606507 311584381
982570998 241333165 544199265 175869428 662320144 81036474
215862038 12605934 239580851 246041368 537088125 462704047
657621724 189661863 612213434 712811342 209266811 901008728
77591083 444980792 707154166 247635376 562060252 879198123
86874532 414026570 967524369 813124412 370539091 82646354
353136320 11479889 864236995 595349258 322682900 540813224
632516137 822713928 112171243 201723342 377042861 652960246
322273625 62533033 129040620 351302801 825200419 240920559
483561334 793608875 57365061 21154988 756787793 212455274
523073389 153315776 821551220 264089350 58239101 958515551
951400269 793083726 771184397 399663247 625882428 438262820
125534438 499452333 876483093 603191804 388471432 92134120
712203170 717736033 121620901 815971013 573348895 353400945
41795492 954342041 184847036 737218396 349755935 865644818
391226399 182977256 707023717 457809071 519595231 228505584
676750584 933612099 434623498 666588384 102701584 480251766
265289632 163034683 130631191 676418884 667513621 903277334
207873836 973361276 211350483 225079194 145593504 514014786
489983414 886586245 624025979 951431309 999115150 712490666
64612088 762194090 603867040 361324908 140090628 424343479
343470630 852552519 968954051 971851049 545826250 760651080
812148491 633310022 49947183 905857168 270228712 366897580
350688360 269289172 784213526 201720264 961845119 680895712
711487370 878844768 722882288 990661903 310856170 595642122
946008875 14265813 331115536 188415666 640683541 910667318
388542347 429503512 806561159 906351692 607890717 720532815
902775758 252036548 476024126 422457664 122857513 81627745
596751511 169360421 483981135 936992888 103536777 509943822
151020518 708628851 4290980 926379359 450407693 652112462
