100 10 3
6246195 416201855
220805498 742696045
275565590 371827314
611617222 258372963 289454317 257748017 78857421 188478521 161403380 18116314 28473845 631328328 901341787 912413087 681182427 662884411 63860936 366831686 123784651 282755729 689071058 392268199
582265416 993237023 733237383 177194034 687469962 330241164 705620711 343365734 648253691 93140692 648016998 131643227 581179577 866232262 157755502 286583097 145628184 89874054 995042523 533687743
705336349 33383179 271147645 85942973 624743939 998802594 999546265 34482330 607310778 732720233 275892328 454231758 216753251 151476181 292909463 41970793 361775317 390811949 270331078 774198411
332707356 176405516 275999497 873834218 340647924 625473507 219497322 166278735 786771282 152611956 299748196 985732377 639859932 498017880 479096170 797591480 256145259 958496634 273401182 490608947
470946448 363921306 675585306 180888483 495516941 437010636 416660203 394289846 764937048 325970934 300481040 192745005 162285595 450618197 439548735 943282781 732836534 309912824 325448481 841702066
230810044 761852228 236505298 151775272 862763378 920311150 868812898 595481040 512652371 464997892 276106070 71289681 473456014 350933861 617178919 126531940 501809542 770291780 235088321 327021655
624789073 234115625 401839110 655668875 403567674 780932079 818573897 17015543 492959296 583177287 633390291 698476450 348444308 236005940 220535394 321965612 487944991 540014990 864077989 523514438
891481081 416425343 812691137 673524789 418224627 133771528 794703823 803417427 729062158 339465085 104299867 218155150 542292226 234526981 990210023 941760744 92371896 775787291 494763878 648304629
851119056 99840784 741899201 674900064 57572124 573128838 50418518 126162022 880872739 622767094 636258163 736548441 331847583 436077867 259457759 643260190 867967231 937372613 951401042 165335215
862079206 142040504 654442745 147683483 19972266 654297546 802345203 577930881 343194070 281952792 604299222 222340760 794021544 334187153 850004778 932785706 349878420 483863417 75491564 536987157
51145407 550749672 646096397 488862537 131664004 808420937 793821425 123803468 796172787 610154203 620142577 143017145 231014989 369288243 585450457 748037052 936574601 285168568 317362282 469579928
826464723 572550694 829657817 769075745 92593159 217053708 120549454 228195394 871825978 281550414 698884199 152167545 644026162 518964899 560922034 679423574 404460521 241229336 873313846 804648448
892366862 372188043 919585259 348249263 317183619 292584496 700513597 106349875 774066144 845843472 363171725 920565868 661896943 241619589 618160560 108421583 32506158 504820928 59498606 917917672
565279568 545775683 140877060 657361618 895205820 520452455 97432995 188661441 720695564 323724760 767924718 72833656 373843088 351255828 788122496 435434451 866879177 273005807 260125796 914997823
93796334 724205585 990138267 33997629 735456362 301141622 308013466 575108323 703625051 325258733 39587529 579980378 434391317 32063642 362547205 152801377 820900254 862076789 262492958 190524872
79297327 8814281 99975002 848245238 969732281 129448629 500133872 373045092 477019741 902859182 457253006 638087200 253398515 954251003 395069396 757190219 743958404 721892664 182934487 457344155
369287120 787256532 95722143 749261530 106390729 75720851 417554600 272332389 977681430 236222988 397490021 949030573 910218641 279716907 292992952 450552249 938829258 503393201 51186300 806692003
488428161 405759919 671344380 817761303 517187375 8014351 684916600 27273943 416522110 704313355 796759463 466488889 15452109 951797940 481764656 90279079 101926317 722068844 616527920 59319838
198207590 820493420 482398647 324363952 155051379 568937279 234217034 292297986 158215937 142936901 407936099 306476238 748332660 267173937 317415660 831242594 403665123 577569420 48416712 171988000
223529879 815319087 743645771 896697084 546138768 615534797 886543804 695622913 486852864 364383847 69264346 100751564 865673677 624788949 186163540 610098447 224392211 243516740 314912848 183014160
105824160 965409459 168715493 938546983 797108599 779100789 80478112 290530115 105949262 257882033 106715139 653643110 698116367 98883813 903731457 463986724 261778267 718940767 667053444 923994409
298341378 814496451 988314344 798146480 334992268 465363336 261758845 939261196 324603571 829962106 937107720 311254307 419995367 254081338 623021378 458226413 465972937 867673529 130385496 660242682
289127088 57944257 415238505 706136553 391274791 616890220 856613131 301076210 689774444 252514986 657409991 720345693 630832627 785850304 356823704 661944841 671536354 463153860 194038128 221587430
908710546 78887202 679549876 238677627 910663188 397301786 358762171 196116833 959172010 901176639 840756306 457865157 505545545 743470841 432872251 964435690 267773726 291859716 312899497 636165797
513592838 636315887 292978117 341833695 936504852 248524958 661765677 567353623 382350607 421875913 916874352 239555805 154411249 490046843 999375251 187593816 480157801 637562003 965020815 761326017
821071194 267867718 647982288 511234278 621883226 688189851 914760375 930142632 125555764 485460205 217658905 598248573 337043558 526129773 219877055 13596910 642416035 593226398 952266468 363286042
100667219 901225175 715306938 635350834 703915790 512545733 173008357 199853051 289269541 910668262 804107774 148113743 499204377 374408718 331465489 972890524 95241250 192438246 126742303 321073507
232394665 47331432 667353501 965800890 363592142 186979429 768300531 335641291 765520867 5891839 97381887 878428755 601540334 160805935 752268431 21961252 32883755 593529664 787214826 233977507
471957896 853621074 416344136 133605706 865146920 443339736 357120085 664042279 364951265 448044314 117029298 733880668 350291645 844772020 352555892 191745437 752083325 446023189 336964771 958198965
544876049 736234241 803752636 240352001 6387489 997111824 626943536 180756723 145074055 165386540 660420323 74273168 337566419 150257175 325253294 74409715 193655750 791414499 831897053 943074504
108197079 218167928 312086961 946317521 96747185 548848913 934656735 31905637 119195315 889206975 86967823 922336748 985860974 658241509 779990110 722176868 688663851 769413562 425152988 782102751
375448675 672730314 869470735 258636291 279576644 203491189 422762094 759584136 993572659 962711663 109114599 828973501 557394757 466545470 992281690 89961220 214416580 581062335 259891484 745938002
421833392 375478178 576015733 696559536 588786491 562821865 613007394 680239804 643209804 679943789 433480915 187935017 300843005 509893977 579953838 716798778 868750109 380922541 344745163 602256459
685971887 816556988 861093557 956313928 395456873 146402990 757602031 504754484 832346678 704523007 79836013 715242404 583101109 762501118 997027351 643061057 407734967 608342863 993276234 661701194
607945669 259558250 469562966 986479887 702469527 874069529 318218753 418230391 512104094 607243006 431097602 952365179 560705659 710342667 109616263 227746985 143081605 357258247 34050223 309124258
540699208 169180944 340748561 868952732 30018561 626966292 618315572 317662176 42503971 449357910 875581204 456688973 631783124 465038832 585669540 232007635 992094832 586196555 961984838 580736761
954612741 809294760 201314388 683280728 644965078 418124442 475418523 723798302 329402329 426407562 794547931 280749708 582078521 169209906 444291912 901438584 670813140 389827106 340373004 386797260
45134269 206283583 489143491 361675525 826924731 462734655 435145213 418238133 604190665 360192814 31943103 8331265 883955860 809470443 839107586 844703779 623674368 127546539 916693811 485517289
454148259 201295222 909559474 31678516 740360521 463691685 927358803 98704507 265706350 95354986 343035871 322454853 470155719 843904328 234152852 2044082 327258809 616792215 89583777 562325747
231697632 938392066 782400171 759606478 947726730 320035592 288665419 499064347 829175098 429235070 74101390 725267529 383352357 221997579 527841139 789059801 63209144 721915050 636315761 655926754
755524112 88653100 375922158 94993036 650510464 506813363 511403209 667768213 64759823 492448569 116325585 919449039 254327543 490935815 84320587 205701791 347636775 381274174 494010224 940253824
805781954 448403025 900197612 642514814 680907166 677954953 877800033 640169404 121187782 405888640 237503458 573761518 947032825 827850150 436340600 96770016 505552168 122088384 13826976 828960493
263590908 214543971 970504139 726639240 528110413 996470397 818469597 473616567 631665068 802027725 249998255 818966162 950272730 784535654 772741518 721095881 505335375 929649968 667825337 662337052
228325812 980959847 948276454 111449056 736995689 357644058 204334013 555055233 658631936 484954285 545586524 55461370 706403776 950789463 831803089 557012574 709142819 430924453 289644195 199553619
38484824 951554037 771908938 526236050 946282945 812320508 735767986 529943401 320665974 731686977 598705085 284576056 472540097 835985311 419292350 291751159 991553696 251656903 940240382 346587055
762285895 982582204 319633722 77133308 922929819 324506453 617182499 454082194 544197559 808049598 395644893 196403381 779512427 640876791 181568384 435384511 728382904 926844244 372152986 254450846
372595285 893669371 591619756 706452563 647259437 721133417 752100008 954534004 695854047 919047149 151438714 690388138 700174141 643600940 911481468 273802292 781992397 49143707 602502655 835254883
527096907 814414600 270196681 33243420 513495077 704029970 801553298 284050777 698945533 529973420 944651654 152522152 366224427 783183262 212574406 945165994 754288953 422795524 918023654 883272597
518881893 884627405 887306097 485980339 372041762 801024829 16536673 54620129 859348119 445570923 595537575 261266705 361659934 659532740 898137513 321376968 818085830 954722694 766956734 196485792
905231314 9203782 373017524 211578823 915106872 22826091 427339 458388351 647379747 45620144 607932344 617005980 282156914 623652774 897988387 597640969 516337463 548817967 683776041 50026051
620252728 981079556 632026714 131190748 812120689 953989937 197024444 705404153 30194831 33043860 309047878 361170389 826608759 580323169 466037862 654317628 365716413 781688736 979306876 162724881
310034989 407519917 767728476 511451592 645688390 797636792 508747728 127227628 818761658 628993091 288212244 164509338 242556912 442001063 783812184 639273477 400171650 222428303 52931650 28137200
296954815 450998906 501717865 762041399 757734698 110492477 123711195 114856006 600207865 397956223 839290520 11364256 937764759 37282620 202858004 112275289 395296290 338917955 238506681 738217373
497157357 822785720 985109091 408213543 88214272 372672658 514734050 876995274 217724307 275205406 822666107 532285932 516107415 620589946 26001256 62205190 979613997 86550811 858224723 740449573
401111596 60873288 946871775 216509292 252043423 88716444 478675231 320759696 199362629 970898824 804356893 678753370 498042896 612694734 706548565 480887849 677626534 108856583 229951543 369297261
746582243 160950302 398185384 699660589 692480085 388364755 136173953 499969922 648361407 342580282 916297743 267602458 750637974 12735545 736253585 687828150 242408071 24599053 485170110 402197932
991668719 409216965 870264380 980041829 356888161 939420101 60975402 28619744 40028196 890106181 630332055 456546094 152063410 154383568 385226248 578499572 752730171 553396422 179015414 941884140
985843232 13148122 575988045 308791908 588248952 100693908 885508591 619761341 205030542 694741711 231891759 640574189 77340768 880477756 746066775 865363198 465443618 148326622 174883106 696597645
603478713 929336461 422059586 555375435 903222081 967689331 892337115 508193151 442048392 937539985 570450694 848678019 213628304 941803323 813780815 252609347 355221777 99869080 136632632 565096641
119939572 69646371 188504756 263491731 670568153 253516333 206974892 438368611 151668626 786164568 247683198 861299054 60753830 390510109 792147065 256227590 235796175 659388487 323542114 429422864
153965948 213442422 244016369 804644743 663795536 957905822 360654677 346514935 573857697 144032645 72183724 981605890 195174394 384847176 928463244 270697439 400957593 89319126 297123965 496131286
231483633 528838771 972781693 228885957 667896874 836641079 966795386 974678430 932716444 720068493 813660379 301867495 687859032 643680692 288233464 802649912 172658335 410765377 165200541 697013696
6081128 29139611 860907659 897060801 827916254 598294910 115854071 99306512 276379872 996456825 223503114 458183318 834401408 625922416 667319903 381498577 936266117 273757978 582351751 667533395
626766568 896903556 925453960 652070210 346609754 239890316 85043034 173034199 351859389 606757990 63723113 616632287 76880039 108301851 548996374 899073853 124541154 930588165 148451894 553249382
994391790 884975957 286036113 664947683 710019966 970637709 74696548 30975443 395378423 553718534 753769184 340434534 266543092 928064876 369370280 326782051 16191428 547092540 761284695 664652707
411742442 28915533 484100088 539742099 889187229 946640196 385104012 891111350 356169798 687234078 303962248 736350241 634216452 344426410 560009300 420366846 533628203 13180940 741961421 520845321
996014528 838782524 640497091 578062102 468823551 48172677 86654588 986602121 517626582 526550278 38190127 902841052 412865127 67503156 310815882 354472988 376454282 706157398 788018221 862682221
754105672 113428744 859419437 798892162 123933537 285223865 516122002 467191333 932794567 640289837 169138137 599185589 952009505 302406139 799363954 242154915 264430665 548862479 574090051 358258420
526285006 590760745 647597603 706676162 963728499 835568733 313435488 107922107 297950894 419144594 914810170 164489376 325742378 676091395 966563173 805305543 92746821 172959425 469705611 698489754
907451795 825233710 171554760 170392342 518159449 770671491 426880812 832386893 810957842 91698507 700762684 938862308 404703470 171762150 76004210 805758358 862773326 584971015 641355704 839130287
231051594 403799350 539633905 438905745 114294059 389581391 691402353 534072883 267378161 535081986 139015551 212327836 292777165 685743697 823071194 873993837 93840552 702985236 475902513 883394901
103369371 290447224 299148970 302416282 680185973 595839100 961198428 352404375 696074553 255581554 878364884 13424440 906691484 317980036 217836180 760445567 179508875 352916781 884453776 368011779
549393315 788155068 759700143 499621228 238023095 754682581 909407056 25946616 828578127 767230703 997966274 815554809 196826403 988726742 81915850 660350549 814358691 261345834 801048353 639935749
199433330 747594975 556976116 250839958 887103718 995433404 317511522 581303467 17686667 308700124 815378434 717252984 392013981 552619567 883832922 158658121 454264209 558000634 715600745 691867385
171882380 151585107 680562462 132558203 726873834 241801638 142011102 832393301 500282041 903895091 855715842 848080672 956106555 160700557 501929046 14760202 155572328 762883868 744926876 950772563
38936169 151717276 88409351 304525779 118183966 252866972 568809408 812085619 949650329 310533888 814974821 189643951 754202785 714543232 124083077 402349595 267833648 360136231 469942053 6558427
211466230 639501268 290611006 62254889 637775571 95012284 550618428 55915730 839358816 611898598 136363904 937126329 29369191 563178413 997083615 734866515 185295719 681780290 956727330 391785002
986086161 948327208 631536772 126515803 80481741 51475382 444482615 504411159 268195126 305154712 219769823 805531941 919592858 958902863 28898325 359119966 438940795 596779436 412102629 662338608
784391952 756717145 837840720 756039453 659990213 743487824 719574475 14112825 504762806 712892769 487384255 511112622 654197048 699677617 338904583 237322555 297517137 829658166 539682420 775506097
938071611 828310588 584620108 416942197 723364581 46090979 585308103 50035202 422444401 448772510 56413585 705346660 143514295 240282805 142143307 218695869 454472129 176646084 372430858 634118851
751935565 843221562 38972631 584969024 70749007 178328539 792102701 936203921 321682284 340213055 917289853 997260072 45391743 407073360 183800749 519660042 50720023 52536016 531790741 482192722
687517431 960225489 152955777 146807468 495917462 382999354 923871922 68698587 946726301 28269641 767224285 221410611 875199595 30181388 330603434 196014623 998803604 213329126 81812278 794490780
236005982 37107217 56518801 506640572 463199810 993514518 183571777 387842853 63512433 601610582 98119358 66936208 267579469 733564549 337186548 399671882 740900075 177260841 340764868 620591030
568844184 804551711 539603586 833015496 575216465 185597463 767414904 630829451 299435081 572833299 11799906 178883485 783656039 380159468 930397425 899115182 135172037 935231181 918359112 224287493
259245874 256861110 891841154 296029178 626391729 883997690 207317290 944310909 946436600 507518401 919480512 238091150 964435698 530629767 403991867 514120386 474753085 327168411 793388162 295836869
131275693 188961441 872819954 757962706 895180487 924192785 233008603 743241277 598816071 319891893 957297667 493164266 710947738 845942575 338592801 19751891 980985189 855064176 725673827 716162693
373096444 4583490 356956137 130774691 836787947 240221376 134404423 318515810 628667505 552453593 391780615 503241484 249477120 341372880 204466469 680594301 26222783 976145854 506695313 569134761
291143688 975107087 389807536 923138580 603514858 575176961 208006876 308288600 994871208 29594920 781231327 554250659 563353143 314515437 485066620 483115062 695482564 267583498 309045222 748143335
47451436 385268239 658480967 17114016 683104899 396746977 24330043 422596573 674218894 489293366 213532754 643930930 35718984 153131289 142802577 900976067 949041505 637911148 662656497 795214538
353141434 910138209 46229215 175752469 859921898 420229633 193106619 346682758 211023292 397879205 374590553 87201681 452475311 474285439 565777539 299102657 244714101 173731090 975814260 60661299
303034484 821279926 833913950 804484889 209132104 951343125 605535717 874185528 613065023 818974897 974375075 912797290 422539739 903764060 498035874 379258909 625229908 828425661 992927973 558570963
946390291 489368274 272674783 105916320 109561144 475138921 396514297 889711791 688605462 711041445 321071121 557706173 478216370 707287167 931996662 582026652 477825607 16529475 427669229 435481010
160054980 23204623 869674543 631373431 490924620 384379223 500821864 354093051 309018293 956585572 89658682 443181661 111189002 233290448 647891896 96665685 590252809 503765771 334015211 113786795
364118950 287735769 218978641 773460925 826893702 438677202 64762969 531405309 70009477 219662561 838608616 108376689 578666289 664768198 69208535 319848498 652399436 980100500 67721330 933277165
254734413 35478835 892613370 476354149 488136672 526277855 74759972 746188527 569237602 703959975 779635865 582916084 54821733 791792879 373400948 713668466 508666930 31091950 156609223 995386748
112078914 446662449 404902678 338258102 163379652 5275414 528636633 539300569 702099483 397842002 731890943 653073717 735501405 695611756 7065446 677120810 163110357 920207935 771304292 747468974
780548737 994176124 102975041 574316234 391061396 759967270 416607162 444445 383997941 618229780 294813824 427872599 774887103 712746610 595723959 823609791 895079359 134543680 248953975 473832878
720329721 259952849 959920719 981851410 374545956 409958990 298940861 137155564 710449449 799683633 854641591 331787474 650180776 76780746 790101285 608549230 194735474 256469182 482216292 533050108
981642768 969139074 778414788 924101840 146757947 941760996 315210507 890038478 830668898 717267587 186236913 529245168 208979495 512713810 542031266 758059204 904276194 210574105 426816831 261280235
822968604 467010036 940971357 544968348 608130581 554251218 883734148 654563614 941552704 107751415 27301297 956745553 211787202 3118202 457535700 243764518 808518902 582479560 752369491 113455394
