9000 10000 2
4048 5738 
1 2
1 6
1 8
1 16
1 19
1 62
1 252
1 367
1 488
1 496
1 964
1 1506
1 1642
1 1815
2 3
2 7
2 70
2 176
2 1870
2 4993
3 4
3 33
3 79
3 133
3 399
3 410
3 524
4 5
4 9
4 36
4 38
4 48
5 18
5 107
5 766
5 1477
5 1887
5 4556
6 50
6 124
6 2626
7 11
7 12
7 13
7 56
7 67
7 259
7 584
7 1159
7 2678
7 3504
8 10
8 26
8 240
8 389
8 784
8 3677
8 3795
8 7792
9 15
9 44
9 46
9 59
9 366
9 4717
9 4982
10 346
10 431
10 1003
10 1643
10 4025
11 93
11 115
11 364
11 799
12 17
12 30
12 302
12 1170
12 5126
12 5315
13 14
13 250
13 506
13 940
13 2249
13 3587
14 163
14 206
14 1300
15 20
15 22
15 102
15 142
15 261
15 341
15 957
15 6131
15 6952
15 7504
16 21
16 113
16 188
16 494
16 608
16 3229
16 3301
16 4368
16 4910
16 8522
17 35
17 119
17 127
17 324
17 560
17 640
17 790
17 804
17 2712
17 3485
18 24
18 74
18 1270
18 1304
18 1646
18 3297
18 3476
19 28
19 34
19 103
19 141
19 243
19 359
19 503
19 611
19 1520
19 3028
19 5450
20 23
20 31
20 288
20 376
20 1093
20 1787
20 2857
20 6659
20 8276
21 37
21 100
21 118
21 249
21 1585
21 4664
21 8431
22 40
22 246
22 318
22 1618
22 7944
23 25
23 29
23 55
23 154
23 768
23 2667
23 3307
24 155
24 697
24 1070
24 2365
25 27
25 43
25 45
25 76
25 148
25 275
25 842
25 1232
25 2085
25 2197
26 99
26 237
26 334
26 545
26 2882
26 4577
27 120
27 392
27 462
27 1696
27 5189
28 39
28 47
28 58
28 219
28 264
28 1122
28 1827
28 1944
29 75
29 88
29 128
29 186
29 1589
29 2772
30 32
30 220
30 267
30 2541
30 5187
31 402
31 954
31 1278
31 1354
31 6270
31 8391
32 140
32 165
32 173
32 458
32 634
32 689
33 83
33 164
33 207
33 383
33 448
33 5140
33 6076
33 6989
34 68
34 114
34 329
34 4645
35 71
35 469
35 1119
35 1345
35 5176
35 6577
36 123
36 931
36 8255
37 41
37 52
37 57
37 63
37 77
37 294
37 4018
38 97
38 196
38 455
38 737
38 738
38 3586
38 3588
38 3830
39 435
39 2116
40 42
40 54
40 116
40 175
40 200
40 228
40 513
40 760
40 7128
41 204
41 1625
41 2631
41 6133
41 7447
42 49
42 104
42 6290
42 7709
43 61
43 66
43 80
43 245
43 395
43 798
43 1230
43 1357
43 5058
44 85
44 92
44 94
44 157
44 273
44 2918
44 3500
44 4958
44 6124
45 51
45 138
45 152
45 184
45 406
45 1482
45 2820
45 2893
45 3250
45 5649
46 86
46 146
46 187
46 189
46 321
47 53
47 132
47 296
47 576
47 2774
47 4825
48 153
48 295
48 307
48 561
48 877
48 1381
48 5553
49 89
49 3005
49 3810
50 64
50 73
50 95
50 742
51 91
51 98
51 904
51 1492
51 5269
51 6555
52 780
52 1321
52 1971
52 4497
52 6780
52 7615
53 69
53 72
53 135
53 2449
53 4156
53 7809
54 151
54 168
54 172
54 409
54 421
54 1189
54 1807
54 7830
55 361
55 553
55 577
55 3131
56 60
56 105
56 585
56 3553
56 4380
56 6980
57 82
57 2577
58 1426
58 2426
58 3879
59 122
59 3060
59 4112
59 5806
59 5936
60 65
60 203
60 995
60 6089
60 7174
61 255
61 841
61 4185
61 4579
61 6874
62 1245
62 3045
63 180
63 1228
64 222
64 1125
64 6722
65 556
65 2613
65 4751
65 5056
65 6188
66 651
66 2474
66 2760
67 90
67 162
67 195
67 757
67 2567
67 4672
67 5961
68 159
68 1537
68 1573
68 3492
68 5828
69 88
69 384
69 812
69 3309
70 181
70 297
70 1252
70 1528
70 1740
70 4428
70 6506
70 8150
71 201
71 386
71 972
71 4030
72 628
72 1240
72 7614
73 158
73 224
73 966
73 3469
74 78
74 84
74 87
74 602
74 1581
74 3275
74 3930
75 212
75 379
76 197
76 862
76 1226
77 81
77 169
77 407
77 476
77 727
78 1188
78 3772
78 6848
79 130
79 514
79 1682
80 101
80 688
80 2604
81 109
81 193
81 1694
81 3544
81 8739
82 335
82 6988
82 8791
83 253
83 277
83 529
83 1932
83 6226
84 96
84 313
84 1735
84 2172
84 2309
84 6994
85 131
85 247
85 424
85 428
85 595
85 6002
86 139
86 450
86 1313
86 3405
86 4574
87 199
87 316
87 1522
87 7133
87 8175
88 106
88 578
88 937
88 1301
88 1377
88 3820
89 121
89 178
89 477
89 646
89 665
89 1784
89 2131
89 4384
90 147
90 170
90 746
90 854
90 3348
91 870
91 1028
91 1271
91 2521
91 4375
91 6548
92 110
92 4855
92 6261
93 167
93 369
93 420
93 705
93 2622
93 6696
94 215
94 3966
94 7314
95 257
95 262
95 478
95 4005
95 4137
95 5963
96 150
96 236
96 281
96 453
96 6122
97 112
97 126
97 495
97 631
97 1193
97 1419
97 2071
97 3349
98 108
98 1071
99 117
99 136
99 548
99 558
99 1753
99 2518
99 2782
99 5282
99 7038
100 400
100 483
100 508
100 2304
100 2362
100 4227
101 2188
101 2737
101 3436
101 4978
101 7632
102 125
102 8360
103 1875
103 2131
103 2921
103 3056
103 6734
104 144
104 191
104 248
104 801
105 235
105 3739
105 7253
106 895
106 918
106 1019
106 4560
106 8040
107 111
107 531
108 156
108 282
108 368
108 2173
108 2414
108 4245
109 2899
109 4479
110 831
110 2510
111 391
111 733
111 7400
111 7930
112 3011
112 4438
113 587
113 965
113 1782
113 4931
114 179
114 239
114 351
114 486
114 770
114 4796
114 6652
115 298
115 2423
115 2904
116 137
116 149
116 160
116 554
116 4315
117 231
117 338
117 562
117 846
117 1344
118 2863
118 4408
119 388
119 1351
119 2306
119 5540
119 5891
120 625
120 2186
120 3260
120 4259
120 4430
120 7289
121 198
121 225
121 1036
121 1203
121 1265
122 177
122 216
122 274
122 284
122 342
122 6720
122 8701
123 419
123 437
123 722
123 930
123 1946
123 2753
124 134
124 425
124 489
124 534
124 1456
124 3001
125 2913
126 129
126 208
126 570
126 782
126 2860
127 202
127 459
127 2513
127 7196
128 145
128 276
128 836
128 1206
128 1623
128 3284
128 4162
128 5800
129 194
129 848
129 4899
130 332
130 385
130 574
130 817
130 1175
130 1881
131 171
131 1502
132 590
132 639
132 1199
132 3423
132 8644
133 941
133 1474
133 3333
133 3502
134 6660
134 8428
135 143
135 218
135 330
135 977
135 4827
135 7089
136 1890
136 2115
136 5219
137 521
137 762
137 763
137 767
137 3749
138 2080
138 2098
138 3318
138 7458
139 698
139 3519
140 166
140 372
140 641
140 1424
140 7401
140 8179
141 185
141 227
141 1076
141 1254
141 6600
142 229
142 778
142 2859
142 6176
143 8996
144 161
144 244
144 8434
145 234
145 1165
145 3678
145 4240
146 286
146 293
146 1464
146 3438
147 1073
147 4939
147 7129
148 1404
148 1741
149 544
149 1210
149 1630
150 2490
150 7753
151 1091
151 2573
151 7082
152 254
152 775
152 3350
153 397
153 866
154 190
154 452
154 4132
154 7679
155 183
155 588
155 5425
156 174
156 226
156 327
156 3024
156 3831
156 4502
156 4573
157 4600
157 4952
157 7858
158 305
158 356
158 1220
158 1544
158 5525
158 6067
159 238
159 2998
159 4168
160 306
160 340
160 355
160 480
160 657
160 2442
160 3714
162 1694
162 2705
163 205
163 210
163 242
163 256
163 349
163 423
163 3118
164 317
164 1400
164 1472
164 1652
164 1997
164 4458
164 8278
165 217
165 1115
165 3210
165 6118
165 8531
166 820
166 5151
167 394
167 1349
167 2278
168 241
168 622
168 1109
168 1803
168 8627
169 325
169 412
169 3156
169 5651
170 311
170 354
170 1369
170 1476
170 4232
170 4500
171 504
171 525
171 4493
172 214
172 429
172 436
172 1312
172 7648
173 1883
173 6381
173 7047
174 418
174 1305
174 5239
174 6554
174 6586
174 6787
174 7827
175 265
175 7023
176 182
176 310
176 985
176 3464
176 4251
177 258
177 1360
178 2647
178 6875
179 272
179 371
179 1346
179 3032
179 3098
179 6007
180 621
180 1959
180 3598
181 6750
182 326
182 365
182 1867
182 5457
182 6015
183 344
183 659
183 5690
183 6676
183 7002
184 1988
184 2360
184 4252
185 192
185 314
185 679
185 1183
185 3231
185 5906
186 211
186 610
186 1263
186 2806
186 4992
186 6901
187 230
187 312
187 505
187 680
187 2691
187 7425
188 1067
188 1656
189 2625
189 6582
190 422
190 1850
191 1186
191 3412
192 589
192 1056
192 1560
192 4175
192 5591
193 370
193 2191
193 3462
193 7106
194 209
194 263
194 728
194 1980
194 2743
195 1262
196 266
196 279
196 303
196 719
196 2527
196 4685
197 512
197 1592
198 251
198 2303
198 3381
199 232
199 393
199 549
199 676
199 1235
199 1755
199 3916
200 333
200 426
200 540
200 1251
200 2379
200 3771
201 223
201 405
201 667
201 1038
201 1111
201 5078
201 6998
201 7119
202 2302
202 8854
203 1140
203 1831
203 2444
203 3953
204 3707
205 838
205 1060
205 3449
205 7096
206 539
206 5167
206 5677
207 213
207 300
207 427
207 1691
207 5203
207 7645
208 268
208 528
208 1687
208 2023
208 4171
208 5637
209 538
209 644
209 1920
209 3786
210 283
210 1078
210 2068
210 2880
210 5622
211 336
211 626
211 678
211 2894
211 3192
211 3652
212 1995
213 378
213 413
214 304
214 485
214 1089
214 1624
214 2030
214 2151
214 2659
214 3996
214 7330
215 1635
215 4181
215 5686
216 221
216 348
216 404
216 615
216 642
216 993
216 1247
216 2703
216 3218
216 3813
216 7824
217 1212
217 3089
217 5678
217 5968
217 7494
218 1174
218 1672
218 5384
218 7659
219 278
219 377
219 1499
219 3513
219 5234
220 285
220 1389
220 1507
221 835
221 1308
221 2106
221 6291
222 270
222 2236
222 2677
223 401
223 2134
223 3352
223 6972
223 7947
224 919
224 971
224 1933
224 4744
225 271
225 331
225 731
225 2803
225 2968
225 4747
226 350
226 813
226 1171
226 3911
226 5014
226 5822
226 8344
227 260
227 381
227 467
227 1517
227 1571
227 2179
227 3997
227 7256
228 660
228 5049
228 5594
229 233
229 323
229 416
229 765
230 289
230 446
230 510
231 1294
231 1448
231 2576
232 352
232 944
232 5282
233 2035
233 2061
234 897
234 1567
235 290
235 563
235 3087
236 2289
236 3713
237 709
239 583
239 600
239 959
239 4374
239 5288
240 715
240 907
240 1005
240 1926
240 2238
240 8134
241 441
241 1752
241 1845
241 3019
242 320
242 998
242 1628
243 681
243 3130
243 3636
243 5179
244 309
244 1100
244 1564
245 658
245 7644
246 269
246 291
246 637
246 1133
247 656
247 717
247 3340
248 360
248 509
248 7797
249 666
249 6708
249 8038
250 380
250 572
250 1534
250 2145
250 2386
250 6944
251 443
251 827
251 2948
251 3310
252 1324
252 1669
252 1990
252 1998
252 3281
252 3909
253 398
253 596
253 3403
253 4324
253 4866
254 382
254 815
254 989
254 1854
254 2791
255 287
255 343
255 537
255 594
255 1155
255 1238
256 292
256 830
256 948
256 3508
257 1118
257 2070
257 3478
258 5896
258 6226
259 879
259 920
259 1136
259 3160
259 4735
260 315
260 3648
260 7482
260 7853
261 975
261 6449
261 6486
262 487
262 3112
262 3364
262 3948
263 339
263 358
263 442
263 507
263 575
263 2075
263 2117
263 2516
263 7810
264 4540
264 5466
264 7008
264 7078
264 7098
265 1974
265 5191
266 415
266 2374
266 5795
267 927
267 3800
268 481
268 1046
268 2435
268 3710
269 345
269 636
269 4510
269 8201
270 299
270 593
270 809
270 864
270 2837
271 449
271 499
271 1316
271 3162
271 7378
272 2285
272 6571
273 319
273 445
273 1374
273 1828
273 5868
274 280
274 1825
275 1013
275 1934
275 8115
276 1869
276 2946
277 396
277 567
277 695
278 671
278 693
278 2910
278 5326
279 861
279 1373
279 2051
279 7774
280 707
280 1069
280 1179
281 337
281 497
281 1051
281 1453
281 1897
281 4453
281 8955
282 3585
283 301
283 308
283 1207
283 2735
284 1052
284 4718
284 7294
285 411
286 1016
286 1649
286 1789
286 5125
287 492
287 1893
287 4058
287 5944
287 7685
288 433
288 4191
288 5321
288 8718
289 1684
289 7219
289 7554
290 7710
291 541
291 559
291 1942
292 1013
292 1853
292 2696
293 700
293 2514
293 3596
294 353
294 493
294 516
294 564
294 751
294 1465
294 5039
295 466
295 1837
295 4060
295 4484
295 5404
296 322
296 599
296 829
296 1490
296 1806
297 1673
297 7208
297 8295
298 912
298 2676
299 491
299 624
299 655
299 1105
299 5186
299 7796
300 612
300 8545
301 488
301 741
302 2406
303 7372
304 357
304 840
305 1865
305 2072
305 3426
305 5318
306 470
306 2393
306 4041
306 6254
306 8245
307 375
307 484
307 3669
307 4173
307 4411
308 1648
308 2410
308 3994
308 7719
309 2064
309 2258
309 3078
309 3258
310 373
310 444
310 555
310 632
310 661
310 2224
310 3132
311 1024
311 2200
311 4777
312 603
312 747
312 1011
312 2612
312 3075
312 5231
312 5987
312 7014
313 721
313 1334
313 2029
314 893
314 1074
315 414
315 515
315 743
315 3317
316 434
316 5115
316 6307
317 347
317 1079
317 2251
317 3256
317 4826
317 6748
318 472
318 1626
318 1862
318 1867
318 2024
318 5254
319 1428
319 3568
320 471
320 518
320 772
320 1269
320 2770
320 3417
320 4578
320 6030
322 387
322 734
322 947
323 1001
323 1021
323 1080
323 1145
323 1930
324 591
324 614
324 1397
325 328
325 374
325 1468
325 2031
326 439
326 7841
327 740
327 803
327 1421
327 2342
328 1536
328 2628
328 4509
328 8160
329 711
329 2234
329 3530
330 2347
330 3823
331 432
331 501
331 5152
331 7766
332 362
332 498
332 519
332 723
332 1378
332 3385
332 5041
333 1023
333 1248
333 4643
333 5630
334 894
334 4265
334 5218
335 882
336 1259
336 3391
336 4850
337 438
337 463
337 601
337 653
337 824
338 447
338 1033
338 1340
339 1479
339 1793
339 6942
340 1680
340 2974
340 3305
340 4747
340 7674
341 818
341 1249
341 3479
342 664
342 1142
342 5295
342 6572
342 8720
343 3475
343 4834
344 465
344 2991
344 8551
344 8646
345 5239
346 3206
346 5635
347 4644
347 5755
348 3525
349 475
349 527
349 532
349 4802
349 7966
350 1039
350 1211
350 3428
350 5335
350 5836
351 464
351 826
351 1148
351 2690
352 7681
352 8569
352 8904
353 390
353 1508
353 3809
353 5590
354 869
354 1047
354 1332
354 1962
354 4568
354 7461
355 979
355 1215
355 1647
356 1434
356 2082
356 5329
356 5674
357 1233
357 2978
357 7579
358 669
358 773
358 883
358 1587
358 3780
358 5577
358 6835
359 1042
359 5867
360 363
360 482
360 1692
360 2440
360 4853
360 4860
360 5932
361 456
361 1131
361 1607
361 1728
361 3238
362 1044
362 1401
363 403
363 417
363 868
363 1219
363 2136
363 3791
363 4136
363 5897
364 408
364 933
366 792
366 2286
366 5135
367 530
367 579
367 735
367 3180
367 3512
368 774
368 4272
368 4538
369 440
369 825
369 843
369 1526
370 1934
370 4697
370 5910
370 6107
371 858
371 3681
371 8468
372 674
372 871
373 1885
373 8067
374 2647
374 8875
375 526
375 550
375 3146
375 7690
375 7924
375 8440
376 479
376 3579
376 3760
376 5309
377 915
377 963
377 4485
378 885
378 2758
378 3666
379 4209
380 3084
380 5065
381 1629
382 430
382 710
382 1686
382 2267
382 6431
383 787
383 988
383 4455
383 8724
384 650
384 684
384 8165
385 474
385 1586
385 6248
386 2090
386 2226
386 3264
387 623
387 1795
388 1201
388 1231
388 1733
389 589
389 4624
390 1029
390 1712
390 4238
390 4541
390 5103
390 5212
391 1135
391 1385
391 1521
391 2814
391 3614
391 5339
392 619
392 3069
392 7934
394 1007
394 2719
395 970
395 989
395 2184
396 517
396 569
396 620
396 845
396 2292
396 2821
396 4896
397 1022
397 1268
397 3400
398 759
398 1761
398 2210
398 3867
399 692
399 1676
399 2160
399 5254
400 800
400 945
400 1189
400 7498
401 750
401 5438
402 668
402 1530
402 4629
403 647
403 3114
403 6292
404 663
404 749
404 992
404 1054
404 1196
404 1309
404 1523
404 5850
405 3184
405 5440
405 8854
406 1202
406 1665
407 1498
407 1602
407 2073
407 2711
407 3008
407 4620
407 5949
407 6812
408 761
408 976
409 3175
409 4512
409 5408
410 502
410 649
410 1444
410 1812
410 2403
410 4001
410 8678
411 1497
412 597
412 618
412 925
412 4258
413 664
413 833
413 935
413 3566
413 6526
414 523
414 679
414 745
414 2280
414 3531
414 7626
415 3058
415 5707
416 629
416 857
416 2566
416 3958
416 4953
416 5012
416 5412
417 2034
417 4314
418 687
418 814
418 1086
418 2195
418 3883
419 1146
420 1280
420 1414
420 3810
421 1362
421 4210
422 457
422 712
422 1697
422 1852
422 2728
423 546
423 7972
424 662
424 1045
424 7059
424 7469
425 1228
425 1879
425 6662
426 630
426 4517
428 718
428 1112
428 8855
429 451
429 598
429 2658
430 1113
430 6480
431 753
431 863
431 1136
431 3608
432 454
432 1657
432 2923
432 7001
432 8013
433 592
433 2797
433 6585
434 1916
434 2436
435 2975
436 1409
436 2488
436 4048
437 1981
437 5442
438 607
439 468
439 1084
440 786
440 788
440 3261
441 902
441 1261
441 1668
441 2373
442 571
442 1749
443 473
443 720
444 926
444 5459
446 4489
447 557
447 960
447 2002
447 2956
447 3159
447 4605
448 888
448 1320
448 1970
448 2753
448 7015
449 461
449 1198
449 1871
450 987
450 2623
450 4868
451 460
451 5441
451 7193
452 856
452 5766
453 566
453 5622
454 522
454 696
454 797
454 4284
455 1480
456 1848
456 2298
456 4696
456 6134
457 942
457 1639
457 2686
458 996
458 2795
459 565
459 890
459 3204
459 7330
459 8681
460 1015
460 5902
461 580
461 2554
462 1162
462 3658
462 4211
462 5005
462 5866
463 1595
463 2254
463 2661
464 1462
464 2807
464 7339
465 853
465 1488
465 1824
466 511
466 672
466 1040
466 3537
467 4163
467 7108
467 8180
468 542
468 1457
468 2020
468 2259
468 3006
468 3252
468 8081
469 690
469 1935
470 547
470 1053
470 2109
470 2869
470 4266
471 805
471 932
471 4015
472 5983
472 6210
473 533
473 586
473 3279
473 6223
474 3587
474 4832
475 1644
476 1285
476 1779
476 2528
476 3456
476 5236
477 849
477 878
477 906
477 1406
477 7543
479 1671
480 490
481 911
481 3662
481 8784
482 500
482 535
482 5227
482 8778
483 1229
483 7507
484 1591
484 2777
484 7608
485 605
485 714
485 724
486 6068
487 4881
487 8660
488 520
488 2099
488 2482
489 1631
490 1677
491 3115
491 3265
492 810
492 935
492 1082
492 1504
493 900
493 1307
493 5664
493 7022
494 953
494 1927
494 3854
495 6493
495 8068
497 573
497 3963
499 909
499 6372
500 551
500 581
500 708
500 896
500 1699
501 1116
501 1801
501 1819
501 1885
501 4827
501 8728
502 729
502 736
502 1555
502 1693
503 4612
503 5110
504 1276
504 1593
504 7639
504 7974
505 713
505 807
505 983
505 1342
505 2941
506 732
506 771
506 2167
506 3047
506 4675
507 898
507 1774
507 2790
507 8450
508 643
508 1901
508 6070
508 7031
508 8525
509 2040
510 4915
511 1341
512 884
512 1575
512 1734
512 3166
512 5199
512 5543
513 754
513 1379
513 1882
513 3243
513 5422
514 928
514 1909
514 5323
515 1319
515 4623
515 5750
516 7477
516 8559
517 1519
517 3179
517 5871
518 682
519 875
519 3184
519 4575
519 5222
520 686
520 691
520 694
520 1141
520 2620
520 4552
522 1072
522 1318
522 2275
523 3919
523 6322
524 5145
524 6207
524 6624
524 7914
525 543
525 3043
526 8219
528 2262
528 3957
528 6419
528 6513
529 955
529 969
529 1051
529 2019
530 552
530 613
530 943
530 2016
530 8763
531 536
531 645
531 978
531 1330
531 2633
531 3725
531 4034
531 4525
532 748
532 7896
533 1223
533 2211
533 3059
533 3441
533 3878
533 6249
534 991
534 3674
535 5426
536 910
536 982
536 1134
536 5611
537 936
537 974
537 1722
537 6428
538 756
538 8300
538 8630
539 2639
540 791
540 946
540 1075
540 6873
541 699
541 5890
542 604
542 702
542 1031
542 1403
542 1556
542 1611
542 3784
542 4110
542 7219
542 8031
543 616
543 648
543 1503
543 1754
543 2198
543 5418
544 990
544 3974
544 4175
545 2669
545 4150
545 6266
546 1780
547 4949
548 3797
548 5246
548 8259
549 1302
549 1473
550 1101
550 3585
553 1529
554 582
554 7866
555 4330
555 5527
555 5793
555 7081
556 1744
556 5531
557 2260
557 6302
557 8876
558 6227
559 1725
559 3822
559 4403
560 568
560 1317
562 808
562 1475
562 2609
564 1375
564 5223
565 851
565 1194
565 2534
565 3599
566 1155
566 4689
567 1090
567 1333
567 5979
567 7602
568 2881
568 3354
569 867
569 4622
570 1724
570 2164
570 3747
571 1244
571 2069
572 908
572 1197
572 3568
572 7852
573 1454
573 1584
573 2926
574 606
574 685
574 1092
574 2963
574 3017
574 7745
575 922
575 2277
575 5688
575 6520
576 776
576 881
576 1323
576 3806
576 5122
577 3021
577 8418
578 1382
578 5458
578 7245
579 789
579 811
579 5967
580 3143
580 3188
580 3370
582 1452
582 2706
583 1772
584 609
584 913
584 4294
584 5040
584 7869
585 994
585 3163
585 5087
586 3944
586 4549
587 638
587 958
587 5112
588 4103
588 4540
589 2009
589 4167
589 5772
590 1105
590 5980
591 2995
591 6037
591 6149
591 7864
592 997
592 1420
592 1570
592 3172
592 4986
593 1394
593 5794
593 7781
594 3627
594 4448
595 1547
595 4535
595 4700
595 5652
596 1064
596 3805
597 1004
597 1241
597 4611
597 6748
598 1777
598 8643
599 1190
599 2395
599 3704
600 4404
601 3278
602 939
602 1163
602 1802
602 2219
603 652
603 5625
603 6464
603 6649
604 865
604 1280
604 6878
604 7975
605 617
605 683
605 949
605 2453
605 2634
605 2700
605 5816
606 635
606 839
606 2242
606 4396
607 627
607 4438
608 2018
608 2165
608 3706
609 1441
611 633
611 783
611 1980
611 8148
612 701
612 2693
613 704
613 706
613 1083
613 4233
613 4885
613 4932
613 5908
613 8671
614 1579
615 1350
615 2157
615 3913
615 8898
616 7584
617 1129
617 6575
617 6786
618 3207
618 3700
618 5354
618 7416
619 1063
619 6876
620 4737
621 1041
621 3594
621 6444
622 1305
622 4816
622 7355
623 677
623 716
623 1288
623 2232
623 3578
624 703
624 1912
624 2361
624 5392
624 5880
625 654
625 670
625 675
625 1929
625 8694
626 1469
626 5503
627 821
628 2209
628 2776
628 3840
628 7504
629 1158
629 2784
630 752
630 1438
630 2405
631 886
631 2187
631 4064
632 1326
632 1328
632 1510
632 2212
632 4422
632 8199
633 1335
633 7037
634 823
634 2455
634 2898
634 4666
634 8570
635 844
635 876
635 1103
635 1199
635 2326
636 2562
636 6877
637 781
637 1336
637 2170
637 2896
637 8919
638 1181
638 1759
638 4616
638 6199
639 962
639 1264
639 1778
639 3106
639 6601
640 986
640 1363
640 1467
640 1603
640 3212
640 5164
641 2256
642 1563
642 6071
642 7926
643 999
643 1471
643 2714
643 4537
644 3360
644 3838
645 2352
645 7471
646 2670
647 1899
647 2147
647 5782
647 6822
648 1578
648 5117
648 8532
649 1407
649 1720
649 4432
649 7043
650 961
650 2066
650 3294
650 6649
650 8024
651 828
651 1286
651 1700
651 2323
651 4712
652 3885
653 873
653 2498
653 6824
654 1217
654 2190
654 6503
655 834
655 916
656 1430
656 1752
656 4057
656 5111
657 2092
657 3074
657 3171
657 4331
657 4440
657 7455
658 673
658 1415
658 1911
658 5010
659 901
659 917
659 1983
659 4964
659 5097
660 2324
660 2448
660 2479
660 8581
662 1352
662 4461
663 758
663 3282
666 980
666 1829
666 2043
666 3359
667 1770
667 5939
668 967
668 5389
669 755
669 880
669 1408
669 1831
670 837
670 1048
670 5107
670 5843
671 796
671 802
671 1010
671 1114
671 1730
671 4445
672 923
672 6040
672 8034
673 2716
673 3411
673 7309
673 7733
674 1182
674 1214
674 1524
674 2305
674 4081
674 7290
675 764
675 2252
675 2751
675 4973
675 5476
676 2844
677 1178
677 1355
677 2617
677 5706
677 6694
678 1246
678 1826
678 2589
678 3242
678 3432
678 3593
679 779
679 1242
679 5397
680 777
680 3541
680 6485
681 1964
681 2316
681 3092
682 3127
683 794
684 921
684 2495
684 3262
684 4395
685 6065
686 1124
686 1866
686 6374
686 6479
687 2063
688 5470
689 1087
689 1260
689 2352
689 3459
690 7906
691 726
691 3782
691 6682
692 5313
692 6531
692 7166
693 1791
693 3124
693 7456
694 956
694 1327
695 730
695 860
695 1550
695 2434
695 2999
696 2243
697 1376
697 1925
697 3281
698 816
698 1287
698 4297
698 6408
699 2540
699 2943
699 8736
700 3022
700 5724
700 8347
701 887
701 1514
702 1152
704 1617
705 1213
705 5201
706 1020
706 1858
706 2203
706 6086
707 1037
707 1222
707 2761
707 7085
707 8696
708 1167
709 2021
710 4054
711 1123
711 2834
711 4008
712 739
712 1796
713 725
713 5308
713 6697
713 6840
714 891
715 1066
715 2781
715 2854
715 4628
715 6153
716 874
716 1009
716 4338
716 6849
718 1554
718 2663
719 924
719 1006
719 1764
719 1979
720 2358
720 2439
720 6682
720 7696
720 8057
721 872
721 899
721 5483
722 2150
722 5893
723 795
723 7073
723 8424
724 2585
724 2884
724 3265
724 3851
725 806
725 1968
725 2381
725 4004
726 822
726 1267
726 1383
727 1014
727 2339
727 2575
728 2079
728 2805
728 7965
728 8014
729 2337
729 4044
730 852
730 1130
730 1394
730 6688
731 951
731 2466
732 3153
733 7943
734 889
734 1411
734 3564
735 1558
735 2614
735 3597
736 2707
736 2977
736 3668
737 1683
737 1908
737 2122
738 2182
738 3097
738 3821
739 2050
739 3533
739 4405
740 1035
740 3907
741 744
741 1030
741 1047
741 2032
742 903
742 1185
742 1670
742 4186
742 4467
742 4787
743 1525
743 2954
743 4083
743 5290
744 3937
744 4135
745 1921
746 1713
746 3244
746 8310
747 1002
747 2651
748 4355
749 1785
749 2321
749 2936
749 6371
749 6764
750 1017
750 2569
750 2595
750 8030
751 1042
751 1144
752 1367
752 1999
752 6763
752 6791
753 1347
753 4957
753 5139
754 2273
754 6650
755 832
755 850
755 1068
755 3419
755 6801
756 1195
756 1663
756 2165
756 3604
756 4416
756 4426
756 6977
758 1108
758 1844
759 1049
760 1088
760 1576
760 3365
760 4466
761 1574
761 1751
761 2931
761 3345
762 769
762 1292
762 1371
763 3729
763 3946
764 1177
764 1690
764 1835
765 1107
765 1137
765 1608
765 1771
765 3182
765 6038
766 1747
766 2057
766 6810
766 7453
767 1884
767 3941
767 7811
768 7127
769 1176
769 1282
769 1402
769 3061
769 3138
769 3389
769 3855
769 7717
770 2616
770 6075
771 1613
771 3887
772 1281
772 4407
773 6411
773 7040
773 8917
774 1637
774 7708
775 1731
775 2654
776 1161
776 2401
776 5598
777 1132
777 1314
777 4109
778 2346
778 4475
779 1960
780 2037
780 2163
781 1695
781 1757
782 785
782 1012
782 5463
783 1368
783 1486
783 1851
783 1859
783 4196
783 8431
784 4350
784 5214
785 951
785 1641
785 3237
786 1143
786 3254
787 859
787 1127
787 1658
788 973
788 4543
789 2343
789 3473
789 5921
789 7877
790 1721
790 2177
790 4026
790 4989
790 7431
791 1062
791 2666
791 5534
792 793
792 1416
792 3943
793 934
793 1358
793 4554
793 6094
794 2635
794 7964
794 8472
796 984
796 2245
796 2813
797 3554
797 7422
799 1972
800 1298
800 4706
801 1099
802 2111
802 6887
802 8914
803 7849
804 1588
804 2094
805 1463
805 6222
805 7945
806 1746
806 2095
806 4541
806 4805
807 819
807 3222
807 6181
808 4329
808 6674
808 7274
809 1598
809 1600
809 3917
810 1599
810 3702
810 6686
812 7046
812 8066
813 1943
813 4987
813 7787
814 1612
814 4379
814 6454
815 892
815 5085
815 5462
815 6936
816 7323
816 7844
818 1018
818 1675
818 1763
818 2102
818 2867
818 6654
819 4763
820 4682
822 1405
822 3269
823 929
823 1026
823 4589
823 5011
823 5157
823 5645
824 4246
824 6953
824 8215
825 1164
825 5481
826 1516
826 3091
826 3109
826 6743
827 4409
828 4954
829 1050
829 1956
829 4279
829 7734
829 7740
830 1450
830 8438
831 1992
831 2189
831 4702
832 1106
832 1565
832 1742
833 1431
833 4739
834 1679
834 7165
834 8821
835 8314
836 847
836 1501
837 1452
837 3051
837 4056
838 2311
838 6834
839 3928
839 5778
840 2169
841 1548
842 2437
842 4546
842 4811
843 4032
844 2059
845 2549
845 3073
845 3202
845 5946
846 2054
847 1306
847 1597
847 3396
847 5549
848 1707
848 2158
848 2425
848 3374
848 6108
850 1847
850 5608
851 914
851 8908
852 1237
852 1459
852 2570
852 3583
852 8444
853 855
853 981
853 3893
853 4159
853 4197
853 4262
854 4782
855 5128
855 8394
855 8995
856 1447
856 1969
856 1984
856 2363
856 5160
857 1296
857 6390
858 1421
858 2581
859 3079
859 4376
859 8717
860 1994
860 3234
860 4242
860 5264
860 6315
860 7908
861 1227
861 2127
861 5721
861 8137
862 2336
862 3509
862 4345
862 5857
862 6354
863 1061
863 1107
863 1208
863 2550
864 1284
864 7079
865 1098
865 1832
865 4104
865 6202
865 7283
866 3342
866 7365
867 2640
867 6476
868 1978
868 2804
869 905
869 2763
870 4547
871 1432
871 4349
871 4447
871 4785
871 5366
872 2420
872 4848
873 1197
874 1077
874 5013
875 1491
875 2053
875 3169
875 5144
876 8399
877 950
877 1549
877 3023
878 1297
878 2668
879 2441
880 5156
880 7007
880 7844
881 3040
881 4134
882 3759
883 2591
883 3055
883 4144
884 2365
884 5256
885 1151
885 1275
885 1422
885 4288
886 1096
886 1365
886 1702
887 2536
887 3183
887 6263
887 8485
888 2697
888 5975
889 1059
890 6166
891 1256
891 1366
891 1989
892 1258
892 2138
892 2432
892 2694
892 2987
892 7606
893 1034
893 2812
893 3548
894 938
894 952
894 1025
894 2480
894 3200
895 4792
895 7770
896 2868
897 1257
897 2135
898 6306
899 2593
899 5994
900 4450
900 5421
900 5526
901 3110
901 4912
902 2026
902 5875
903 2108
903 2174
903 3562
903 3696
903 3926
903 8002
905 968
905 8767
906 7070
907 1399
907 2100
907 2118
907 2287
908 2078
908 2389
908 3827
908 4930
909 1786
909 3447
910 1715
910 4956
910 8698
911 2515
912 1996
912 3376
913 2313
913 5494
913 6746
914 1147
914 2091
914 2681
915 2230
915 3778
916 1888
916 3567
917 2421
917 2718
917 5333
917 5456
917 6184
918 3247
918 6425
918 6713
919 1836
919 2584
919 4609
920 6211
920 7660
920 8275
921 1423
921 6765
921 7531
922 1841
922 6018
923 1442
923 3616
924 1512
924 6436
925 4022
926 1184
926 2350
927 1732
927 8547
928 1058
928 3119
928 5355
929 1940
929 2842
929 4949
930 4147
931 2599
931 5598
931 5695
931 7865
933 6927
934 1094
934 4456
934 4636
935 8083
936 1150
936 1361
936 1553
936 2619
937 2717
937 2818
938 6416
939 1627
939 2378
940 1289
940 2156
940 7684
940 8738
941 1216
941 4498
941 5905
942 1205
942 1678
942 3015
943 1200
943 3815
944 1032
945 1470
945 6330
945 7826
946 2889
946 4031
946 5740
946 6456
947 1126
947 1353
947 1714
947 3653
947 6896
948 1458
948 2046
948 2408
949 1396
949 2828
949 5403
950 2178
950 2450
950 3303
950 8005
951 2056
951 5069
952 2656
953 3246
953 6735
953 8542
955 1102
955 1295
955 5021
955 7940
955 8999
956 2470
957 1166
957 3497
958 1426
958 4741
958 5866
958 6078
959 2038
960 1095
960 1180
960 1621
960 6400
960 7737
961 2097
962 3499
962 5639
964 1043
964 2236
964 4007
964 7773
965 1716
965 3875
965 5815
965 8541
966 1710
966 5415
967 6532
968 1120
968 1310
968 1388
968 1392
969 1545
969 4148
970 2103
971 2354
971 2909
971 2934
971 6420
971 8832
972 2012
972 3267
973 1085
973 4374
973 7765
974 1156
974 2141
974 5653
975 2246
975 2315
975 2879
975 5120
976 1169
976 2407
976 4085
977 1315
977 1706
977 2045
977 2214
977 4917
977 6137
978 1160
978 3390
978 4220
978 4363
978 6809
979 1273
979 1274
979 1541
979 1838
980 1487
980 2827
980 2850
982 1168
983 1000
983 1794
984 1546
985 3621
985 4101
985 4397
985 5957
986 7244
987 5237
988 2253
989 1810
989 3115
990 2058
991 3312
991 7396
991 7555
992 1128
992 5291
993 2394
993 3893
993 6630
993 7053
994 4527
994 8232
995 1065
995 1372
995 2047
995 2800
996 1954
996 4303
996 4536
996 8043
997 1008
997 1027
997 4566
997 7248
998 1139
1000 1661
1000 2104
1000 2871
1000 3344
1000 6392
1000 7968
1002 4417
1002 5175
1003 4535
1003 7216
1004 1907
1004 2137
1004 4812
1004 5414
1005 1104
1005 1478
1005 5158
1006 3405
1007 3252
1007 3968
1007 8202
1008 4659
1008 8203
1009 2367
1009 4842
1010 1279
1010 2382
1010 6191
1011 3248
1012 1290
1012 2208
1012 2370
1012 2409
1012 3727
1013 2153
1014 2113
1014 2593
1015 1596
1015 4039
1016 2605
1016 3255
1016 5847
1017 1209
1017 5511
1017 7292
1018 2927
1018 4051
1018 5238
1018 8377
1019 1543
1019 2579
1019 5819
1021 8306
1023 2578
1023 5920
1024 8380
1025 1055
1025 1496
1025 6744
1027 2204
1027 2588
1027 5297
1028 1437
1028 2223
1028 3113
1028 3950
1028 4942
1029 5601
1029 7850
1030 1057
1030 1704
1030 1892
1031 1843
1031 7845
1032 5872
1032 6218
1033 2241
1033 2887
1033 5032
1034 2646
1034 6064
1034 6140
1034 7037
1035 3049
1035 3151
1035 4900
1036 3257
1037 4099
1037 4973
1038 1429
1038 3844
1039 4139
1040 3352
1040 4487
1040 6127
1041 2140
1041 2822
1043 7962
1045 1277
1045 2404
1045 2674
1045 4521
1045 8987
1046 1154
1047 2428
1047 2532
1047 2660
1047 3733
1047 3837
1047 3988
1047 5008
1047 5342
1047 6709
1048 6067
1049 2067
1049 2369
1050 2457
1050 2642
1050 4767
1050 7235
1051 2512
1051 3302
1051 4871
1051 7267
1052 1905
1052 2947
1052 6688
1053 2293
1053 2796
1053 5827
1053 6969
1055 1775
1055 1895
1055 2217
1055 2356
1056 2542
1056 4669
1057 2851
1057 7319
1058 1353
1058 1610
1058 1674
1058 1902
1058 2507
1059 5025
1059 5102
1060 1173
1060 8098
1060 8432
1061 1081
1061 2792
1061 4604
1062 1325
1062 1500
1062 1745
1062 3289
1063 1121
1063 4520
1063 4801
1063 6055
1064 5374
1064 8350
1065 2015
1065 2341
1065 2901
1065 3019
1066 1809
1066 8318
1067 1839
1067 4188
1067 7247
1068 1157
1068 4097
1068 4200
1068 5804
1069 1187
1070 2433
1070 2538
1071 3735
1071 4686
1073 1218
1073 4254
1073 6700
1073 7808
1074 8375
1075 2748
1075 4138
1075 5509
1075 5535
1075 8331
1075 8357
1076 1110
1076 1640
1076 2430
1076 4711
1076 6771
1077 2664
1078 1097
1078 1440
1078 4981
1079 3550
1080 2218
1080 6335
1080 7973
1081 1322
1081 2048
1081 2314
1081 8381
1082 2496
1082 6059
1083 2074
1083 8994
1084 1138
1084 3866
1085 1583
1085 2093
1085 3304
1085 4565
1086 4761
1086 4902
1086 5644
1087 2196
1089 2990
1089 5449
1090 2462
1091 1425
1092 1390
1092 2878
1094 2371
1094 3147
1094 3825
1095 2984
1096 1149
1096 2484
1096 3980
1096 4590
1097 1948
1098 1688
1099 3426
1099 4313
1099 8028
1100 4241
1101 1253
1101 1430
1102 2158
1103 1117
1103 3308
1104 2487
1104 6753
1105 7177
1106 1609
1106 8478
1107 4113
1107 6088
1108 2471
1108 2580
1108 3480
1109 6362
1109 8510
1110 1255
1110 4720
1110 5887
1111 1443
1111 3886
1112 1906
1112 3100
1113 1760
1114 1393
1114 1947
1114 2239
1114 4995
1114 7171
1115 1540
1115 1842
1115 8609
1116 8091
1117 1221
1118 2119
1119 6523
1121 1236
1121 1781
1121 2563
1121 4435
1122 1153
1122 4537
1122 4551
1123 1150
1123 5781
1124 1495
1124 1601
1124 1705
1124 2969
1124 7549
1126 3535
1126 7024
1127 1648
1127 2638
1127 3490
1127 5396
1128 2041
1129 1234
1129 1391
1129 4749
1130 4052
1130 4232
1131 1338
1131 4066
1132 3440
1132 6039
1132 6859
1133 2166
1133 2695
1133 2809
1134 5715
1135 1645
1135 2118
1135 2124
1135 3321
1135 3814
1136 1172
1136 1339
1136 1654
1136 3039
1136 3048
1137 1239
1137 1533
1137 1726
1138 2089
1139 1246
1140 6129
1140 6916
1141 1370
1141 1418
1141 1776
1141 7953
1142 2364
1142 2380
1143 6438
1144 8952
1145 1343
1145 3398
1145 5148
1146 1204
1146 4457
1146 5704
1147 2088
1147 3890
1147 5361
1149 3372
1150 3609
1151 3949
1152 4019
1152 5901
1152 8116
1153 1604
1154 2084
1155 1380
1155 3761
1156 3748
1156 4731
1156 4804
1157 2624
1157 2645
1157 3882
1158 1638
1158 3155
1158 3477
1158 4898
1160 1718
1160 1762
1160 3740
1160 5174
1160 7296
1161 1356
1161 2582
1161 8298
1163 2779
1163 2801
1163 5242
1163 5777
1164 2417
1165 1266
1166 4332
1167 3187
1167 6330
1170 1175
1170 2247
1170 3561
1171 1299
1171 1868
1171 8858
1172 1864
1172 2509
1172 6087
1173 5992
1173 6979
1174 1660
1175 8041
1176 1191
1176 1384
1176 3468
1176 6410
1177 6770
1178 1898
1178 2349
1178 3325
1178 3377
1178 4260
1178 8545
1179 1431
1179 3154
1179 6831
1180 1398
1180 1535
1180 3835
1181 1303
1181 1834
1181 2915
1181 3161
1181 8121
1182 1413
1182 6677
1183 3435
1183 6177
1185 1924
1185 4111
1185 6280
1186 1277
1186 6084
1187 7155
1188 2522
1189 1192
1189 1449
1189 3407
1189 3450
1189 3753
1189 7115
1190 2864
1190 3316
1190 6843
1190 7012
1191 2762
1191 6858
1192 3416
1192 4174
1193 1435
1193 1991
1193 6570
1194 1364
1194 2574
1194 3734
1195 2007
1195 2636
1195 4155
1195 5863
1196 2139
1196 4346
1198 2447
1198 4437
1199 1620
1199 5820
1199 8529
1201 1460
1201 3228
1201 4075
1201 7667
1201 7950
1202 1331
1202 1568
1202 3720
1202 4239
1202 4944
1203 1634
1203 3751
1204 1224
1204 1283
1204 4486
1204 4790
1204 5113
1205 3829
1207 2250
1207 3407
1208 1494
1209 3737
1211 3442
1212 1250
1212 4419
1214 6718
1215 2201
1216 2042
1216 2445
1216 6903
1218 8113
1218 8922
1219 1225
1219 6703
1219 8208
1220 2175
1220 2454
1220 7654
1220 7941
1221 2372
1221 4469
1222 3191
1222 7868
1223 1559
1223 2970
1223 4154
1223 4427
1224 2688
1224 2930
1224 3306
1225 1243
1225 2338
1225 2744
1225 4530
1225 6350
1226 1445
1226 2297
1226 2996
1227 1387
1227 2130
1227 2269
1228 1965
1228 2830
1229 1412
1229 2506
1229 5636
1230 1767
1230 1799
1230 2284
1230 3989
1231 6171
1232 2427
1232 4888
1233 1963
1233 6250
1234 1903
1234 2481
1234 2641
1234 3433
1235 5002
1235 5514
1235 7142
1236 2431
1236 3955
1236 4198
1236 5789
1236 6949
1237 6626
1238 1493
1238 1703
1238 4358
1239 1395
1239 5701
1240 2025
1240 7019
1241 3128
1242 1566
1242 2391
1243 1662
1243 1667
1243 2222
1243 2721
1243 3874
1243 7262
1245 3429
1245 7167
1246 4569
1246 5927
1247 2384
1248 1986
1248 4970
1249 2121
1249 2629
1249 3133
1250 2183
1250 3062
1250 4098
1251 1562
1253 1532
1253 2962
1253 3853
1253 8810
1254 2344
1254 2908
1255 2704
1255 6073
1255 7313
1255 7907
1256 1329
1256 3225
1256 4462
1256 6234
1257 4838
1258 1272
1259 1446
1260 1311
1260 4927
1260 5038
1260 8250
1262 5567
1262 6245
1263 6061
1264 5841
1265 1326
1265 1580
1265 1685
1265 2199
1266 1455
1266 1938
1266 3962
1267 2583
1267 3232
1267 5512
1268 4115
1269 1359
1269 2917
1271 3521
1272 1737
1272 3145
1272 4214
1272 4867
1273 1708
1273 3876
1273 4784
1273 5544
1275 2388
1275 3320
1276 3770
1277 2205
1277 2473
1277 2841
1277 5674
1277 6720
1278 1291
1278 1894
1278 1941
1278 5017
1279 1485
1280 5956
1281 4306
1281 6995
1282 2180
1282 5773
1283 1818
1284 7325
1285 1976
1285 3050
1285 4587
1285 4681
1285 7060
1286 4382
1286 5852
1286 6888
1286 8122
1287 1709
1287 2101
1287 2270
1287 3612
1287 3947
1288 1622
1288 1758
1288 4353
1289 2685
1289 8155
1290 1293
1290 8348
1291 4050
1292 1805
1292 2325
1292 3764
1293 1861
1293 2696
1293 3788
1293 3889
1293 5644
1293 6398
1293 7448
1293 7996
1294 1427
1295 2206
1295 2940
1295 4691
1296 1701
1296 2004
1296 2154
1296 3141
1296 7535
1297 2385
1298 1527
1298 3698
1298 5130
1299 1518
1299 1723
1299 6499
1300 4038
1301 1958
1302 1484
1302 4326
1302 7878
1303 1348
1304 4215
1304 5520
1304 8785
1305 5118
1307 2100
1308 1417
1308 2295
1308 4271
1309 5792
1310 1513
1310 7515
1311 1337
1311 1551
1311 3080
1313 2282
1313 3122
1313 6169
1314 3834
1314 8842
1315 2340
1315 4294
1315 7201
1317 1856
1317 3750
1318 3709
1318 4381
1318 5091
1318 5681
1319 2458
1319 4093
1319 4948
1319 5923
1320 1823
1320 4646
1320 6081
1321 8887
1322 2317
1322 8287
1322 8902
1323 8841
1324 2810
1324 3043
1325 2839
1325 4514
1326 7939
1327 6690
1327 7034
1328 1855
1328 4586
1328 5533
1328 7172
1329 2055
1329 2465
1330 3140
1330 6661
1331 1386
1333 1655
1333 1681
1333 2294
1333 6927
1334 1931
1334 2992
1334 4500
1336 2687
1336 3935
1336 6470
1337 2159
1337 3090
1338 2133
1338 2637
1339 1664
1339 1913
1341 1666
1341 7058
1341 7573
1342 1890
1342 1918
1342 2330
1342 6935
1343 1509
1344 1590
1344 2459
1344 7047
1345 5153
1346 1783
1346 1937
1346 5166
1347 1511
1347 8844
1348 2176
1350 3020
1350 4443
1350 6622
1350 6976
1350 7524
1351 1653
1352 3483
1352 8556
1353 4295
1355 1542
1355 4053
1355 4652
1356 3543
1359 4808
1360 5612
1360 5732
1360 6101
1360 6814
1361 1489
1361 3253
1362 8290
1363 1966
1364 5431
1365 3251
1365 7502
1366 2443
1366 4091
1366 6665
1367 5259
1368 3218
1368 5224
1368 6445
1369 2806
1369 3510
1369 6779
1370 1878
1370 2353
1370 3931
1370 4209
1370 5965
1370 8843
1371 1481
1371 5226
1372 1698
1373 1743
1373 8320
1373 8788
1374 3099
1374 5900
1375 4078
1375 4534
1376 2775
1376 4738
1377 3843
1378 1766
1378 4424
1379 2225
1379 3877
1379 6508
1380 2105
1380 2276
1380 3743
1380 5114
1380 6494
1381 2525
1381 4528
1381 7578
1381 8075
1382 1840
1382 3956
1382 4253
1383 1531
1383 3044
1384 5774
1385 2110
1385 2693
1386 3310
1386 4997
1387 4684
1387 5472
1387 6617
1388 8979
1389 3921
1391 1749
1391 6020
1391 6636
1392 8639
1394 4596
1394 5810
1395 1439
1395 1863
1395 2997
1397 1483
1397 2840
1397 3396
1397 4421
1397 4719
1398 1410
1398 1820
1398 2546
1398 2771
1398 3938
1398 4562
1399 2847
1400 1433
1401 1539
1401 5277
1402 2233
1402 4850
1402 5344
1404 1813
1404 6995
1404 7417
1405 1461
1405 1750
1405 3076
1405 6433
1407 2014
1408 1538
1408 2503
1408 6974
1409 8866
1410 2586
1410 8222
1411 1636
1412 5638
1412 7569
1413 1552
1414 1505
1414 2547
1414 5131
1415 6128
1416 1659
1416 3196
1416 4692
1416 5694
1417 4708
1417 8361
1418 1769
1418 2500
1418 2556
1418 2875
1418 8584
1419 2679
1419 2729
1419 8365
1420 5790
1421 1736
1422 1797
1422 1955
1422 6150
1423 1877
1423 3379
1423 4094
1424 5683
1425 2485
1425 6630
1426 4985
1428 1798
1428 2114
1429 1436
1429 4369
1429 8932
1431 6397
1432 1717
1432 2022
1432 5371
1433 4178
1433 6867
1433 7800
1433 7852
1434 5362
1435 1896
1436 2202
1436 3803
1437 2610
1437 4259
1438 1816
1438 2783
1439 1451
1440 6475
1441 1466
1441 4096
1442 2568
1443 2456
1443 5605
1443 7754
1444 3128
1444 4276
1444 8849
1445 2319
1446 3471
1446 5735
1447 2181
1447 5941
1447 7388
1448 2478
1448 2853
1448 2966
1448 5526
1448 5600
1449 1917
1449 2846
1449 4281
1449 6983
1449 7619
1449 8142
1450 2722
1450 8701
1452 3399
1452 8926
1453 6469
1454 5272
1455 4891
1455 4947
1455 5780
1455 7842
1455 8332
1456 4000
1456 5147
1456 7935
1457 1873
1457 2920
1458 3383
1458 3832
1458 4270
1459 5709
1459 5899
1459 6760
1459 8251
1461 7207
1461 8465
1462 2171
1462 7529
1462 8991
1463 3762
1463 4969
1464 2746
1464 3016
1465 1569
1466 3111
1466 4394
1467 3002
1469 1515
1469 4919
1469 7332
1469 7705
1471 1973
1471 3952
1472 4226
1472 6429
1473 3021
1473 3323
1473 5465
1474 2255
1474 2359
1474 5431
1476 3635
1476 4142
1476 6279
1477 7434
1478 3131
1478 6629
1479 1633
1480 1572
1480 1874
1480 5705
1481 4894
1481 7157
1482 1977
1483 1860
1483 2798
1484 1557
1484 2492
1485 2935
1485 3891
1485 5718
1486 6320
1487 8821
1488 3729
1488 5620
1489 1614
1490 3511
1490 4872
1491 3391
1491 6638
1492 3664
1492 5635
1493 2011
1493 2745
1493 2769
1493 3126
1493 4823
1493 4900
1494 1615
1494 2529
1495 3755
1495 4340
1495 6951
1496 3011
1496 4854
1498 2161
1498 4524
1499 2413
1499 3420
1499 4762
1501 3150
1501 3758
1501 5202
1502 1605
1502 8114
1503 4705
1504 7785
1505 2397
1505 3424
1505 8539
1506 6860
1507 4169
1508 2582
1509 2625
1509 4518
1509 6298
1510 3646
1510 4740
1510 5632
1512 2560
1512 7320
1512 8182
1512 8421
1512 8753
1513 4372
1514 2318
1514 2740
1514 5924
1515 2962
1515 6035
1515 8750
1516 1939
1517 2672
1517 6864
1517 8032
1518 8237
1520 1952
1520 2149
1520 2655
1521 3046
1521 3466
1521 4151
1522 3288
1522 8684
1523 3881
1523 4962
1524 1858
1525 1768
1525 4184
1525 5877
1526 1891
1527 1651
1529 4852
1529 7755
1530 1822
1530 2308
1531 2831
1532 2017
1532 7922
1533 5487
1533 6256
1534 1582
1534 1606
1534 3982
1534 4308
1535 1583
1535 1872
1535 3137
1535 7405
1535 7711
1536 8362
1537 1951
1537 4140
1537 8335
1539 1561
1539 3804
1539 5121
1540 6327
1541 3852
1541 6051
1542 5736
1542 8416
1543 6863
1543 8671
1544 1814
1544 4079
1545 1739
1546 4882
1547 4752
1548 3683
1549 2424
1549 8430
1550 1594
1550 3434
1551 2383
1551 2615
1551 3108
1552 2086
1552 4563
1552 5387
1552 5407
1552 5836
1552 6194
1553 4398
1553 5292
1553 5983
1553 6478
1555 1619
1556 1788
1556 2001
1556 3427
1557 1846
1557 2824
1557 2976
1557 4666
1557 5436
1558 1886
1558 7352
1558 8795
1559 1616
1559 1915
1559 3783
1560 2065
1560 2618
1561 2725
1561 2861
1561 3894
1561 3900
1561 4680
1561 4765
1561 7618
1562 2759
1562 5808
1563 2419
1563 2698
1564 1738
1564 2929
1564 3035
1564 3314
1564 6509
1565 4667
1566 1577
1566 2564
1566 5144
1566 5940
1567 2039
1567 3863
1567 7492
1568 4593
1568 5378
1569 3613
1570 2418
1570 5319
1570 8612
1571 2489
1571 4756
1571 7324
1572 3575
1572 4603
1572 7152
1572 8291
1572 8566
1573 2003
1573 3328
1573 8285
1574 4908
1575 1756
1575 2699
1575 5477
1577 1800
1577 3286
1577 8524
1579 2561
1579 2907
1580 1689
1582 5915
1582 6613
1582 8964
1583 1650
1583 3676
1585 4468
1585 7825
1586 3944
1587 2013
1587 3789
1588 4020
1589 8214
1590 1632
1590 3152
1591 2905
1593 2922
1594 3123
1594 3452
1594 3453
1594 6010
1594 8745
1595 2468
1595 5105
1596 2846
1596 5088
1597 1790
1598 3190
1598 4285
1599 8406
1600 1765
1600 5556
1601 7750
1602 2271
1602 5589
1602 8488
1603 2902
1604 4251
1605 3965
1605 6778
1606 2463
1607 1957
1607 2756
1607 6333
1608 1923
1608 3408
1608 6701
1609 4567
1611 3029
1611 7474
1612 4588
1613 4819
1613 6244
1614 1817
1614 2967
1615 5230
1616 7419
1617 2006
1617 3064
1617 3723
1617 8939
1618 1919
1618 2228
1619 4113
1620 1945
1621 2399
1623 2486
1623 3266
1623 4023
1623 4189
1623 4795
1623 5505
1624 7484
1625 3203
1625 4047
1625 4071
1625 4249
1625 4926
1625 5731
1627 2279
1627 5791
1628 1753
1628 2322
1629 4655
1630 2120
1631 3738
1632 2240
1633 1748
1633 2823
1633 3415
1633 6237
1633 7986
1634 6119
1635 1770
1635 2773
1637 2028
1637 7784
1639 3324
1639 8601
1640 2755
1641 2519
1641 4344
1642 8498
1644 3467
1644 4394
1645 1889
1645 2398
1646 1849
1646 1928
1646 6044
1647 1961
1648 7307
1648 7449
1649 1985
1649 4626
1650 1904
1650 2906
1651 5991
1651 6628
1652 2265
1652 6208
1652 8092
1653 5446
1654 2123
1655 1711
1655 5351
1657 2648
1657 3211
1658 1811
1658 3615
1658 4192
1659 3134
1659 3765
1660 6000
1661 5557
1662 8744
1663 2357
1663 4775
1663 7020
1664 3430
1665 3666
1665 6865
1665 7169
1666 2288
1666 3482
1666 7315
1667 3981
1667 8443
1669 8168
1671 4321
1672 5274
1674 3496
1674 5359
1674 7205
1675 2928
1675 5199
1675 6959
1675 7739
1676 5486
1676 8577
1677 5092
1678 1727
1678 6844
1679 2427
1679 2808
1679 3871
1679 5368
1679 6109
1679 8146
1681 2344
1681 3229
1682 3272
1683 7414
1684 6981
1686 3679
1687 3292
1688 2207
1688 8027
1689 6165
1689 7241
1689 8177
1690 5643
1690 6008
1690 6146
1691 2464
1691 4491
1692 1914
1692 2000
1692 7114
1693 6161
1693 7348
1694 2268
1694 7521
1695 2508
1696 5197
1697 1773
1697 5616
1697 8426
1698 4835
1698 5882
1699 1975
1699 3590
1700 1719
1700 5761
1700 8089
1701 2125
1702 6458
1703 5831
1703 6042
1704 6014
1704 6669
1704 7886
1706 2596
1706 3929
1706 4002
1707 3413
1707 3807
1707 4506
1708 2982
1708 5558
1709 2964
1709 4869
1710 6703
1710 6948
1710 7759
1711 3195
1711 7392
1711 7981
1712 2276
1712 3558
1712 4250
1713 1833
1713 5022
1715 2971
1715 5390
1716 8240
1717 2148
1717 6260
1718 4059
1718 5304
1719 3757
1721 4371
1722 2750
1722 8363
1723 1729
1723 7576
1723 8359
1725 2598
1725 5977
1726 3817
1726 5627
1726 6037
1726 6535
1727 2587
1727 2680
1727 4511
1728 2411
1728 3819
1728 5859
1730 7260
1730 8973
1731 2903
1731 5648
1732 1808
1732 3799
1733 2044
1733 2787
1733 5149
1733 7041
1733 7695
1733 8227
1734 1967
1734 4564
1735 1792
1735 2387
1735 3214
1736 1821
1737 2571
1737 4809
1738 4748
1739 2129
1739 2143
1740 4585
1740 6316
1740 6684
1741 2008
1742 2093
1742 8181
1743 2355
1743 4318
1743 4418
1743 5027
1743 5154
1743 8281
1744 1804
1745 3379
1745 7335
1746 2526
1746 4385
1746 7103
1747 2830
1748 2876
1748 3227
1749 6921
1749 7963
1750 3367
1750 6747
1751 3773
1751 6057
1752 5672
1754 8984
1755 2320
1755 3354
1755 7516
1756 2965
1756 5572
1756 6893
1757 3954
1758 1936
1759 2467
1759 3498
1759 5668
1761 2460
1761 2557
1761 5083
1762 1953
1763 2213
1763 8011
1763 8220
1765 1830
1765 1900
1765 4673
1766 3551
1768 2879
1768 4089
1769 2033
1769 5997
1771 5218
1772 2192
1772 6356
1772 8555
1773 8726
1774 1880
1774 3223
1774 4345
1775 3042
1775 5208
1778 2632
1778 6463
1779 2545
1779 4069
1780 2491
1780 6569
1781 5009
1783 3977
1784 6515
1785 1982
1785 3841
1785 4143
1785 4911
1785 7122
1785 7589
1786 5209
1787 4334
1787 4632
1787 8467
1788 6193
1790 7634
1791 8194
1792 2027
1792 2333
1792 2766
1792 5934
1792 6341
1793 4193
1793 4410
1793 8746
1794 2307
1794 4495
1794 6129
1796 3185
1797 2816
1797 3224
1798 1950
1798 3003
1798 3930
1798 4289
1798 4310
1799 2237
1799 3619
1799 3645
1799 4747
1799 8573
1800 1876
1800 2036
1801 6416
1801 8112
1802 2767
1803 2852
1803 5497
1804 5969
1805 7004
1807 1857
1808 3121
1809 2005
1810 3493
1811 3219
1811 5993
1813 2283
1813 5159
1814 1910
1814 1922
1814 2379
1814 6731
1815 3409
1816 2955
1816 4431
1816 7311
1817 4553
1817 5837
1818 4481
1818 6013
1818 7153
1818 7432
1819 4268
1819 4558
1819 7368
1820 4277
1821 4907
1822 2194
1822 2220
1822 3842
1822 6384
1823 2783
1823 8514
1824 1903
1824 2684
1824 2890
1824 8667
1825 3277
1826 3640
1826 4941
1827 2715
1827 5273
1827 7462
1829 4640
1830 6303
1830 8492
1831 3009
1831 4933
1831 6769
1833 3030
1834 2185
1834 4473
1835 2977
1835 4016
1836 5380
1837 3637
1837 3940
1838 8626
1839 2517
1839 3057
1840 2132
1841 2152
1841 5676
1842 2010
1842 5995
1843 2882
1843 3527
1844 4773
1844 6258
1844 7807
1845 2392
1845 2702
1845 3225
1846 2215
1846 4770
1847 2627
1847 2866
1847 5266
1848 6943
1848 7816
1849 3337
1849 4761
1849 6141
1850 7682
1853 2154
1855 5704
1855 5998
1857 7270
1858 6983
1859 2832
1861 4615
1862 2675
1863 2329
1863 3656
1864 4780
1864 6156
1864 7640
1865 6904
1865 7716
1866 4879
1866 6530
1867 4149
1867 6855
1870 2049
1870 2572
1870 3065
1870 3958
1870 6587
1870 7693
1871 6803
1871 8460
1873 4207
1873 8886
1874 5019
1875 7561
1877 4631
1877 7170
1878 3041
1879 5221
1879 5437
1880 2802
1880 3918
1880 6377
1881 5703
1882 2366
1882 6845
1883 2994
1883 3505
1883 7927
1884 2291
1884 2348
1885 2740
1885 6635
1886 2128
1886 2281
1886 3651
1886 3767
1887 4042
1888 3086
1889 8945
1890 2077
1891 2662
1891 7624
1892 2747
1893 6783
1894 4499
1894 6537
1895 6022
1895 6693
1897 6710
1898 6340
1898 7662
1899 4416
1899 4688
1899 4909
1899 4971
1900 1993
1900 2559
1901 2621
1902 4695
1902 4918
1903 4102
1905 3455
1905 6198
1905 6455
1905 7226
1906 7138
1907 2739
1907 8978
1908 2786
1908 4818
1908 6440
1908 7888
1909 4343
1909 7804
1910 1949
1910 4766
1910 6861
1910 8128
1911 2146
1911 4206
1911 5599
1912 2917
1913 2446
1913 3547
1913 6718
1914 3439
1915 3640
1916 6009
1916 8266
1916 8658
1919 2733
1919 8036
1921 4364
1921 8964
1923 2261
1923 3489
1923 4357
1923 6247
1925 2231
1925 4012
1925 6045
1925 7105
1926 1987
1927 2193
1927 3697
1928 7286
1929 5409
1929 6586
1932 2653
1932 3388
1932 3985
1934 4055
1934 4662
1937 2461
1937 5090
1938 2778
1938 3960
1938 3999
1938 5298
1938 8289
1939 5258
1939 7175
1939 8140
1941 2168
1942 5353
1942 5985
1942 6740
1943 6192
1943 8345
1944 2873
1945 6667
1947 2501
1947 4160
1947 5020
1949 3157
1950 3054
1950 4840
1951 6309
1952 3560
1952 4296
1953 6581
1953 6982
1954 6031
1954 6832
1955 7815
1956 2300
1956 4913
1957 2477
1957 8254
1958 2483
1958 5913
1958 7028
1959 3684
1959 5535
1961 8263
1962 3271
1962 3634
1963 2335
1963 3892
1963 5080
1964 2060
1964 2412
1964 5688
1965 5992
1966 4877
1966 7541
1967 6533
1968 2932
1969 3775
1969 7554
1970 2076
1970 2727
1970 5060
1970 5235
1971 2052
1971 4043
1971 4538
1971 5583
1971 6258
1972 5488
1974 2904
1974 5601
1975 4690
1976 4858
1976 7017
1977 3125
1977 3897
1978 6916
1979 4119
1979 6132
1980 2848
1981 3503
1981 5190
1981 6393
1982 2402
1982 3000
1982 5442
1982 6607
1982 6623
1983 6401
1983 7593
1984 2310
1985 2107
1985 6970
1986 3094
1986 4283
1987 2249
1988 2142
1988 8363
1989 8970
1991 2731
1991 4844
1991 6633
1994 3605
1994 8878
1996 2264
1996 6914
1997 2544
1997 2959
1997 3577
1997 4257
1997 4454
1997 5266
1997 5853
1998 3549
1999 2334
1999 3901
2000 2650
2000 2723
2000 4370
2002 4116
2002 8072
2003 2377
2003 2944
2003 5523
2003 5776
2004 2263
2004 4531
2004 6922
2005 2683
2006 6733
2006 6977
2007 2732
2008 3523
2008 3781
2008 6253
2009 2912
2009 3241
2009 7756
2010 5434
2011 5566
2012 3300
2013 2539
2014 8182
2015 3728
2015 6883
2016 3085
2017 3067
2017 3068
2017 3850
2018 2274
2018 2290
2018 7357
2019 8725
2020 8167
2021 2328
2021 5854
2021 7872
2021 8757
2022 6482
2023 7663
2024 5324
2024 6296
2024 6366
2025 2452
2025 2865
2025 5471
2025 7074
2025 8474
2026 2087
2026 3896
2027 4707
2027 5493
2028 5406
2029 3287
2030 3338
2030 5129
2031 3165
2031 4045
2031 6624
2032 3746
2032 7830
2033 7649
2034 2531
2034 2952
2034 3793
2035 3522
2036 3814
2038 6326
2043 2062
2043 3392
2043 5116
2043 5753
2043 6675
2044 3209
2044 6189
2045 3581
2045 6541
2046 2221
2046 6336
2047 2257
2047 5035
2048 2475
2048 3319
2048 3768
2048 3998
2048 6016
2050 2081
2050 2396
2051 7318
2052 2312
2054 4065
2054 4721
2055 2885
2055 2988
2056 3740
2056 6442
2057 5809
2057 7468
2058 3116
2059 3630
2060 6324
2061 6123
2062 4046
2062 6905
2062 7786
2063 3932
2063 4954
2064 2227
2064 2960
2064 3369
2064 5547
2065 6172
2066 2630
2067 6281
2069 3847
2070 2235
2070 3520
2071 5181
2072 2083
2072 2144
2072 2611
2072 5801
2072 8779
2073 5821
2073 8000
2073 8829
2074 5281
2075 5015
2075 5430
2076 6615
2078 2701
2078 4460
2078 4581
2078 7942
2078 8022
2078 8085
2079 2754
2080 4322
2080 5485
2080 5581
2082 2520
2082 3856
2083 2112
2083 2811
2084 3703
2084 6424
2084 8787
2085 7095
2086 2817
2086 3177
2087 5003
2088 2096
2088 3724
2088 6631
2089 3070
2090 4699
2091 5804
2092 3382
2092 6429
2093 3402
2094 2537
2095 7313
2096 2248
2096 4107
2096 6820
2096 8879
2097 7261
2098 6027
2099 6337
2099 6346
2100 2272
2101 2327
2101 2724
2101 3846
2102 4195
2104 2815
2105 2368
2105 2855
2105 3270
2105 4508
2106 5345
2106 6264
2107 3031
2107 6956
2108 3692
2108 3694
2108 6338
2109 3486
2109 5845
2111 8351
2112 3698
2112 8480
2113 5829
2114 3311
2114 6269
2115 2502
2115 2973
2115 3622
2115 3638
2115 7691
2117 3093
2117 3336
2117 3633
2117 3936
2118 2553
2118 2713
2118 6599
2120 2819
2120 3142
2120 5633
2121 3017
2121 4199
2122 6468
2123 2933
2123 3602
2123 4290
2124 4275
2124 4730
2125 2126
2126 2162
2126 5454
2126 7279
2126 7317
2127 2155
2127 2849
2127 5169
2129 2505
2129 5768
2132 6427
2132 7647
2133 4908
2133 5560
2134 2764
2134 8087
2135 2692
2135 2886
2136 2266
2136 4526
2137 2749
2137 4799
2138 2229
2140 2497
2140 4788
2141 3168
2141 3368
2141 5797
2142 2708
2142 4143
2143 3693
2145 5417
2145 6069
2147 3263
2147 3421
2148 3458
2149 7288
2150 2895
2151 2958
2151 4542
2152 2244
2152 8808
2154 3689
2154 6242
2155 3529
2155 6497
2156 4182
2156 5342
2156 7957
2157 3515
2157 6824
2158 3538
2159 2780
2161 2600
2161 3580
2161 5332
2161 5572
2163 4083
2163 5539
2163 6399
2164 2826
2165 2331
2165 2673
2165 8449
2166 4914
2166 7604
2168 5550
2168 7025
2168 7552
2168 8379
2169 4360
2169 5479
2170 5490
2171 3136
2171 8938
2172 7300
2172 8966
2173 3288
2173 4963
2173 5048
2174 2925
2174 4769
2177 3107
2177 4273
2178 2914
2178 6591
2180 2493
2180 3660
2181 3526
2182 2451
2182 2533
2183 5221
2183 7146
2184 7817
2184 7993
2185 2652
2185 3778
2185 4180
2185 7969
2185 8493
2186 3299
2186 3461
2189 2301
2190 6421
2190 6758
2190 8050
2191 4608
2191 7566
2192 8446
2193 7494
2194 2768
2194 2961
2194 3103
2195 2216
2196 5278
2196 5356
2196 5532
2197 5451
2199 3868
2200 5955
2200 8244
2200 8662
2202 2299
2202 4236
2202 6236
2204 5019
2206 2332
2206 3457
2206 3675
2206 6295
2207 2476
2207 2765
2207 3298
2207 3776
2208 2376
2208 2608
2208 7347
2209 3963
2209 6466
2210 6514
2212 5508
2212 6017
2212 6912
2213 4361
2213 6643
2215 3691
2216 4302
2217 7676
2218 3995
2221 3507
2221 5834
2221 7726
2222 3556
2223 3576
2224 3629
2226 5764
2227 4310
2227 5542
2228 4463
2229 6721
2229 7983
2230 2390
2231 5243
2231 6015
2232 4587
2232 5917
2236 3377
2236 4202
2238 7271
2239 2601
2239 7178
2242 3722
2243 3591
2243 3910
2244 3878
2244 5139
2246 3363
2246 8064
2247 2872
2247 3671
2248 7033
2249 7042
2250 4960
2252 6957
2253 2400
2254 7776
2255 3685
2255 8062
2256 3341
2256 7333
2258 4472
2259 4328
2260 3555
2260 8707
2261 3380
2261 3752
2261 4496
2261 8021
2262 3102
2262 3879
2262 8258
2262 8316
2263 3198
2263 6386
2264 4348
2265 3063
2265 4815
2266 6984
2267 2957
2268 6472
2268 6961
2269 2306
2269 2856
2269 3657
2272 2565
2272 3462
2273 2429
2274 3908
2274 4358
2275 2649
2275 8458
2276 2296
2276 3083
2277 2752
2277 3014
2277 5475
2277 6973
2279 3013
2280 4965
2281 3139
2281 5320
2281 8930
2283 2710
2284 8891
2286 2535
2286 5082
2286 7031
2286 7673
2287 2876
2287 3454
2287 6911
2288 4218
2288 7195
2289 4213
2290 4714
2291 2345
2291 4665
2291 5964
2291 6518
2292 2469
2292 3505
2292 4713
2292 4742
2292 5367
2292 6869
2293 2422
2294 3404
2294 5142
2296 4243
2297 3274
2297 4617
2298 2858
2299 3232
2299 6405
2300 4117
2301 4572
2301 7769
2301 8145
2301 8683
2302 2892
2302 8228
2303 4493
2304 4420
2304 7531
2305 3315
2305 4637
2306 2788
2306 5233
2307 4847
2310 3414
2313 5984
2315 3201
2315 3721
2316 8574
2318 2862
2318 3744
2318 5070
2320 5709
2322 3572
2323 2833
2323 3618
2323 8758
2324 3990
2324 4988
2325 2351
2327 2602
2327 3818
2327 5456
2329 2945
2329 3135
2329 3343
2329 3649
2330 2415
2330 7343
2331 2757
2332 3540
2333 3296
2334 2597
2335 2607
2336 3095
2337 4959
2338 3979
2338 6255
2339 2566
2339 3601
2340 8339
2341 3215
2341 4255
2341 4459
2342 4830
2343 3117
2343 8012
2345 3491
2346 3767
2346 4921
2346 6891
2351 2709
2351 4149
2351 6619
2352 4592
2352 8008
2354 2742
2354 3563
2354 6332
2355 3988
2356 3096
2357 4347
2358 2375
2358 4621
2360 2555
2360 5734
2361 6317
2361 7232
2364 3546
2365 2438
2365 2986
2365 6151
2366 3864
2367 8942
2368 4488
2368 5207
2368 6936
2369 3365
2369 3406
2369 3641
2369 3736
2370 6158
2370 8386
2371 3576
2372 3331
2372 4465
2372 4940
2373 2551
2373 7484
2374 2657
2375 2836
2375 3220
2375 7133
2376 2603
2376 4708
2377 8704
2379 7045
2380 4602
2380 5023
2380 6710
2380 7353
2381 4037
2382 3170
2382 6806
2383 2523
2383 3914
2383 4814
2383 4829
2383 8586
2384 2416
2384 2552
2385 3259
2385 7636
2387 5177
2388 3673
2389 2919
2390 2720
2390 4679
2390 6828
2392 6823
2393 3872
2394 8713
2395 3362
2395 6010
2396 4230
2397 2689
2397 3913
2397 6159
2398 2949
2398 5689
2399 2472
2400 4522
2403 3105
2403 4247
2403 6529
2403 7913
2406 2499
2406 7871
2407 4890
2407 8723
2408 5443
2408 5563
2409 3644
2409 6768
2410 2789
2410 3718
2412 3912
2413 6505
2414 3027
2414 3574
2415 3007
2415 3276
2415 3357
2416 2938
2416 6358
2416 7229
2417 3401
2418 5807
2419 4365
2419 5711
2419 8056
2420 8830
2423 5798
2423 7637
2425 2829
2426 5480
2426 5898
2426 8321
2428 3889
2428 5398
2429 8475
2430 5496
2431 5171
2434 4161
2435 2494
2435 8865
2436 3181
2437 4806
2438 2592
2438 6830
2439 6616
2439 8719
2442 2543
2443 5405
2444 4674
2444 6195
2447 4633
2447 4729
2448 2558
2448 6385
2450 5962
2450 7440
2451 6938
2452 7053
2453 3422
2453 4720
2454 2736
2454 3467
2454 8528
2455 3688
2455 4817
2456 4360
2457 7305
2458 6979
2458 7015
2459 5327
2459 7109
2459 8102
2461 2937
2463 3384
2463 7183
2464 5619
2465 5980
2465 6246
2465 6717
2466 2557
2466 3798
2466 5670
2467 3589
2468 2911
2471 3066
2475 2989
2475 4687
2475 6403
2475 6499
2476 3626
2478 3796
2480 5787
2480 5828
2480 7585
2480 8356
2481 2524
2482 3410
2482 5346
2482 6130
2482 6821
2483 3425
2483 5331
2483 7322
2484 3582
2485 2530
2485 5047
2487 7838
2488 2682
2488 8755
2489 3245
2491 2511
2491 3012
2492 4494
2493 4683
2493 5000
2494 3164
2494 8071
2495 5042
2496 2970
2496 4544
2496 7039
2497 6370
2498 2504
2498 2794
2501 2741
2501 4833
2501 5832
2502 5325
2503 4165
2503 4831
2503 5458
2503 6756
2504 7699
2505 3654
2505 5245
2505 7794
2506 2829
2506 3669
2508 2979
2509 7653
2510 5629
2510 6110
2511 3025
2512 5230
2512 7397
2513 2606
2513 4607
2513 5546
2513 5673
2514 2548
2514 2665
2514 6992
2518 4920
2520 2939
2520 7601
2520 8666
2521 4863
2521 6271
2522 2644
2522 3418
2522 5108
2522 7628
2523 3465
2523 4750
2523 5478
2523 5898
2523 6413
2523 8931
2526 4341
2527 4594
2527 6177
2528 3933
2528 4549
2531 3769
2531 6272
2531 8813
2531 8827
2532 3283
2532 3516
2533 2643
2533 6322
2536 7860
2537 2993
2537 7466
2538 2835
2538 4715
2542 3226
2543 3186
2544 3873
2544 5340
2545 6966
2546 2591
2546 2897
2546 8737
2547 4821
2548 2793
2548 3610
2548 3905
2548 4698
2549 2916
2550 2799
2550 5137
2551 3701
2553 2730
2554 2590
2554 2883
2554 4286
2554 8928
2555 2594
2555 3623
2556 7470
2557 4698
2557 5617
2557 6043
2557 7305
2557 7661
2560 5284
2561 3038
2561 3129
2561 4152
2561 6920
2562 8580
2563 5195
2564 3880
2566 3611
2566 7837
2568 6006
2570 3082
2570 5698
2572 3088
2573 3517
2573 7848
2574 2734
2574 3167
2574 5279
2575 3811
2575 8752
2577 3833
2577 6527
2580 5537
2581 2838
2581 3149
2581 3217
2583 5006
2584 3732
2584 4668
2585 3797
2586 3010
2586 7876
2587 5849
2587 7820
2588 5347
2590 4722
2591 6931
2592 2636
2592 3081
2594 3197
2594 7176
2594 8435
2596 6139
2597 8958
2598 4070
2598 4215
2598 4480
2600 5604
2604 5650
2606 4176
2606 4876
2607 4728
2608 3518
2609 3144
2609 8920
2610 4944
2610 5786
2610 5799
2613 3193
2613 3920
2613 5155
2614 3174
2614 3708
2614 4507
2614 6947
2615 4114
2615 4244
2615 5518
2616 5842
2617 3037
2618 8974
2619 5375
2620 3964
2620 7919
2621 7776
2622 3004
2623 5007
2623 6804
2623 7337
2624 3108
2625 5739
2625 7160
2626 3858
2626 6500
2626 8319
2627 2888
2627 4625
2627 4733
2627 5364
2627 6229
2627 7113
2627 7120
2628 4307
2629 7883
2630 2738
2631 4208
2632 3335
2632 4061
2632 8163
2633 7235
2635 2942
2635 8020
2636 5530
2637 3158
2637 5990
2637 8631
2638 5533
2639 4261
2639 4369
2639 4406
2639 5187
2639 5504
2639 7701
2640 2785
2640 4736
2640 8769
2641 8790
2642 3053
2643 7510
2645 2671
2645 4415
2647 5785
2647 8352
2648 3715
2650 5207
2650 8502
2651 3293
2652 4177
2652 8627
2654 2726
2655 7450
2656 7641
2656 8847
2658 3268
2659 5682
2659 5833
2659 5916
2660 3191
2661 4943
2661 6217
2661 6782
2662 5365
2664 3395
2664 4775
2665 6993
2667 5587
2668 7038
2669 4231
2670 2870
2670 4145
2670 8656
2670 8977
2671 4084
2671 5714
2671 6586
2672 4356
2673 3326
2674 3970
2675 3346
2676 3052
2677 4654
2678 8103
2679 7011
2680 4235
2681 3991
2681 5741
2683 6512
2685 6447
2685 6890
2689 3119
2690 3865
2690 4064
2690 7787
2692 2980
2692 3824
2693 5950
2693 6954
2693 7023
2693 7845
2697 5198
2697 8515
2699 4106
2699 4359
2702 5071
2702 5865
2702 6380
2705 3233
2706 3603
2706 4781
2707 4327
2711 3317
2711 3787
2712 4859
2712 8422
2712 8448
2713 3627
2713 4020
2715 7950
2716 3667
2716 3922
2718 3628
2718 4734
2719 2950
2719 3536
2719 5196
2721 4834
2721 6048
2721 7655
2726 5697
2726 8153
2727 6359
2727 6517
2729 4701
2729 6962
2729 8810
2730 5656
2731 4800
2731 6710
2732 2825
2733 3175
2733 6409
2736 4904
2736 6442
2739 3474
2740 7808
2742 5349
2742 6807
2743 7459
2744 5287
2744 7233
2746 3607
2748 6392
2749 2772
2749 3205
2749 3501
2749 6116
2749 6313
2750 5784
2751 2874
2751 4887
2753 2843
2753 2845
2754 6103
2754 6459
2755 5448
2755 8817
2758 3975
2758 4529
2758 5903
2759 3332
2759 5785
2759 6668
2760 3460
2760 4613
2762 3431
2762 7135
2762 7571
2765 7308
2766 3785
2766 5516
2766 5761
2766 7944
2767 4003
2768 6430
2768 7445
2769 3327
2769 4446
2769 6544
2769 6653
2770 4764
2771 3267
2771 4351
2773 3961
2774 3120
2774 3534
2774 3647
2775 4967
2776 4980
2776 8017
2778 8520
2778 8599
2779 3808
2779 4378
2780 7370
2780 7374
2782 3393
2782 3898
2783 4120
2784 3766
2785 3699
2788 3763
2789 3545
2789 6800
2790 2951
2790 4157
2790 4268
2790 5273
2791 4441
2791 5555
2792 8886
2794 2993
2795 3330
2795 4641
2795 4951
2795 7057
2795 7363
2796 3023
2796 5505
2797 4906
2799 2900
2799 5687
2799 8881
2800 5568
2801 2981
2801 3394
2802 5399
2802 5869
2802 6939
2802 7341
2803 2985
2803 6639
2803 6788
2804 3500
2804 6301
2804 6847
2805 3812
2805 5874
2806 3351
2806 4392
2806 5585
2807 5803
2808 3802
2808 8249
2808 8566
2810 5268
2810 6312
2810 7480
2811 3565
2811 5369
2811 6611
2812 8390
2813 7139
2813 7932
2815 6216
2817 4584
2817 5647
2817 7780
2817 8517
2818 3592
2818 3658
2818 4639
2819 4576
2819 7048
2819 7607
2819 8049
2819 8396
2820 2924
2820 3451
2820 5996
2821 5634
2822 7675
2823 2877
2823 3373
2823 5357
2824 6206
2825 8193
2828 4533
2829 4976
2830 6679
2830 7518
2831 3951
2831 7718
2832 5295
2833 5429
2834 7574
2835 7137
2836 3239
2836 7904
2837 3624
2838 8795
2839 5861
2839 8191
2840 3072
2841 6351
2842 7134
2845 4892
2845 5976
2850 5972
2850 6719
2851 8211
2853 7884
2854 3208
2854 5592
2855 3539
2856 3018
2857 6950
2858 5386
2859 3494
2859 4482
2861 3358
2861 3444
2862 8384
2866 6785
2867 6753
2867 7281
2868 3443
2868 6435
2869 4477
2869 6575
2870 2972
2870 6711
2872 2891
2872 2953
2872 3445
2872 6054
2873 3339
2873 5427
2875 5229
2876 3742
2876 3934
2876 6343
2877 3495
2877 4312
2877 6072
2879 6673
2880 3269
2880 8716
2881 3104
2881 6439
2883 4783
2884 4413
2885 4362
2885 5267
2885 7613
2886 3240
2886 4267
2887 3884
2887 6949
2888 6224
2888 7194
2890 3176
2890 4513
2890 4694
2891 6612
2894 5395
2895 3324
2896 3528
2896 5428
2896 6907
2898 6989
2898 8689
2899 7951
2900 3213
2900 3216
2900 6190
2902 5884
2904 3295
2904 5661
2904 8506
2905 3712
2906 5840
2907 4999
2908 3663
2909 4009
2909 6975
2911 2983
2911 3322
2911 3472
2912 3403
2912 7706
2912 8286
2913 8343
2914 3038
2914 4021
2914 7836
2915 7044
2915 8823
2916 6829
2919 3375
2919 3484
2919 6170
2920 3291
2921 7435
2923 6971
2924 3371
2925 3178
2925 3251
2925 7228
2925 8629
2925 8809
2928 3753
2928 4723
2928 7741
2929 3280
2929 7091
2932 3959
2935 3141
2936 4087
2936 4597
2937 3993
2937 5729
2938 3034
2939 3334
2940 6645
2941 3347
2941 3687
2941 6793
2941 8413
2942 3148
2942 3617
2943 6186
2944 6965
2947 5726
2947 7560
2949 3924
2949 5693
2951 5241
2952 6047
2952 6774
2954 7496
2955 5655
2956 5091
2957 3387
2957 4725
2957 7438
2958 4229
2961 3173
2965 3036
2965 7987
2970 5046
2971 3595
2971 3670
2971 4183
2972 3376
2972 7118
2973 3978
2973 4886
2975 3682
2975 3794
2976 3026
2976 8063
2977 7485
2977 7627
2978 8936
2979 3353
2979 3559
2982 5914
2982 7572
2983 3584
2984 6216
2985 3969
2985 5031
2985 5183
2985 6889
2986 3077
2987 6799
2988 4179
2990 5170
2991 3230
2992 3031
2992 4123
2993 3236
2993 3446
2993 4727
2994 3460
2994 8542
2995 3686
2999 7426
3000 8786
3001 8797
3002 3669
3002 4190
3004 3977
3005 3285
3005 8923
3006 3513
3006 4823
3006 5757
3007 3194
3008 3235
3010 3199
3010 5844
3011 4194
3011 4755
3011 8224
3013 3071
3013 3249
3014 8180
3016 7863
3016 8673
3020 5371
3021 8006
3022 6288
3022 8746
3023 3033
3023 5935
3023 7483
3024 4934
3024 4991
3025 7390
3026 3631
3026 4153
3026 4483
3027 7312
3028 5104
3028 5551
3028 7064
3029 7184
3031 7327
3031 8106
3031 8770
3033 6902
3034 4841
3034 7688
3035 7795
3036 4158
3038 3313
3038 6114
3039 7198
3040 6621
3041 6818
3042 7340
3042 8244
3043 4401
3043 8497
3045 3915
3045 4557
3045 5260
3045 5275
3045 8216
3046 4286
3047 3719
3047 6887
3048 3273
3048 4076
3049 4683
3051 7306
3052 8026
3053 4994
3054 5388
3054 5811
3055 3329
3055 4561
3055 8608
3056 4642
3056 5783
3056 8946
3058 5502
3059 3869
3059 4583
3059 6368
3059 6434
3060 7345
3061 3470
3061 4504
3062 3566
3064 3987
3064 5675
3064 6789
3066 5541
3068 3532
3069 7609
3070 3101
3070 5134
3071 5099
3073 3542
3073 4862
3073 5613
3074 3984
3074 5482
3074 7849
3076 8216
3078 4377
3078 8195
3079 5986
3080 4141
3081 4292
3083 4519
3083 6892
3084 6407
3084 8179
3085 7021
3086 3665
3086 3870
3086 4650
3086 5093
3087 6383
3088 3506
3088 4105
3088 5618
3090 3463
3090 6116
3094 8303
3096 6727
3098 6155
3098 7005
3099 3355
3099 6696
3100 4187
3101 3680
3101 5068
3104 3690
3104 4471
3104 6179
3105 5574
3106 3849
3106 4335
3106 6046
3106 6490
3110 7392
3110 8410
3111 4387
3111 4678
3111 7252
3112 7851
3113 7586
3113 7871
3114 4179
3115 5150
3115 6138
3118 8854
3120 5077
3121 4824
3121 5213
3123 7530
3123 8773
3124 3545
3124 5084
3124 8404
3126 3826
3128 4875
3128 5055
3130 3861
3130 4323
3130 6653
3134 3178
3134 3294
3134 4414
3135 4630
3136 4029
3136 4121
3136 5571
3136 8391
3137 8994
3139 4017
3139 4309
3141 3731
3141 3939
3141 3992
3141 6085
3143 3487
3145 6534
3146 3366
3147 5938
3147 7571
3149 4237
3149 4845
3151 7670
3153 3942
3154 8334
3158 6572
3159 4216
3160 5124
3161 7130
3161 7371
3163 4367
3163 4803
3163 5373
3163 5405
3164 4036
3165 4316
3165 5666
3166 5931
3168 4990
3168 4998
3168 7341
3171 3221
3171 4222
3171 4599
3171 5370
3171 5536
3171 7140
3172 3514
3172 6573
3175 8242
3176 6204
3177 4316
3178 3213
3178 5641
3178 7114
3179 4514
3179 7562
3187 3189
3187 3397
3187 7217
3189 4130
3190 3801
3191 3378
3191 6551
3192 3488
3196 4647
3197 4133
3197 5216
3198 6823
3199 5469
3199 6164
3201 5161
3201 6142
3201 8055
3203 4671
3203 7400
3203 7442
3203 8697
3204 5667
3204 6681
3205 4921
3208 6894
3208 8715
3211 3361
3212 4342
3213 4884
3214 3642
3215 5109
3216 5696
3217 5530
3217 8470
3221 3290
3221 4791
3221 6646
3221 8494
3223 4797
3226 4972
3227 3356
3228 7914
3228 8985
3229 5074
3229 6810
3229 7337
3230 4013
3230 5239
3231 5251
3232 4201
3232 7690
3233 6311
3234 7460
3237 5904
3237 7598
3237 8705
3238 4452
3238 6212
3238 8687
3240 4516
3240 5894
3240 6236
3240 6644
3240 7316
3241 5173
3242 3625
3242 5749
3242 7213
3245 5265
3245 7802
3246 3745
3246 8875
3247 5911
3247 6467
3247 8307
3248 3903
3250 3386
3250 5037
3251 7564
3251 8931
3252 7746
3252 8045
3253 8468
3254 4870
3254 7222
3256 4205
3256 7764
3257 3711
3257 4836
3258 7557
3259 6050
3265 8592
3266 3632
3267 3756
3270 4442
3270 5909
3272 4656
3272 8338
3273 3569
3275 5495
3277 7423
3278 7716
3280 5079
3282 6314
3285 4676
3285 7355
3286 8659
3287 8192
3288 3888
3288 3906
3288 4580
3290 3754
3290 4223
3291 6694
3292 6318
3294 4436
3294 7411
3295 6827
3296 7493
3297 5026
3297 5116
3297 5642
3298 4129
3298 7743
3298 8923
3302 5609
3303 4298
3304 5352
3306 6432
3306 6839
3310 3672
3313 6525
3315 5951
3316 8933
3317 4906
3317 5517
3317 6557
3318 8674
3319 6451
3319 6563
3322 3643
3322 3774
3322 4897
3322 5692
3324 6096
3326 4124
3326 4492
3326 4576
3327 3448
3327 5270
3328 3993
3328 5973
3332 4033
3333 7056
3333 7829
3334 5276
3334 5959
3336 3705
3336 5337
3336 5600
3338 3481
3338 3973
3338 5919
3339 7664
3340 5756
3340 6487
3343 5623
3344 7191
3346 4037
3347 4771
3348 4319
3351 5182
3352 6197
3354 5722
3354 6781
3355 4304
3356 3945
3356 5303
3356 5573
3359 6240
3361 3571
3361 5491
3361 6528
3362 7723
3362 8579
3364 3600
3364 3655
3364 8564
3365 8059
3366 6304
3367 7599
3368 7212
3368 7885
3369 3409
3370 4398
3370 4661
3371 5411
3372 7906
3373 5054
3374 4095
3374 6488
3374 8212
3375 3620
3378 7475
3379 3524
3380 4367
3380 6415
3381 4399
3382 5580
3382 5727
3383 8620
3384 5626
3385 5013
3385 5247
3386 5912
3387 3776
3387 4092
3387 5657
3387 5873
3387 8960
3388 3895
3388 5978
3388 6268
3389 3716
3389 8701
3390 4979
3391 5659
3396 3695
3396 3848
3399 5748
3399 8560
3401 5350
3403 3860
3403 6489
3405 5802
3405 6242
3406 4010
3406 6545
3407 5204
3409 4799
3409 4837
3411 3659
3411 4069
3413 5818
3414 4936
3416 4905
3417 3557
3418 8397
3419 5660
3419 6168
3419 8820
3420 3661
3421 7725
3422 4983
3422 7651
3424 6238
3424 7814
3424 8107
3425 5444
3426 7700
3427 7419
3427 7607
3428 7553
3430 3437
3430 4331
3430 6664
3431 6455
3432 3790
3432 5010
3432 5570
3433 6423
3433 6457
3434 5423
3434 6341
3436 5742
3437 4014
3437 4146
3438 6566
3438 7227
3439 4127
3439 4532
3439 5788
3439 8331
3439 8793
3440 7546
3441 5185
3442 4822
3442 5266
3443 4006
3443 4814
3443 5524
3443 6693
3444 7694
3444 8461
3445 7901
3446 7433
3447 6978
3448 5946
3448 7500
3450 6187
3450 7163
3452 6449
3452 6986
3454 3650
3454 6501
3455 7158
3455 8414
3458 7959
3459 7581
3459 7692
3461 4425
3462 4903
3465 7657
3465 8613
3466 7488
3468 3573
3468 5299
3468 8383
3470 4100
3471 5763
3471 7259
3473 5064
3473 8624
3474 8429
3474 8476
3475 4675
3475 6062
3476 6484
3476 7737
3478 4234
3479 4086
3479 5855
3479 7920
3481 5052
3484 3741
3484 5578
3487 3570
3490 8550
3491 3717
3491 8578
3492 6077
3493 3828
3495 4027
3495 6502
3495 6644
3495 8136
3496 5046
3497 4388
3497 6536
3498 4746
3498 5942
3498 6255
3499 5192
3500 6235
3502 4269
3502 7330
3503 7672
3503 8097
3503 8487
3503 8954
3504 5168
3506 5624
3507 7211
3508 3552
3509 3994
3509 6461
3510 6028
3516 4024
3516 8499
3517 4088
3518 7437
3519 5210
3519 6749
3520 5720
3521 7199
3523 4423
3525 7742
3525 8748
3526 3606
3526 4864
3528 5680
3531 7461
3533 5842
3533 8900
3534 5136
3535 4938
3535 6153
3536 8831
3537 3726
3537 7066
3537 7999
3537 8308
3538 4125
3538 4635
3539 5294
3539 7855
3543 3971
3544 5730
3544 6816
3545 6524
3545 7063
3545 7950
3546 4073
3546 6106
3546 8061
3546 8109
3547 7084
3548 3907
3548 7039
3549 4478
3549 6825
3551 6058
3552 5163
3553 4429
3553 6299
3555 6786
3556 6937
3558 3777
3558 7178
3558 7783
3560 5607
3561 3845
3562 3925
3562 7672
3563 6328
3564 8795
3565 4658
3566 3862
3566 4595
3567 6405
3568 4400
3569 3624
3569 4275
3569 5206
3572 3976
3572 4063
3573 7584
3575 4028
3576 6909
3577 5754
3577 6179
3577 8870
3579 4104
3579 6680
3580 5418
3580 6208
3582 4068
3583 3816
3585 7439
3589 8454
3591 3904
3591 4648
3592 5193
3593 4085
3593 4660
3594 4224
3596 3902
3596 4264
3596 4671
3596 6790
3597 4041
3597 8633
3598 4225
3598 7392
3599 5024
3599 7731
3600 3859
3600 8198
3601 4109
3601 4336
3604 3706
3604 3967
3605 6946
3606 5225
3606 8771
3607 7287
3608 4433
3608 5004
3608 7953
3608 8769
3609 6614
3610 5363
3610 8226
3610 8582
3611 5141
3612 3980
3612 4280
3613 4373
3613 4880
3613 6135
3614 4402
3614 5817
3614 8761
3615 3839
3616 7777
3617 4358
3617 5018
3618 4559
3618 4878
3618 7123
3619 8591
3620 4009
3623 5419
3623 6233
3624 5430
3624 6667
3625 4818
3628 5338
3630 5086
3630 5606
3631 7455
3632 3639
3634 6352
3636 8838
3637 4651
3638 3857
3638 8848
3641 8489
3642 8811
3643 6540
3645 5014
3646 6092
3646 8014
3647 5455
3647 8133
3650 6584
3658 4035
3659 7156
3660 3899
3660 6189
3661 8462
3662 5747
3662 7898
3664 4451
3664 4693
3666 5057
3666 5307
3668 7291
3670 7979
3671 4217
3672 6165
3672 6627
3675 7662
3676 3730
3676 3986
3679 5295
3679 5472
3679 7188
3679 7221
3681 6079
3682 8637
3683 5628
3685 3870
3689 4219
3689 4476
3689 6647
3690 7037
3691 4693
3691 7041
3691 7949
3692 3923
3693 6502
3695 7412
3697 4299
3698 4128
3699 4743
3701 7302
3702 6590
3702 6784
3702 7117
3703 5033
3703 5660
3703 8905
3704 4449
3706 4582
3706 7933
3707 5394
3707 6580
3708 8477
3709 6308
3711 4428
3712 7839
3713 4182
3713 8727
3715 6495
3716 6237
3717 4082
3718 8110
3720 4984
3721 3779
3721 4291
3722 8702
3722 8918
3723 7777
3724 5892
3725 5946
3726 5657
3726 5804
3727 5839
3730 4011
3731 6175
3731 6293
3732 5559
3732 5691
3732 8115
3733 4889
3734 4776
3734 8878
3735 4669
3736 5301
3737 6046
3737 6919
3738 4772
3740 5096
3741 5296
3741 5663
3742 6913
3742 7806
3743 5883
3746 5713
3747 8822
3749 4248
3750 5036
3750 5343
3750 7824
3750 8901
3752 4759
3752 6728
3753 4503
3753 4873
3754 5679
3755 8205
3756 5263
3757 4585
3757 4619
3760 8883
3762 4274
3762 6776
3766 4352
3766 4519
3766 5999
3766 6870
3767 5960
3767 8385
3768 3927
3768 8826
3769 8273
3772 7532
3773 6441
3775 7957
3778 4869
3780 6367
3783 4434
3784 3792
3785 5602
3785 6097
3786 7398
3786 7408
3786 7589
3788 5228
3790 7317
3792 8231
3792 8572
3794 7666
3796 7186
3796 7497
3799 5912
3799 8649
3800 7234
3802 8007
3803 3972
3804 4131
3806 4757
3807 5314
3810 6182
3810 6345
3811 6105
3811 6579
3811 8968
3812 7076
3813 4726
3813 4753
3813 7674
3814 3836
3814 5504
3814 5953
3816 4390
3816 8132
3817 6143
3821 7208
3822 5970
3824 6039
3825 4166
3826 5248
3829 7406
3833 6498
3835 4221
3836 4448
3836 7113
3837 8452
3838 5862
3840 6640
3844 4287
3847 3983
3848 8935
3849 4923
3851 4807
3851 8910
3854 8614
3855 7086
3856 4539
3856 5098
3856 6838
3856 8616
3858 5188
3858 6898
3859 5068
3861 4204
3861 7451
3862 5255
3864 8049
3865 6157
3866 4563
3867 8824
3868 6906
3869 7540
3870 7847
3871 7132
3872 4724
3873 4366
3873 6997
3873 8380
3874 6864
3875 3960
3877 6173
3878 4278
3880 5640
3880 5965
3880 6567
3880 8943
3881 6483
3881 8743
3882 5305
3884 6262
3885 4172
3886 5393
3889 8039
3891 8642
3893 5286
3893 7994
3894 7895
3894 8418
3897 7116
3898 6564
3899 7443
3900 4077
3901 5162
3901 7048
3902 4606
3902 8353
3903 4278
3903 6604
3904 5072
3904 5996
3905 8084
3906 4072
3906 7947
3908 8983
3909 4555
3910 6962
3911 4828
3912 4122
3912 4320
3915 5306
3915 8322
3916 5745
3917 8741
3918 4789
3918 4950
3921 7283
3922 4470
3922 6593
3924 4067
3924 6556
3925 4935
3925 5227
3925 7021
3926 4293
3926 4300
3926 5825
3927 4391
3927 7441
3928 4444
3928 6154
3928 8129
3929 4049
3929 5146
3931 7220
3932 7051
3934 4653
3936 8661
3937 4591
3937 5249
3938 4040
3938 4550
3938 5669
3938 7110
3939 5879
3940 4212
3941 4090
3943 7578
3946 4062
3948 4515
3949 8361
3951 4710
3953 5631
3954 6670
3955 3974
3960 8299
3961 5133
3961 5588
3961 5699
3964 7570
3965 4946
3965 5700
3965 6076
3968 4256
3968 6289
3969 5831
3974 5464
3974 5665
3977 5658
3979 7559
3981 4618
3981 7092
3983 8019
3984 4893
3984 6357
3984 7638
3985 4263
3988 6591
3989 8980
3990 6669
3994 5521
3994 8941
3995 4523
3998 4732
3999 4663
3999 7096
4000 6841
4001 7655
4003 6762
4004 4424
4008 7731
4009 4359
4010 5805
4011 4108
4015 4054
4015 4627
4016 7110
4020 5958
4020 7364
4021 7115
4022 7580
4023 6418
4025 6597
4025 7938
4028 6113
4028 6968
4030 4074
4031 4638
4031 5262
4031 6125
4031 8471
4032 5312
4032 6376
4032 7621
4033 6053
4033 6806
4034 8090
4035 4137
4035 8367
4037 5907
4037 6348
4038 5743
4039 5685
4039 8243
4040 4968
4040 6257
4041 4164
4041 5851
4041 7879
4042 4820
4044 6379
4045 6099
4046 5548
4047 4304
4047 7413
4050 8708
4051 5240
4052 6319
4053 6960
4054 5045
4055 7558
4058 4339
4060 7778
4062 7326
4063 5138
4063 5341
4063 5358
4064 7373
4065 5051
4065 7748
4066 8733
4066 8896
4068 4325
4068 4857
4069 5433
4070 4113
4071 4203
4071 6872
4073 4080
4074 5030
4074 5232
4074 5668
4076 4282
4078 7306
4081 8784
4082 4126
4083 4118
4084 4657
4086 8766
4087 4164
4088 7297
4092 7514
4092 7550
4092 8358
4093 8217
4094 4716
4095 4977
4095 5001
4097 8924
4098 7358
4098 7446
4099 7071
4099 7209
4100 4875
4104 4418
4106 6552
4107 5467
4107 7856
4108 7230
4109 4575
4109 7929
4110 4505
4111 4570
4111 7389
4112 6004
4112 8254
4113 6023
4113 6259
4115 5618
4115 6471
4116 4760
4116 5271
4117 7173
4117 7375
4119 6364
4125 6005
4126 8760
4127 4318
4127 4985
4127 6798
4128 6052
4128 6060
4128 6560
4130 8869
4131 5272
4133 4680
4134 6918
4135 6926
4138 6910
4139 8509
4140 4745
4141 7605
4142 5468
4142 8187
4143 5184
4143 5930
4146 4301
4149 8877
4151 4439
4153 7029
4154 5737
4158 6056
4158 6437
4158 8261
4160 5775
4160 7756
4161 5028
4161 8155
4163 4634
4163 7168
4166 6287
4167 6691
4168 5586
4168 8143
4169 4170
4169 5132
4170 7158
4171 4228
4171 8051
4172 8371
4174 5710
4177 5552
4178 8411
4179 5576
4182 4317
4186 5050
4187 5958
4187 6741
4189 4337
4190 7299
4191 7603
4194 5888
4195 5244
4195 7161
4196 7534
4196 8401
4198 6589
4200 5253
4202 5095
4202 7107
4203 4955
4207 7892
4208 7178
4209 8831
4212 5194
4212 8073
4213 5790
4214 4383
4214 4393
4214 4474
4214 5127
4216 6651
4216 6837
4217 6093
4218 5874
4220 5562
4220 7801
4221 5646
4222 6310
4223 4922
4226 5067
4230 6495
4230 7148
4232 7821
4238 5075
4241 5066
4241 6608
4242 5062
4242 6797
4245 6126
4248 5621
4249 5016
4250 8562
4251 8658
4252 8059
4257 6019
4259 7732
4259 8172
4260 8096
4260 8576
4262 6109
4264 4389
4264 4571
4265 8778
4266 4883
4268 7937
4270 7141
4271 5719
4273 4545
4275 5519
4276 6670
4277 8223
4278 8387
4280 4646
4281 5918
4282 4490
4283 4925
4285 4846
4285 6090
4287 6588
4288 4305
4288 6599
4288 8154
4289 4354
4289 5452
4295 4333
4295 7043
4296 5078
4296 8690
4296 8871
4297 5250
4297 7240
4297 8473
4298 6185
4299 4805
4299 6620
4300 6278
4300 7881
4302 8009
4303 4849
4303 6730
4304 4311
4306 4786
4308 6267
4309 6724
4311 6857
4313 6853
4313 6854
4314 6725
4317 5914
4318 5447
4318 7216
4323 7538
4324 7612
4324 7997
4325 5490
4326 4610
4329 4386
4329 5061
4334 7298
4336 7144
4336 8197
4340 8484
4341 5484
4341 7113
4341 8533
4342 5115
4342 5376
4344 7167
4346 7635
4348 5744
4348 7643
4349 4709
4349 6178
4349 7874
4350 4601
4352 4535
4353 4901
4354 5119
4356 8185
4357 6925
4361 6929
4363 5413
4363 6648
4364 6600
4365 7738
4366 5372
4366 6817
4366 7880
4367 5937
4368 8453
4369 5172
4370 5327
4371 4703
4371 5529
4373 8989
4374 5348
4374 6578
4375 4464
4375 8317
4376 8803
4376 8817
4377 6706
4378 4774
4378 7027
4379 4975
4379 7162
4379 8090
4381 7359
4384 5401
4384 6019
4384 7362
4384 7427
4384 8267
4384 8504
4385 7717
4388 4643
4388 6923
4388 7548
4389 6752
4389 8722
4390 6811
4390 8506
4391 6663
4392 5063
4392 8651
4394 6732
4397 4793
4397 5950
4398 6241
4400 6658
4401 5410
4402 4843
4403 4895
4403 5172
4404 4412
4406 8469
4407 7000
4407 8455
4407 8948
4408 5564
4408 6964
4408 7361
4408 8046
4409 6219
4409 8248
4411 8241
4412 6251
4416 5762
4416 7665
4419 4945
4420 6180
4420 8313
4422 4966
4423 6863
4424 4758
4426 8054
4427 6850
4427 8173
4428 5200
4428 5538
4429 5397
4432 8156
4433 7915
4434 6414
4434 6882
4435 5860
4435 8792
4436 6692
4439 5579
4440 5373
4441 7298
4442 4614
4442 8048
4445 5211
4445 7385
4446 4704
4446 5846
4446 6294
4450 8116
4451 5877
4451 6794
4451 8757
4453 4670
4453 6826
4454 8236
4454 8837
4463 4798
4463 8207
4464 5336
4464 6201
4467 6321
4467 7846
4471 4501
4472 5334
4473 8741
4473 8982
4475 8591
4475 8601
4477 7054
4477 7275
4478 6689
4479 7818
4482 7159
4486 8859
4487 5767
4489 5043
4489 7577
4490 5738
4492 8408
4493 4974
4493 7269
4494 7067
4495 8015
4501 7683
4502 5682
4503 5593
4506 6273
4508 7980
4510 4598
4512 6417
4513 5029
4513 5285
4515 4996
4516 4861
4516 6448
4517 5432
4517 7192
4519 6715
4520 8459
4523 6215
4524 6632
4526 4548
4526 6214
4526 6695
4528 5781
4528 7193
4529 6840
4530 4768
4532 5027
4533 5316
4533 5416
4535 6850
4536 7288
4540 5848
4540 6546
4541 5545
4541 7481
4543 5261
4543 8781
4544 5760
4544 7068
4545 5382
4547 4916
4549 4928
4549 5500
4549 5702
4550 6527
4551 5952
4551 6063
4553 6542
4553 6559
4554 7301
4554 7565
4555 5878
4555 6561
4556 7735
4558 6325
4560 6276
4562 5569
4565 6148
4569 6001
4569 6375
4570 7111
4571 6003
4571 7958
4575 7051
4576 5813
4576 6797
4577 5200
4578 6252
4578 8229
4579 5498
4580 4810
4580 8942
4581 7210
4586 4649
4588 6091
4588 6115
4589 5474
4589 5712
4590 8099
4594 4856
4594 8074
4595 4695
4595 7099
4595 8934
4596 7225
4598 8798
4599 8715
4602 8322
4605 8780
4606 6104
4607 5318
4609 6743
4613 4677
4619 5584
4622 5953
4627 6522
4629 6868
4630 6386
4630 7828
4632 7680
4636 7617
4637 5814
4639 5081
4640 5513
4642 5089
4642 5280
4642 7531
4642 8487
4643 6642
4644 6698
4644 7394
4646 7955
4647 8455
4651 5843
4652 4813
4653 6658
4654 5823
4654 8977
4655 5094
4655 7404
4656 6723
4658 8710
4659 8758
4661 5974
4662 6900
4663 4865
4663 5322
4664 7164
4665 4757
4665 4778
4665 6763
4667 5311
4671 4794
4671 4937
4671 6477
4673 7748
4674 6767
4674 7354
4675 5385
4675 6041
4676 6856
4681 7254
4682 8836
4686 6033
4686 8451
4687 6766
4690 6956
4691 7812
4696 8712
4698 5257
4698 5445
4700 5515
4702 6362
4706 5966
4708 5597
4708 8815
4709 4779
4709 8949
4710 5073
4710 8661
4711 7587
4711 8912
4712 6930
4713 5165
4718 5310
4718 7126
4719 6634
4720 6530
4720 7518
4721 6745
4724 6851
4728 7952
4733 6932
4734 7623
4734 8271
4737 5328
4737 6025
4741 6450
4742 6286
4743 8118
4744 5424
4744 7545
4746 4754
4746 5759
4746 6641
4749 8096
4752 6209
4755 8864
4756 5283
4760 7180
4762 5143
4764 6162
4767 5763
4768 6205
4768 8158
4769 6757
4770 5044
4772 4924
4773 4920
4774 5595
4774 6462
4774 8029
4775 8297
4777 5896
4779 4839
4779 7055
4779 7563
4779 7668
4780 8731
4782 6702
4782 8739
4783 8798
4788 8166
4791 7623
4792 6562
4792 8596
4793 6074
4794 5439
4795 5858
4795 8029
4797 8323
4798 4851
4798 6117
4799 8692
4800 6228
4802 5330
4803 8434
4805 7273
4807 6329
4810 5830
4810 8650
4811 6443
4812 7720
4812 8423
4813 6712
4813 8417
4816 5205
4820 7525
4826 6897
4831 5758
4832 5318
4833 8018
4833 8888
4834 5943
4834 7996
4836 6159
4836 6402
4836 8892
4837 4939
4838 5947
4839 7255
4841 5100
4841 5506
4842 4993
4843 5053
4843 5684
4844 5211
4845 7576
4849 5769
4850 8427
4853 8585
4854 5076
4854 5178
4857 5824
4859 5630
4859 7237
4859 8078
4861 6247
4862 4874
4862 6465
4863 8544
4866 8600
4873 6097
4874 6498
4877 7870
4879 5282
4881 6011
4883 6852
4883 7189
4884 5034
4884 5728
4885 7239
4886 5631
4888 6517
4888 7528
4888 7859
4889 5522
4889 6538
4890 7410
4891 5596
4893 4929
4893 7728
4895 6213
4896 7542
4897 5180
4898 8146
4900 8670
4904 6666
4904 7176
4904 7376
4908 5101
4914 7596
4915 8081
4915 8511
4916 7030
4916 8801
4917 6232
4919 6220
4919 7465
4925 6597
4928 5928
4929 5420
4931 7793
4932 4944
4933 5059
4934 8079
4935 8794
4939 7761
4940 5123
4940 6396
4941 6033
4942 4961
4942 5489
4942 5653
4942 7620
4944 6805
4949 6714
4950 5517
4950 7223
4950 7258
4952 6574
4952 8325
4955 8824
4956 5886
4957 5381
4958 8993
4959 5383
4959 8270
4961 8796
4965 7084
4965 8972
4966 5302
4966 7355
4969 7610
4970 5889
4973 6147
4975 5937
4980 6991
4981 7229
4981 8568
4982 5220
4983 5751
4984 7019
4986 5388
4986 6059
4986 8853
4986 8872
4988 6819
4993 5885
4994 8702
4997 6243
5001 7203
5001 8814
5002 8968
5004 5217
5004 6021
5008 7805
5015 8162
5016 6196
5017 8625
5018 8174
5020 8740
5021 5554
5023 6395
5023 8891
5029 8974
5032 5499
5035 8052
5036 8154
5039 7752
5040 6285
5040 8940
5043 7125
5044 7075
5046 7911
5047 5895
5048 6028
5050 8033
5052 6946
5054 5460
5056 6225
5056 8862
5057 6915
5060 7891
5061 5565
5064 6736
5065 7418
5065 8288
5066 8913
5068 8789
5069 5752
5071 5621
5074 6934
5074 7350
5075 8587
5080 5654
5080 7819
5080 8445
5081 6729
5082 7508
5085 6519
5085 8802
5085 8880
5088 6269
5089 5106
5093 5615
5093 6899
5093 7883
5094 7476
5096 5938
5096 7124
5097 8425
5098 6265
5101 8632
5102 6361
5104 6967
5104 8076
5105 8295
5107 7798
5107 8534
5108 5717
5110 7202
5112 5400
5113 6269
5115 5334
5116 6200
5118 7264
5119 5215
5120 8362
5121 5360
5122 8732
5123 5435
5123 5689
5124 5614
5125 6792
5126 5945
5126 7026
5127 6144
5127 7320
5127 8126
5132 6492
5134 5610
5135 6163
5135 8101
5136 6230
5138 6543
5138 6999
5138 7581
5139 7121
5142 6098
5143 5733
5143 8917
5144 6504
5146 5293
5147 7379
5147 7587
5148 8762
5151 5796
5154 5453
5154 6250
5154 7775
5155 5391
5157 8164
5163 5582
5165 5377
5168 7487
5171 8852
5175 5289
5175 5779
5176 7887
5178 6185
5178 6616
5179 7063
5181 5603
5181 7013
5183 6913
5184 7403
5192 7268
5192 7369
5192 8262
5195 6779
5197 5889
5199 5232
5201 6731
5202 6576
5202 7928
5203 7790
5203 8508
5208 5671
5208 5870
5208 6050
5210 6354
5213 8930
5215 5402
5215 7342
5216 7102
5217 6198
5218 6862
5219 5268
5219 7585
5220 7862
5221 5473
5222 5252
5224 6389
5224 6474
5224 6739
5228 8860
5229 6274
5231 7866
5233 6378
5242 7507
5245 5575
5248 5300
5258 8495
5259 6568
5261 5812
5261 7893
5261 8330
5264 5501
5268 8030
5272 6595
5275 6344
5276 5716
5283 6422
5283 7265
5284 6334
5284 8277
5285 7486
5286 6704
5287 6136
5287 7076
5289 5856
5290 5746
5291 5317
5292 6391
5294 5982
5295 8617
5296 7954
5297 6802
5298 7575
5299 7590
5299 8309
5301 7472
5302 7299
5305 6026
5305 7744
5307 6748
5308 6025
5308 6353
5309 8216
5310 8530
5317 6363
5321 6034
5321 6152
5323 6963
5323 7295
5327 8888
5330 8868
5331 5549
5331 6833
5335 7429
5335 7630
5339 7722
5340 8773
5344 5662
5344 7360
5350 5876
5350 5981
5351 7035
5352 5507
5353 5379
5360 5769
5361 5835
5361 7304
5364 5922
5367 7164
5367 8899
5372 6740
5373 7127
5373 8685
5375 6491
5375 7177
5377 7365
5377 8646
5380 7821
5382 6288
5386 6453
5387 7671
5388 6111
5390 6539
5391 5561
5392 8796
5394 6049
5395 7917
5396 7686
5397 8992
5399 6100
5399 6895
5403 7991
5405 7474
5406 6959
5410 6344
5410 7334
5413 6066
5416 7336
5416 8611
5423 5634
5423 7154
5425 7509
5427 6221
5427 7791
5430 7678
5432 6080
5435 7104
5438 5998
5438 6203
5441 7720
5442 5528
5443 8959
5444 5461
5444 5492
5444 5510
5444 6602
5444 6886
5444 8874
5445 8053
5445 8851
5447 7243
5448 6755
5449 5527
5449 8456
5451 7308
5451 8457
5451 8588
5453 5826
5455 8911
5456 5725
5457 5881
5458 8350
5460 6899
5464 7331
5467 5774
5468 8293
5470 8342
5473 6268
5473 6958
5473 7567
5475 6871
5476 5971
5476 7224
5477 7112
5480 8441
5481 6331
5485 6461
5485 7238
5486 7284
5487 6083
5490 6685
5491 5864
5492 6174
5495 6121
5499 6082
5501 8001
5503 6547
5508 7656
5508 7758
5509 7729
5510 6036
5510 7148
5512 8744
5513 8998
5517 6387
5518 7712
5519 5723
5519 8296
5520 8466
5521 6382
5521 6507
5521 7570
5521 7971
5523 8016
5527 7200
5534 8447
5537 7629
5544 6637
5544 8464
5546 6751
5549 8640
5551 6779
5555 7359
5556 6426
5556 7201
5556 8210
5559 8933
5562 8772
5563 7779
5565 7888
5569 7788
5570 6283
5572 5760
5572 6120
5572 8540
5573 5924
5573 6118
5574 5708
5574 5754
5575 7633
5580 7519
5588 6716
5589 6291
5590 8280
5594 5771
5597 6546
5601 6412
5605 6761
5607 5873
5607 7730
5608 6625
5611 7356
5616 8664
5619 7479
5620 7875
5623 6910
5624 6881
5629 7704
5632 6609
5632 8294
5633 6657
5633 8675
5635 8962
5636 6651
5636 7097
5637 8023
5637 8669
5640 5948
5640 6884
5640 7036
5640 7539
5642 7452
5642 8186
5642 8929
5643 5904
5645 7625
5645 8355
5646 7266
5647 7424
5647 7702
5649 8100
5650 6323
5650 6777
5653 7131
5653 7206
5654 7903
5655 7090
5657 6167
5657 6985
5657 8537
5660 8839
5662 5765
5666 8884
5669 8916
5672 8407
5678 6276
5678 7150
5678 7386
5679 6275
5681 8333
5684 7087
5685 7721
5687 8751
5688 7568
5689 7636
5693 7478
5694 6808
5694 7006
5698 7910
5703 7415
5704 7381
5707 6596
5707 7249
5707 8325
5709 6032
5709 8809
5711 7930
5712 7231
5714 7328
5715 8516
5718 6176
5718 7803
5719 8622
5721 7544
5724 5925
5726 5933
5726 8324
5729 6183
5730 7995
5732 8039
5733 7523
5735 6434
5736 6179
5737 7060
5740 5770
5742 8234
5745 8513
5746 7239
5748 6742
5748 7622
5750 6775
5752 6678
5754 8742
5755 7971
5757 6481
5758 5838
5759 8074
5760 6452
5761 6347
5763 6169
5763 6446
5764 6606
5767 8138
5769 7393
5771 6815
5775 6145
5775 7049
5775 7873
5776 5929
5777 8257
5778 7749
5781 6795
5783 8512
5802 7280
5803 8593
5804 7284
5805 6165
5805 8882
5806 7765
5810 6300
5810 8135
5810 8282
5811 6102
5815 6473
5816 6404
5819 8088
5820 7149
5822 7020
5826 8437
5828 7660
5828 7687
5832 6990
5832 7444
5833 6203
5833 7094
5834 6705
5838 7321
5838 7622
5840 7147
5840 7520
5842 6024
5842 6521
5842 8703
5842 8806
5847 5988
5850 8621
5853 7988
5855 6836
5855 8230
5860 8196
5863 8131
5865 6550
5871 7182
5872 8114
5874 7777
5875 8606
5876 6854
5876 8388
5877 7009
5880 7457
5880 8480
5882 8884
5883 6375
5886 8491
5887 8865
5889 7611
5890 8553
5892 6866
5892 8505
5894 5926
5896 7491
5899 7936
5903 6987
5904 8863
5906 7430
5910 8621
5912 8082
5916 6605
5917 7464
5918 8368
5919 6516
5921 6662
5921 7420
5924 6339
5925 5989
5925 6394
5926 6592
5930 7093
5930 8167
5934 7763
5938 5954
5939 6655
5939 7250
5946 6656
5947 8405
5948 7473
5948 7512
5948 7556
5949 6707
5951 7217
5955 6618
5959 8221
5960 8665
5961 6496
5963 6804
5964 7206
5968 8730
5969 7960
5971 6598
5973 8105
5974 8953
5975 7713
5978 7381
5986 6349
5995 6012
5995 8289
5995 8301
5996 8159
5998 7707
6000 8764
6002 6842
6010 8089
6011 6320
6011 7295
6012 7448
6012 7551
6012 8792
6014 7582
6015 6029
6016 6610
6016 6945
6018 7269
6020 6277
6020 8069
6021 8284
6023 6454
6023 6460
6023 6594
6023 7293
6025 6792
6025 7905
6026 7467
6028 8247
6034 6699
6035 7052
6038 7181
6038 7889
6040 7184
6041 6846
6041 7922
6043 7976
6044 8246
6046 8044
6048 6475
6049 6375
6049 7511
6050 7840
6051 8695
6055 6666
6060 7703
6064 6941
6064 7762
6066 6738
6067 8521
6068 7728
6069 8125
6069 8213
6074 8957
6077 7094
6078 6754
6078 7747
6079 8232
6080 6317
6081 6112
6082 7822
6083 6231
6083 6369
6083 8567
6084 8004
6085 7600
6087 8382
6088 6160
6088 7698
6090 7646
6091 6558
6092 7894
6093 6095
6093 6373
6093 8146
6093 8602
6097 7724
6102 7772
6105 6256
6106 6360
6106 8037
6108 7370
6108 8603
6111 6282
6114 7892
6116 8594
6118 7246
6121 8906
6122 7819
6124 6305
6127 7242
6130 7675
6130 8204
6131 7351
6131 7503
6134 8909
6135 6241
6138 6817
6139 8326
6143 7760
6143 7909
6151 8975
6153 7214
6154 7215
6155 7428
6159 8346
6161 7200
6161 8618
6162 8073
6164 7537
6166 6463
6166 8825
6171 7925
6173 7080
6173 7813
6173 8376
6174 7631
6174 8077
6180 6355
6180 7614
6180 8531
6181 8268
6182 8174
6183 7501
6184 6511
6184 8415
6186 8386
6187 7634
6190 6996
6190 7952
6191 6879
6191 7526
6194 6335
6196 8372
6203 7454
6205 6643
6207 6239
6207 6342
6209 8799
6212 8366
6213 7377
6221 7857
6229 8025
6230 6332
6236 6388
6239 7799
6245 6284
6245 6365
6248 8934
6252 7984
6257 6314
6257 7404
6259 8163
6259 8235
6261 6510
6261 8305
6262 6772
6263 8337
6264 7367
6264 7409
6275 7190
6278 7257
6286 6430
6287 8111
6290 7650
6293 6297
6295 8300
6299 7380
6303 7391
6308 6553
6308 7503
6312 8590
6314 6422
6320 7016
6324 8200
6326 7062
6326 8782
6328 7897
6334 8731
6336 6933
6338 8638
6343 7185
6345 7547
6347 8402
6347 8765
6355 7869
6356 6406
6357 8964
6358 8706
6362 7919
6362 8583
6365 8403
6371 7767
6373 8680
6377 7592
6377 8925
6381 7832
6383 8887
6384 7591
6386 8039
6386 8260
6387 6737
6393 8841
6395 6697
6397 7072
6398 6671
6399 7464
6402 7946
6405 7151
6407 8256
6408 6687
6409 7387
6411 7895
6417 8117
6418 8947
6420 7421
6420 7954
6422 7591
6424 7050
6430 8552
6431 8828
6432 8685
6437 7594
6448 8228
6450 8527
6453 7001
6456 8272
6457 7506
6458 7280
6460 6759
6461 7273
6462 7197
6462 8686
6463 8279
6468 7527
6471 7384
6471 8511
6473 8481
6474 6502
6474 6773
6474 7156
6475 6726
6477 8682
6482 6757
6487 6496
6487 7143
6488 8193
6499 7290
6499 8274
6500 7553
6501 7349
6502 7077
6502 8747
6503 7760
6504 7272
6505 8961
6508 8312
6510 7920
6511 7204
6514 7136
6515 6549
6523 7843
6527 7789
6530 7912
6530 8409
6531 8264
6532 8986
6535 7658
6536 7703
6537 7338
6539 7757
6542 8183
6543 6991
6544 6782
6549 7366
6556 8601
6558 8058
6560 8082
6561 7032
6564 6565
6566 7585
6570 6672
6570 8547
6573 7363
6579 6583
6579 8623
6580 6622
6591 7312
6592 6956
6594 6603
6596 7100
6599 7583
6601 8956
6602 8265
6608 8389
6611 8283
6611 8442
6613 8328
6623 8400
6633 6683
6633 8395
6636 8032
6638 7956
6640 6955
6641 7485
6645 8700
6651 7018
6652 7303
6654 8688
6654 8885
6655 7003
6666 7218
6667 7318
6672 7236
6673 6748
6677 8925
6678 7967
6681 7773
6687 7065
6687 8171
6689 8123
6695 7242
6697 8152
6699 8853
6700 8065
6702 7886
6704 8519
6711 8535
6712 6813
6712 8212
6713 6917
6713 8503
6715 8252
6721 8772
6722 7010
6726 7083
6728 6940
6733 6924
6736 7179
6739 7921
6740 6908
6741 6781
6741 7577
6744 8060
6746 6816
6750 6796
6754 8951
6755 7276
6757 7278
6758 8615
6765 7335
6767 7948
6771 6880
6796 7642
6796 7727
6797 7736
6797 8432
6807 7803
6810 6885
6810 8349
6812 8561
6813 8253
6814 8070
6815 8561
6819 7715
6823 7771
6827 7285
6827 8819
6830 8304
6831 7016
6831 7495
6837 9000
6838 8269
6840 8635
6841 7088
6844 6928
6844 7916
6845 8094
6847 8080
6857 6921
6857 8486
6866 7187
6871 7251
6871 8621
6875 7677
6877 7490
6880 7321
6883 7499
6884 7867
6886 7536
6888 8196
6891 7624
6892 7533
6892 8611
6893 7768
6895 8546
6903 8598
6906 8709
6916 8244
6918 8501
6918 8944
6920 7344
6921 8120
6923 7433
6923 8184
6930 8433
6931 7835
6931 8972
6932 8629
6939 7513
6946 8505
6948 8341
6951 8776
6953 6983
6960 7823
6961 8917
6963 7834
6978 7976
6980 8526
6985 7277
6986 7061
6988 7166
6989 7463
6991 8354
6992 7985
6993 7595
6994 7606
6994 8340
7002 7861
7002 8336
7002 8571
7002 8711
7005 8800
7006 7961
7013 7619
7015 7606
7016 7310
7017 8589
7018 7489
7020 8088
7021 8981
7028 8647
7032 7588
7034 7992
7037 7900
7041 8329
7044 7833
7048 7899
7048 8200
7051 7651
7055 8373
7066 8557
7066 8895
7068 7069
7070 8915
7072 8984
7081 8543
7082 7101
7082 7535
7083 7782
7084 8558
7089 8846
7091 7398
7094 7395
7094 8963
7097 8661
7100 7263
7102 8104
7103 8111
7103 8474
7106 7282
7106 7970
7108 8693
7109 8405
7110 8327
7113 8346
7117 8066
7118 7966
7120 8241
7126 7689
7126 7890
7133 8206
7135 7902
7138 7145
7140 7697
7149 8834
7153 8337
7154 8779
7155 8969
7160 8141
7162 8732
7164 7382
7171 8139
7175 8668
7181 8207
7181 8369
7186 7669
7187 8950
7188 8903
7189 7380
7195 7778
7209 7505
7211 7346
7212 8209
7212 8706
7212 8812
7215 8619
7230 7517
7232 8081
7233 8178
7235 8149
7237 8093
7243 7821
7245 8815
7246 8894
7247 8420
7248 8662
7250 7402
7253 8621
7257 8619
7270 7407
7274 8119
7275 8768
7279 7882
7280 7998
7280 8169
7280 8538
7281 7329
7282 8729
7283 7734
7286 8042
7286 8117
7289 8734
7293 8130
7293 8549
7295 7652
7304 7616
7314 8672
7316 7436
7318 7751
7319 7866
7324 8691
7328 7831
7330 8047
7338 7383
7343 8463
7344 8214
7344 8840
7344 8867
7346 7729
7350 7399
7352 7480
7354 8108
7355 7584
7356 8315
7364 8754
7369 8756
7379 8935
7383 8857
7388 7437
7396 8439
7398 8221
7402 8735
7404 8260
7405 8127
7419 8521
7423 7990
7424 7989
7441 7977
7446 8035
7446 8147
7454 7559
7454 7931
7455 8816
7458 7522
7463 8010
7465 7664
7465 8818
7469 7854
7470 8762
7471 8436
7481 8597
7486 8050
7488 8095
7489 7923
7491 8609
7491 8676
7491 8723
7497 7568
7509 7597
7517 8176
7521 8146
7522 8033
7525 7586
7528 8378
7535 8496
7549 8610
7551 8218
7555 8157
7557 8151
7558 8103
7560 8482
7566 8541
7570 8170
7571 8412
7585 8353
7593 8677
7605 8645
7605 8777
7610 7835
7610 8003
7615 8239
7627 8575
7629 8479
7634 8655
7638 8189
7646 8374
7651 8937
7666 8370
7678 7714
7679 8188
7679 8364
7680 8554
7694 8756
7696 8976
7708 7918
7719 8588
7720 8124
7725 8523
7757 7853
7760 8737
7764 8997
7768 8238
7775 8734
7779 8897
7783 7978
7789 8955
7797 7870
7804 7982
7809 8296
7828 8536
7836 8436
7840 8187
7861 8292
7870 8080
7886 8641
7889 8118
7890 8244
7891 8957
7893 8424
7896 8657
7911 8302
7922 8774
7923 7977
7925 8990
7951 8507
7953 8804
7954 8051
7961 8144
7973 8015
7973 8327
7975 8353
7979 8965
7980 8086
7994 8489
7997 8548
8000 8893
8008 8595
8017 8161
8019 8812
8034 8419
8039 8890
8042 8663
8049 8233
8057 8190
8070 8238
8077 8833
8089 8889
8105 8225
8105 8654
8110 8563
8116 8392
8116 8470
8125 8652
8126 8604
8139 8192
8144 8311
8151 8398
8162 8634
8168 8699
8180 8483
8184 8393
8209 8921
8221 8967
8225 8396
8239 8417
8257 8410
8267 8702
8270 8411
8332 8500
8347 8850
8357 8931
8392 8490
8395 8679
8397 8565
8397 8927
8417 8653
8432 8628
8456 8605
8458 8648
8459 8636
8473 8568
8476 8783
8497 8518
8498 8721
8510 8988
8535 8856
8546 8805
8558 8845
8565 8861
8576 8607
8590 8873
8597 8995
8606 8714
8647 8749
8647 8907
8662 8835
8667 8971
8716 8775
8747 8920
8749 8759
8782 8818
8798 8807
