1617 2190 209932683
861 1489
1679 1028
1034 700
842 395
1823 2149
1354 723
561 200
365 501
1407 1770
234 219
542 2142
831 278
934 1084
1025 883
1413 197
1073 83
2108 2153
273 1608
852 736
159 1641
1024 1102
1120 17
1202 1608
684 1887
897 1872
733 843
1925 1150
1569 473
878 1396
955 1236
2083 241
543 2127
1804 1420
1241 680
904 1821
1290 1858
1427 1052
71 1065
1880 1835
850 1999
722 2182
694 1280
1733 913
339 805
2049 1048
783 355
767 1813
2158 830
1179 1935
49 581
102 573
1083 1094
1999 1933
436 1646
343 663
868 257
2135 1216
1566 341
364 1947
1841 1938
277 1032
1100 120
22 1049
1850 1582
1103 356
240 1307
406 1161
1386 215
1840 1495
1413 1086
1934 1372
1198 1364
1489 2042
148 1069
1507 1532
363 646
120 405
1899 2011
1241 1886
390 1749
307 1945
216 104
507 628
1985 748
19 100
1517 914
1905 2063
567 1841
2004 1577
1152 1730
1120 611
1764 1098
1485 666
546 709
269 803
1031 1549
1874 1515
135 555
2141 1543
1424 825
2065 387
1184 2102
1075 2143
345 1302
135 1124
18 194
317 1105
1160 1632
110 1297
55 1366
711 2162
1237 1936
96 455
1583 1551
1829 1047
483 1180
89 871
1950 924
1207 2082
418 2127
905 51
180 751
1564 84
942 1407
220 1953
976 141
378 762
794 391
20 410
1332 1586
1248 190
645 1506
1832 154
783 2021
788 1715
878 1112
709 7
262 479
1534 2087
1602 243
1710 433
747 1642
380 1389
186 1539
12 1087
1962 1030
910 838
1656 1993
1618 1640
378 1205
1439 2101
169 9
212 949
313 767
361 229
2145 1050
67 1115
749 1235
820 1213
439 2152
846 176
994 1965
327 2114
1614 1295
146 61
639 134
1505 1228
1814 1309
2074 489
30 338
1148 1665
1783 665
1368 2061
1683 627
476 1231
678 1846
743 2109
2164 2025
2056 2093
1177 1409
522 1270
875 479
275 583
705 1757
164 1119
295 1898
1615 1879
516 1372
1040 1834
1547 1128
1338 1229
485 980
90 623
1797 473
1088 323
1463 281
1197 343
1987 999
333 686
1195 1109
1626 1042
1553 1433
505 2129
740 1569
802 948
1954 1544
2121 355
226 734
1592 575
2190 640
2029 1795
2016 1140
591 1452
2003 549
824 1180
1526 1969
107 821
1626 1020
1803 516
1177 475
237 333
1812 366
294 1013
394 920
1196 507
823 1244
1833 1938
486 1552
1555 182
711 1555
2000 902
311 1029
337 1275
1872 153
1920 749
756 405
841 1259
1457 72
1083 506
2187 1843
1138 1324
824 525
669 2034
1792 1845
178 966
1513 2161
677 2
1246 428
363 1203
861 280
483 1355
1381 2059
2053 539
873 550
1731 1827
605 416
1846 1911
585 871
1919 2155
196 982
1278 2004
565 2061
1424 1961
1667 529
230 1849
1027 348
249 2170
785 307
1012 1893
1309 1541
670 350
2134 780
1037 1490
94 2001
1310 1820
1447 773
800 1669
74 795
834 784
1720 326
33 249
1935 1015
785 2067
1704 1873
1313 618
1551 35
1819 1686
579 1324
1105 1400
600 1296
2083 1608
885 1741
1230 611
1649 1726
1145 459
2090 1989
2029 264
277 516
163 1224
839 1081
2061 859
1570 1549
1196 1716
1068 1101
1895 1369
893 38
1849 1218
791 690
645 2093
1924 1414
1159 1824
1643 1612
1710 1381
1074 1073
78 1214
1836 1508
303 201
1066 339
222 1932
671 2172
1116 1056
1191 1385
1517 1901
1795 1730
1389 702
1066 567
539 699
1894 572
1189 1398
2015 128
815 450
38 1231
1572 1188
1168 1211
1508 915
1131 686
907 450
1113 1529
993 1427
604 1036
1313 2152
1163 1687
299 452
598 907
278 312
188 1628
1491 930
83 1174
419 1996
132 2008
1954 581
428 350
1025 1825
1709 891
960 1474
1112 2092
512 1376
1269 145
2148 1466
179 1011
868 562
847 2143
223 1331
498 647
127 889
82 422
1755 1965
1218 984
1032 1218
1485 1443
1018 321
856 280
1157 297
2112 7
389 1292
1495 185
357 380
2074 611
284 1967
429 28
1676 927
269 73
2131 1002
203 958
623 1328
373 705
1875 2097
346 645
847 843
1468 559
969 655
1394 576
657 607
1275 1733
1839 2025
1341 188
1717 966
1536 214
947 1342
1197 1900
1572 807
2008 20
714 1208
221 51
1612 739
1059 694
75 1670
1810 530
1212 1926
1907 1385
1613 1998
1264 632
1089 2057
2023 1648
1553 1374
1733 1551
1244 591
912 661
455 21
1901 642
989 312
1928 1015
1568 1271
504 1729
1523 1059
259 1531
1737 1662
467 1686
681 1373
1295 647
1506 793
2154 503
1107 1868
1549 990
250 1963
614 925
948 2010
55 2060
1493 1996
237 1808
974 1635
539 1880
903 1856
2111 2144
1108 391
510 1765
1825 685
990 494
654 1617
1462 1651
521 1230
882 64
1076 100
1775 1695
1298 1207
1957 1741
1111 555
30 1334
1180 673
1133 1704
846 1089
392 564
171 1090
1768 1323
1294 1370
1973 378
441 1595
871 152
847 1752
2039 1855
1182 1787
741 642
1097 1873
1906 1080
1037 1485
1440 558
612 910
739 888
1555 1331
1820 1829
24 887
1538 1403
372 1977
1800 2081
1976 1579
1439 1806
343 1441
637 965
146 809
1927 1666
293 459
1238 2155
848 66
997 2050
1388 1955
1206 1184
465 2127
37 1830
1455 168
718 581
1606 770
219 746
1113 1288
1933 1277
1821 1680
45 1296
1819 1556
1048 1598
2131 808
2122 697
241 357
360 1896
1581 649
1382 805
1720 1839
1785 213
1393 687
2156 1611
273 1812
993 1051
733 213
1774 2079
585 1368
2012 1709
381 1583
2118 1839
2062 1808
336 318
279 1109
2150 1290
2164 991
1018 1651
526 839
1915 534
96 97
1207 336
221 1151
1163 1511
1754 2012
1430 1260
329 687
827 1576
790 2184
372 276
2116 1683
428 1803
594 1448
1297 2174
437 905
2162 70
1520 1270
16 81
1406 646
584 1071
154 422
1438 90
108 1211
1545 2100
68 449
162 2120
1503 884
442 216
219 1854
1660 1830
175 737
500 23
103 814
1638 2063
998 1596
1650 1845
562 1415
84 889
1953 2121
647 826
509 1584
103 42
1583 1775
1273 988
894 218
1683 1403
1112 359
505 1991
1106 1927
46 1979
2082 581
914 303
182 160
498 431
1747 202
395 1591
1070 680
717 169
1251 941
1405 1282
1225 1933
1398 476
2153 132
939 852
2053 520
619 892
1145 921
1062 1282
1293 1899
1804 695
1748 1333
103 1183
32 953
1124 610
1236 1789
996 386
923 972
1211 1233
67 423
1992 2037
1655 380
347 525
1294 1732
1750 544
958 2147
1556 183
1829 534
755 456
754 112
814 131
209 1493
1714 1486
724 1209
2067 356
269 2019
984 1823
1511 2060
1224 1150
1063 274
88 2133
1478 2026
1980 80
1999 2086
715 2058
1212 1634
1845 592
1111 1697
85 887
199 1097
1148 1672
1658 1333
1289 470
272 930
1070 1589
1148 465
1024 1264
1718 2105
1461 288
2153 1270
1715 1752
405 1545
321 49
118 2028
1125 1149
1968 719
311 1073
584 1767
1385 278
1585 242
765 1567
21 2101
473 1191
1812 1741
1027 1363
1912 602
923 1641
383 1560
1648 1759
109 175
83 138
1242 1225
2033 1675
182 79
1015 797
1687 255
1314 1306
260 767
76 880
481 1682
140 470
1193 171
1066 1160
6 320
407 1125
1499 571
613 1811
582 690
320 849
1286 98
1839 1426
2057 102
126 2010
362 982
797 766
2015 1795
822 1673
1665 645
140 1698
1343 2155
888 531
455 1412
1312 1218
1464 770
834 1249
75 1361
296 1089
817 386
1393 1164
573 1029
1055 1215
780 1063
1175 1508
749 515
1949 1900
841 1590
1020 1239
1712 988
179 1687
2007 2157
766 1560
1703 1306
1069 582
1656 911
1082 1371
1354 1472
698 2032
839 1968
1943 1302
218 628
1103 421
428 1271
1299 871
1131 2057
1018 1855
1273 446
117 1456
97 2088
1588 472
365 272
243 1679
783 940
1084 685
715 1731
114 1098
1650 64
210 1762
786 613
812 1841
1279 1387
633 44
1785 971
1455 1429
188 1652
879 765
327 887
136 1709
1290 421
783 730
32 1069
1725 1596
22 16
1198 1680
1596 333
1129 1224
66 2000
1796 749
273 1858
1395 278
142 388
1910 1316
1653 2025
451 2068
726 1161
39 1032
1630 1844
376 20
1233 2097
1181 1859
1126 271
2168 807
1941 1092
1977 1502
1060 273
1143 59
366 885
75 1587
1096 1821
1252 1751
1380 114
689 223
450 985
827 740
200 1519
891 1561
1103 1572
2032 1254
456 2189
645 1953
981 1257
499 967
1238 1932
1527 722
733 2159
1034 656
1126 1221
1533 754
1543 696
1970 188
408 76
627 2006
1925 202
1549 1615
2111 561
806 1195
2027 293
1745 52
671 2163
544 1688
1637 1766
853 1528
2026 1780
1104 549
1817 442
881 2187
930 142
1949 1745
800 2114
2170 1761
231 243
406 32
727 494
1213 1342
1009 548
1838 895
1363 760
116 1203
1897 1779
1307 1594
1799 744
1744 352
811 1743
1688 1207
89 1345
1176 34
1257 1228
1255 1472
1284 2066
2097 1094
349 610
845 762
679 322
794 1879
305 1215
1584 856
528 1410
439 2013
1172 865
375 506
1239 2001
1009 56
563 1489
185 1228
85 35
1641 356
648 1826
999 1207
1622 913
1095 1871
1575 337
619 1885
497 1199
2062 238
998 398
130 1550
64 901
2135 1730
2173 1362
2190 1681
1028 1358
1843 1408
2051 1575
838 1748
357 2113
1795 561
916 1839
792 1101
603 425
1216 1565
1269 966
125 1553
2082 386
1256 1318
1404 1437
552 26
520 1568
1024 289
2075 1786
328 1756
887 431
2014 2123
75 1854
1781 1261
1090 301
1799 623
744 1507
1285 1876
778 1998
2104 283
30 205
1259 2146
210 1559
2092 515
724 345
1191 2149
1507 88
1414 766
853 1475
391 431
792 1566
1598 1133
344 965
1748 1133
1692 1936
103 749
1820 1035
859 476
579 1426
1927 2122
2023 1716
171 1669
1698 290
2053 120
393 1640
1589 411
1758 1642
1046 1313
712 726
997 2164
273 2003
2169 1278
1918 489
1708 109
944 380
215 1263
1372 2104
1847 605
1885 1306
289 171
436 1515
1069 910
654 1450
1111 2147
601 326
356 846
1920 1177
259 1175
1764 92
1349 1444
1726 1213
1482 1564
384 1936
1765 1206
1244 495
1447 1730
174 275
330 1075
1657 1191
949 1061
513 1414
220 1336
1940 1771
9 566
738 1375
1104 188
2100 1292
1700 902
969 32
1282 1109
56 741
441 1967
1040 1973
274 1768
1128 2047
415 519
1165 1679
797 1074
1210 752
1023 235
218 1827
1537 493
238 1644
2091 2031
380 1627
1157 1767
1982 1938
1483 981
141 1830
1287 1589
994 267
1682 1616
891 1252
1287 1480
1548 858
1171 1623
1553 1214
502 1653
1577 61
1894 2117
140 1504
1549 109
427 991
399 1722
876 1971
967 854
1854 2002
1222 1973
104 273
374 1391
1333 1755
805 590
1680 1750
1747 704
1958 24
969 1259
1823 1025
1855 1342
1018 245
123 1470
210 314
366 1669
1031 1572
12 1812
1458 1408
770 1519
133 2146
1061 220
1642 1438
1931 609
270 2022
1739 131
320 1889
1123 1681
1644 1493
1937 356
1400 1519
431 1448
1336 1175
1922 233
924 926
1990 2180
731 96
1177 2068
589 727
1331 1911
890 1283
598 392
1361 1503
2016 1245
1056 853
927 1522
1187 1905
1016 1837
2141 2046
328 1373
851 1836
922 1350
199 1058
847 1940
1610 236
1983 622
457 749
963 2008
1969 1909
2138 2
1381 545
1478 8
578 2013
1544 1647
1651 320
12 1188
1448 914
511 742
1176 1414
386 843
1442 757
778 790
934 537
220 1629
1244 1105
766 1740
1310 1495
1940 435
634 695
1004 1647
1287 2120
1750 1078
788 1433
750 2085
675 474
480 444
1006 1311
580 2015
1008 1824
510 782
199 1396
880 1337
557 1802
958 1514
2139 1274
1918 268
1302 1571
368 750
965 676
1031 2003
1111 1536
84 960
1031 760
1465 1393
392 691
211 1733
65 1205
643 1952
2131 956
69 833
1630 755
1752 1786
867 923
2016 732
2016 315
152 1432
1627 34
881 1319
271 661
803 2029
1930 930
268 1246
1877 1155
1591 2135
1225 1535
1099 608
2022 614
1996 1813
93 1298
325 183
1678 2031
689 912
199 1802
627 1028
1583 547
1772 310
811 1239
2081 794
72 2121
775 2144
706 1348
2036 2015
1818 474
1192 1888
35 993
247 1195
2036 1515
326 504
42 512
2082 414
1225 2154
382 904
2010 1458
1019 731
2114 853
723 2007
5 1207
1485 318
1601 46
1579 1048
826 1555
623 2134
602 1037
198 122
1181 148
1643 547
1996 981
888 1677
656 543
1664 2065
24 843
1424 1440
1765 1457
533 198
1922 1650
500 206
1272 1624
832 1
1512 932
1171 1470
283 1462
708 1125
12 1542
292 180
1336 1116
380 2085
1206 1376
78 1868
977 1309
808 590
1196 881
1273 122
1198 1067
625 1296
26 1541
1158 1397
1529 105
1212 317
200 2036
1571 2167
1391 371
553 1173
2085 1989
1884 22
225 1369
93 1250
1941 565
2071 916
1540 975
537 201
136 1598
1693 898
1362 1634
1087 1493
561 586
452 180
968 1188
1567 368
917 202
572 1245
844 1276
926 238
74 1105
634 288
1902 1722
1152 315
1343 1953
1847 739
1795 1880
1072 2111
1583 196
903 1534
1483 1271
1151 1534
553 278
228 1477
815 1979
2003 1062
326 1208
592 82
1049 529
1645 1599
845 1521
1956 1122
1319 501
2117 450
1287 1689
1754 253
831 1738
2034 537
1544 326
1982 970
1495 1435
368 1317
744 1866
515 1585
552 139
1647 455
189 1659
1841 1939
1641 243
1576 75
1963 1924
1398 750
286 633
670 802
2056 490
2154 1687
723 1018
2117 1366
1373 2050
566 1636
1143 470
1084 595
975 1626
804 820
1275 1027
1475 583
1656 2067
1928 639
1984 1692
618 2031
306 1497
679 818
1822 1302
990 449
118 1069
389 972
33 394
499 2091
231 1178
1686 1243
1784 1890
80 364
324 1595
298 1678
484 1278
1596 285
970 1726
1356 1887
299 1816
1805 408
1508 591
1059 2048
2110 174
974 1375
1439 2028
405 50
1377 825
330 740
84 2181
1867 770
53 1198
1506 1128
2043 139
819 1455
1526 1287
1323 1881
953 106
944 512
65 1215
1693 2188
1483 2167
796 171
1639 1592
1319 1585
917 1291
201 991
1597 430
978 2182
1571 2112
1589 148
948 2024
1220 1783
484 1710
5 626
916 2098
352 335
1680 1625
1877 2036
637 504
656 1237
418 1189
1572 886
560 1291
1098 1648
1785 382
1128 467
1605 825
1195 44
2185 1099
1818 1626
1590 192
1509 1120
961 765
1990 1377
1922 1664
458 1131
534 1958
458 715
2007 912
1382 984
508 832
762 58
992 426
1649 1628
1459 715
851 411
40 1073
1501 1745
337 287
983 184
1311 1892
1351 1087
1072 1743
1935 338
1158 2117
1557 2060
2101 841
1219 793
2007 325
1246 1374
2 1062
1592 2078
1893 429
1498 234
952 900
300 53
23 1257
41 1829
1565 1217
1475 1658
990 193
2049 1079
2055 230
275 1797
1919 1408
1218 1429
1915 542
1529 791
744 1909
1185 2002
1483 1457
865 2099
304 1383
257 441
1597 1059
686 1719
880 414
1471 1639
210 1183
1925 2044
1295 1411
1142 303
75 5
1929 936
1915 1708
293 2092
579 902
654 881
1039 658
1722 1234
639 95
332 1631
1391 849
1164 1504
673 1758
557 112
1807 1565
1133 1704
550 634
1190 264
1129 1628
1688 830
1319 623
1586 1186
2060 887
484 584
324 1621
908 2026
1840 709
732 1125
952 186
914 752
1606 195
1683 1159
535 1432
1409 509
1376 482
1798 1390
102 73
357 1244
87 1048
1640 2173
63 592
1980 1359
376 432
239 2184
634 1356
653 1834
32 902
1629 1750
1576 1736
2062 655
348 579
1965 1280
1810 1147
2071 751
1295 1179
2066 1666
1265 647
329 1743
636 1847
202 40
1465 1734
1128 910
1666 328
347 565
646 1056
1860 1890
1054 993
2129 774
672 1370
38 1524
2181 440
1284 2118
927 1464
1144 760
628 1601
1676 2073
698 231
909 1791
1326 394
1967 2002
1421 1264
1107 379
881 163
1 967
1428 791
110 607
265 1732
1544 593
480 622
7 58
1737 1784
1795 987
20 226
72 1156
1341 192
125 494
730 107
1699 817
589 1968
892 1506
357 1822
1217 1296
414 260
1254 1707
1078 414
666 807
1747 1661
500 1261
923 973
453 81
686 2153
27 1839
2026 2072
555 1096
1882 728
1320 669
2057 641
1281 1950
170 1294
1222 1977
1900 952
1888 1672
1822 1638
51 1379
406 1981
932 1186
1548 1332
601 1949
2160 952
563 738
837 831
856 1772
391 5
144 940
1988 549
850 685
1687 577
1925 1170
1873 1326
1302 810
2091 575
1903 293
570 585
1477 1694
2171 1578
1744 1387
1288 1486
1554 192
2170 733
1103 296
1078 1612
2022 371
1748 2016
456 1637
815 1556
1101 1792
811 1151
1051 1666
2070 1965
470 578
877 358
1330 1772
1522 854
1626 809
1033 1709
612 2058
2105 459
672 1879
682 1763
945 715
526 92
1296 811
2154 1462
2116 497
357 74
146 950
1527 360
418 639
605 678
1930 479
1377 2154
854 1140
2082 1187
1787 386
1682 864
