13617
13617
2758
13617
8775
13617
13617
11524
8775
15706
15500
5823
4475
9614
4022
2758
15706
11322
5823
5870
15706
98
18171
8775
15706
8346
209
6599
12135
11322
15818
17950
4475
1614
13739
17950
1101
1101
4475
15818
17247
15706
7485
17950
7485
5257
17950
8551
2444
17950
17950
2444
12728
13739
15818
5870
1889
17950
4475
17950
11322
821
4475
11322
4475
17950
19798
13739
17950
8551
8551
4475
15818
13739
4475
17950
15818
15437
17950
19049
2227
15818
17950
11322
15612
458
17950
7331
2498
15818
17950
17950
16781
15818
12989
15818
17950
5026
11322
18105
11382
382
8551
17950
15818
17950
10898
17808
11322
3271
11322
17950
15818
17950
15818
11322
11322
2498
12281
2634
2786
17950
11322
15818
2498
2498
15818
11322
2498
11322
11322
4475
2498
17950
17950
19510
17950
2498
11322
17950
2227
17950
2227
19049
11322
12728
8551
11322
2444
11322
11322
11382
12398
5870
526
2227
11322
11322
2227
11322
17950
11382
17950
11322
17385
11322
16235
11322
11322
17950
17950
11322
11322
11322
11322
11322
11322
11322
9614
8551
8551
17950
17950
526
2227
4475
4475
12728
4475
15818
4475
11322
11322
11322
7019
11322
11322
2227
17247
2227
17385
11322
11322
8551
8551
12135
11322
4475
17385
17950
17950
17385
2227
12135
12135
7532
4475
17385
12135
12989
17385
4475
15818
17385
17385
2017
11322
17385
11322
11322
11322
8551
17385
11322
8551
8551
4475
18105
4475
17385
1354
17385
8551
4475
11993
2017
16387
8551
4475
4475
9416
11524
4475
4475
15025
7556
17808
17808
17808
8551
17808
17808
4475
8642
7405
2017
12063
12063
4756
3076
15314
12063
17808
8642
10389
2786
4475
12063
4475
4475
17299
17808
2758
8642
4475
8642
11524
4475
12063
4475
5228
8642
4475
17808
4475
4868
12063
17808
12063
4475
17729
17808
98
15818
17808
4475
12063
12063
17808
4475
12063
2017
9416
15818
4475
17808
12063
4475
8642
12063
4475
17808
6051
12063
8642
8642
17808
8642
8642
12063
12063
8642
12063
8642
3919
8642
3919
8642
8452
8452
12063
1945
8452
12063
3919
3919
12063
8452
3919
12728
3919
8452
15818
7405
12063
12063
15818
8452
8452
8452
8452
1711
8452
6262
8452
12063
3919
8452
8452
12063
12063
8452
8452
8452
8452
8452
8452
8452
3919
8452
8452
18105
8452
12063
15818
8452
3919
8452
7574
12708
8452
12063
3919
8452
17889
15818
8452
8452
12241
8452
8551
8584
8551
8452
8452
15818
8452
8452
8452
8452
15818
8452
8452
8452
8452
8452
8584
12063
8452
8399
8452
12063
8642
8452
18105
4459
7585
4459
3919
8452
8452
3919
8452
8452
15818
18469
18105
12063
6096
15336
7811
12453
12063
13739
4459
8452
8452
18105
7170
12063
4459
16235
8452
2017
4459
8452
8452
8452
8452
12135
12063
2017
4459
8452
8452
12063
18105
2017
15818
8452
8452
2017
8452
8452
8452
8551
7170
12135
12135
3986
8452
710
13739
8452
12063
8452
8452
15774
4459
8452
12063
8452
3919
8452
12063
8452
8452
12063
15818
8452
8452
12063
11101
8452
4868
15818
8452
18105
8452
821
4182
8452
8452
4182
8452
7811
15818
4182
8452
12063
12063
12063
4182
4868
16235
8452
4182
12063
4182
8452
8452
12063
8452
8452
8452
8452
8452
8452
8452
8074
12063
8452
8452
12398
18105
12063
526
8452
11458
8452
12063
12063
12063
12241
16060
4182
8452
8452
8452
8452
8452
18105
8452
18105
5970
9329
8452
16235
17738
9884
8452
8452
8452
4182
8452
8452
8452
18105
8452
15818
13082
12063
8452
4459
4459
11322
12063
8452
8452
17783
8452
15818
8983
8452
8452
8992
8452
2836
8452
8452
12063
15706
8452
4459
8452
8452
8452
8452
12063
8452
12256
8452
4459
11322
8452
11322
8452
8452
15818
4459
8452
12063
8452
11322
7811
8452
8452
8452
8452
8452
6985
11322
8452
8613
4459
11322
1945
4459
18105
8452
4459
5009
7811
8452
8983
4459
8452
8452
8983
18105
11322
8452
8452
4459
19321
4459
18105
18105
8452
8452
8452
8507
12063
8452
12063
8452
8452
4459
8452
8452
1486
2795
4459
526
8452
18105
15818
15818
4459
8452
15661
8452
18105
8452
12063
4459
11101
7811
18105
12063
8452
18105
18105
7811
2786
11322
8452
12063
17808
8452
9202
8452
8452
8452
9202
8452
18092
8452
8452
4459
8452
8452
8452
1945
8452
8452
8452
8452
11322
12708
15818
12063
4182
8452
18105
11322
11322
18105
18105
8260
8452
8452
8452
18105
18105
4459
8452
8452
8452
8452
12063
2795
11382
17992
12708
1235
8278
7401
710
8983
8452
8452
11322
8452
8452
11322
8452
8452
12063
17783
4897
4897
18105
18105
8452
8452
8452
8452
8452
8452
8452
8452
8452
8452
19154
8452
2795
8452
7116
17992
8452
8452
8452
11382
145
8452
8452
18105
17808
8452
8452
18105
10813
8452
5345
8452
8452
8452
15818
4897
8278
4897
8452
11382
1101
2017
8452
18105
7260
13739
8452
11382
599
8452
8452
8452
4475
8452
8452
8452
8452
8452
8452
11382
8452
8452
8452
19154
8452
4897
8452
11382
8452
4897
8446
15818
7401
15818
2537
9416
1554
8452
8452
8446
8452
8983
2795
8452
11382
11382
8452
8452
7811
15818
8452
8452
8452
8452
7170
8452
10508
8452
8452
8452
7401
8452
15818
8452
8452
8452
18324
8452
2795
8452
8452
8452
8452
8452
8452
8452
8452
8452
8452
8452
4868
4868
9329
15818
8452
8452
8452
11382
8452
11382
8452
8452
8452
8452
8452
8452
4868
15815
4868
11382
2795
8452
7401
4868
11524
8452
6788
9202
15815
8452
4868
11382
11382
8452
5345
15815
8452
8452
7170
8452
8452
8452
8452
15815
8452
15815
8452
8452
4868
8452
8452
8452
16610
8452
8452
11382
4868
8452
8452
4868
12692
15815
8452
2795
12241
4868
8452
8452
15815
8452
12063
8452
8452
15815
8452
8452
8452
8452
8452
15815
12189
4868
8452
11382
8452
11382
8452
8452
11382
8452
2017
17261
10813
8452
8452
8205
8452
18105
8452
8452
8452
8452
6788
8452
2795
8452
8452
8452
4279
8452
8452
7401
8452
18105
8452
8452
8452
4868
2498
11382
8452
8452
8452
8452
8452
8452
8452
8452
8452
11993
8452
8452
4868
8452
8452
8452
8452
2795
18215
11581
8452
18105
8452
4868
11382
11382
8452
8452
2795
11382
10813
8452
18105
8452
8322
18105
8452
8452
18105
8452
4868
8452
19477
11382
8452
11382
11382
18105
8452
8452
8452
11382
8452
18105
10813
18105
11382
11382
8452
8452
4868
8507
4868
15815
12869
4868
11358
15815
11587
15815
1945
9202
15815
11358
11358
11358
11358
4868
11358
11358
15815
11358
18105
145
9614
8507
8507
8507
2242
18105
9202
2795
5345
18105
18105
5345
8507
18105
8507
8507
4347
11358
8507
18105
15815
8507
8507
7170
8507
8507
9202
8507
15815
8507
7019
1977
9202
15742
8507
8507
8507
18105
15297
4868
7401
8507
526
11358
8507
8205
8507
8507
11358
8882
15815
8507
19477
11358
12063
9808
9202
8507
9202
8507
8507
15815
8507
8507
11319
7067
8507
8507
5345
18105
8507
16060
15010
8507
8507
8507
8507
13739
8507
8507
8507
1457
8507
10508
10508
8507
8507
10813
8507
8507
8507
8507
8507
8507
4118
18105
8507
8507
8507
8507
7116
2795
7401
8507
8113
8507
7116
8507
8507
8507
8507
8507
8507
10508
7401
2070
8507
8507
5345
19321
8507
15815
10508
18731
8507
8507
19321
8507
8507
8507
8278
19321
8507
8507
8507
9202
5345
8507
8507
7170
9614
9202
8507
8507
18105
9202
9202
9202
9202
13739
7728
9202
9329
9202
15815
9202
9202
1737
9202
9202
15815
17783
9202
9202
9202
10508
5345
15815
9202
10508
11571
7401
9202
9202
17783
19321
19349
18105
8507
8507
8507
8507
8507
1737
8507
19242
7856
5345
8507
8507
19209
15815
8507
526
8507
13739
5345
12063
4897
10898
19321
8507
9202
9202
9202
7801
6083
10508
9202
9202
9202
9202
9202
4446
11274
9202
10508
17783
9329
9202
9202
9202
11319
16060
9416
9202
173
9202
15815
9329
12241
18095
9202
9202
5345
9614
9202
9202
9329
8507
8507
8507
15815
8507
8507
8507
8507
8507
10508
9202
8507
7728
15028
8507
8507
8507
16060
8507
8507
18105
19321
16009
7170
18105
9329
7856
7401
8507
10508
19321
8507
8507
8507
8507
8507
9329
8507
10898
14338
8507
8507
8507
8507
14338
5369
4868
8507
5369
7856
8507
11319
16060
8507
13739
8507
8507
8507
8507
9202
18105
19321
8507
8507
10508
4446
18105
8507
8507
8507
9329
5369
10508
10508
8507
10508
16060
10898
8507
8507
8507
9202
8507
8507
8278
8507
5369
8507
8507
8507
9329
8507
8507
8507
8507
8507
18105
8507
1666
8507
8507
4446
10898
8507
8507
8507
8507
6417
145
8507
8507
18278
10508
8507
11319
8507
8507
8507
5369
11571
19049
8507
18278
8507
7856
8507
4347
8507
5369
8507
8507
4446
8507
5369
8507
5369
8507
2795
1737
8507
11319
8507
7856
9416
8507
8507
8507
11524
3549
8507
16060
8507
8507
16060
19321
8983
8507
14250
9404
10508
8507
9202
8507
10508
8507
7811
8507
5369
145
8507
7811
4446
7588
14287
18105
10508
18105
5369
7811
2339
11319
2836
7170
8507
15028
8507
8507
8507
8507
7170
16235
11993
8507
8507
8507
8507
8507
8507
9202
8507
8507
8507
8507
1737
8507
8507
9329
19103
5695
8507
8507
16060
10587
7811
145
19477
7116
18917
7588
2795
8507
2795
9202
8507
5440
8507
16060
9329
8507
2795
5695
9713
10508
7170
8507
8507
18105
8507
8507
1945
8507
8507
8507
8507
8507
19209
8507
16060
8507
5440
10587
4652
19949
8507
18105
8507
8507
8507
8507
7170
8507
8507
8507
18095
15815
5440
8507
10508
8507
8507
8507
8507
8507
8507
8507
16060
8507
8507
8507
2605
8507
8507
18105
4868
8507
10712
8507
8507
8507
11807
10508
8507
8507
5440
8507
8507
3461
9202
10508
8507
10508
8507
19331
16060
8507
18105
8507
8507
4868
10508
8507
8507
10712
8507
9713
8507
4411
8507
8507
8507
11101
19321
8507
8507
8507
10508
8507
8507
8507
14287
8507
8507
8507
6083
8507
16060
8507
8507
8507
7811
15815
11524
5440
8507
7728
8507
8507
11319
8507
19321
9202
10008
18917
8507
8507
8507
8507
8507
8507
8507
16387
9202
8507
16060
8507
8507
15480
8507
9808
15247
8507
8507
8507
2795
8507
8507
2795
5440
16413
9202
9404
7811
7811
16060
7811
7811
145
12692
5440
7811
17385
7811
7811
7811
4652
7811
7811
7811
8507
10712
8507
8507
7811
8507
8507
5440
16060
8507
8507
8507
16060
9202
16060
8507
18105
8507
8507
15028
5440
8452
8507
8507
16060
1576
8507
10592
8507
16060
18105
2342
7170
2795
8507
8507
8507
19477
11524
9884
10508
4475
8507
8507
4050
8507
12001
8507
19477
7811
5440
8507
9884
11448
2759
8452
9808
8452
8452
5440
8452
11993
8452
9404
8452
11382
7811
7170
15815
7811
7811
19103
11382
7811
8452
7811
7811
7811
7811
8452
8452
8452
8452
15815
9713
7811
8452
16585
15815
8452
7811
18278
8452
8452
8452
10592
15480
4475
18105
9346
10712
8452
8452
8452
8452
8452
8452
8452
19477
8452
8452
8452
5440
11993
8452
8452
8452
8452
5440
15815
8452
145
8452
19477
8452
4279
9202
8452
7481
10983
8452
11382
8452
8452
8452
8452
10508
8551
16087
3832
8452
8452
15815
5225
8452
8452
8452
15815
9404
8452
6083
7651
8452
8452
8452
6453
10508
18917
8452
8452
8452
4868
2795
8452
5440
8452
5440
8452
5440
5440
8452
5440
11382
8452
15815
8452
2795
9011
15815
13082
18917
11382
7811
15815
8452
8452
4050
8452
8452
8452
8452
8452
8551
8452
5440
8452
4965
8452
8452
18917
15815
9404
8452
15247
5463
8452
10508
8452
8507
14287
8507
5046
8507
9202
15815
5440
8507
19477
1945
8507
18105
15815
8507
8507
3885
10508
9808
8507
2795
13082
7331
7811
8551
526
9202
8507
8507
5440
8507
19477
8507
8507
8507
19477
9808
18917
8507
10508
8507
8507
18917
19103
15163
16009
10508
5440
16009
5164
14287
8507
8507
9202
7485
12063
8507
8507
7811
8507
8507
1945
8507
7728
8507
8507
18324
8507
8507
9202
10508
8507
8507
8507
8507
5440
15523
2795
8507
2795
12001
8507
8507
8507
8507
7811
19425
7811
19477
8507
8507
15661
19477
7728
16009
2140
7588
8507
11571
8507
7811
10508
12001
8452
7170
8507
17230
8507
8507
8507
19331
18278
8507
4264
8507
16009
8507
18278
16009
8507
19477
18278
12001
5440
4475
14635
8507
8507
8452
8278
8507
8507
8507
8507
19477
11382
8507
821
8507
5440
10508
8507
16126
8452
8507
8507
8507
8507
8507
8507
8507
8507
8507
11319
11319
15297
12398
10508
7651
9903
8507
19477
11319
5440
11319
8507
8507
8584
8507
8507
10508
7811
10640
5440
13671
8507
8507
7728
8507
18105
8507
1945
8507
8507
8507
8507
8507
8642
8507
8507
8507
17385
8507
9617
8507
8507
8507
4279
12241
11300
8507
8507
8507
5164
5440
8507
2795
17385
12241
8507
4219
5440
15759
8507
7811
7811
8507
8507
4475
12087
8507
8507
8507
8507
8507
8507
8507
9202
8507
8507
8507
7811
9202
8507
8507
5440
8507
8507
8507
8575
18278
10983
8507
18917
2566
8507
16009
13303
8507
17950
8507
5440
5440
11571
8507
8507
8507
19103
8507
9202
16009
18536
12241
9329
5440
8507
9202
15612
8507
7801
8507
9202
7832
10924
8507
9903
8507
8507
8507
7832
8551
8507
8507
5369
16009
8507
8507
11300
8507
19209
18278
8507
8507
10983
8507
8507
1342
8507
8507
8507
8507
5369
8507
19370
8507
17950
18278
19477
14902
8507
8507
5660
8507
2795
10983
8507
8507
8507
2795
19136
8507
8507
17385
11300
19477
14052
18278
12692
17385
8507
10508
11800
8507
8507
12063
5369
5369
4965
8507
2795
8507
8983
7832
19331
8507
5369
8507
5369
8507
8507
8507
8507
8507
8507
8507
8507
8507
9713
8507
1711
19425
7832
8507
8507
145
8507
12001
19477
8507
11524
5440
3885
5440
4868
9713
5440
8507
5440
16585
8507
8507
8507
8507
8507
8507
9202
8507
8507
8507
8507
8507
11382
8507
16009
2795
8507
8507
8507
8507
9202
2795
8507
8507
8507
5440
8507
8507
5440
19129
8507
8507
9808
8507
2795
11300
18278
13303
16009
8507
12063
8507
11300
8507
7574
19477
8507
5369
2795
18171
13858
8507
16235
10508
8507
15815
18067
19477
8507
2795
8507
8507
8507
9202
16306
12692
9202
8507
8507
8507
2795
10508
15163
4279
9202
5577
8507
17950
8507
4279
8507
10508
8507
7832
8507
5369
2795
5369
8507
8507
8507
8507
8507
9202
8507
16306
8507
19154
8507
19477
8507
8507
8507
8507
8507
11800
2795
8507
9617
8507
145
18917
8507
14902
15163
8507
9884
4279
11300
8507
19477
15815
10508
6068
8507
8507
11300
17950
8556
11300
18067
12241
8556
8556
8556
8556
5369
17385
8556
8556
9617
18816
8556
5510
8556
8556
5369
8556
18278
8556
9202
8556
2795
17948
8556
7801
15163
8983
15815
6140
8556
17261
8556
5369
8556
19154
12692
8556
8556
8556
8556
19477
8556
5369
18256
8556
5369
8556
1945
8983
10508
5369
8556
8556
19477
8556
9617
8556
8556
19477
5369
19477
19477
18270
2795
18278
11300
17913
12256
10475
19477
8556
18917
12692
8556
19477
8556
8556
17783
19477
8556
8556
16931
18917
8556
18083
8556
9617
4207
15815
5369
8556
8556
5369
8556
8556
8556
9713
8556
15815
5369
8556
8556
8556
13303
8556
8556
19477
8556
15815
8556
9202
8556
8556
19242
19154
8556
11300
8556
8556
15163
17783
8556
8556
12869
8556
8556
17385
19477
19577
8556
8556
13988
14517
11300
9808
8556
8556
8556
8556
8278
8556
9202
5369
8556
19286
8556
8556
3832
8556
8556
8556
8556
8556
11300
8556
8556
8556
19477
7801
8556
8556
5369
9713
7331
9202
7801
11300
10508
8556
17522
8556
8278
9202
9617
12692
8507
15612
11300
8507
5369
8507
15815
7588
8507
8507
8507
8507
8507
5369
8507
4897
18917
15815
8507
526
10983
8507
8507
10508
5369
12001
16585
8507
8507
18105
4279
11300
8507
8507
8507
8507
9617
5369
9329
18105
8507
8507
8507
8507
8507
15815
8507
8507
8507
11524
15815
8507
19331
8507
18278
5369
8507
7801
8507
5369
8507
4897
8507
7651
8507
8507
8507
8507
8507
15815
8507
15815
8507
8507
4897
8507
18917
8507
19477
5369
8507
4475
18917
8507
11458
8507
8507
19477
6068
8507
6533
8507
5369
4897
8507
9254
5369
8507
8507
15815
8507
8507
8507
8507
8507
8507
8556
8556
8556
18278
8556
8556
18105
8983
11300
8556
8556
8556
16306
8556
8556
5369
8983
8556
8556
8556
4897
18105
18105
8556
8983
8556
8556
8556
8983
10508
8556
4897
19067
8556
8556
19477
15815
5369
11800
8556
8556
8556
16413
16931
8556
8556
14015
8556
8556
11300
10508
8556
8556
4897
15163
10508
11300
8556
8556
8556
8556
2795
8556
8983
8556
15163
17950
15163
18324
11300
9617
8556
8556
8556
8983
8556
8983
2681
15815
8633
4897
8556
10508
8556
9617
8556
4897
8556
8556
15163
9617
19477
15163
644
8556
8556
11300
8556
15815
8556
19067
8556
4897
10983
8556
8556
10508
8556
8556
8556
15815
8556
8556
4897
8556
8556
15815
8556
9504
8245
9617
4897
8556
8556
8556
8556
8556
8556
4475
526
19136
7801
9808
8556
18816
8556
15163
18324
8556
10508
8556
15815
19477
8556
8556
8556
8556
7229
8556
8556
8556
9329
8556
7832
19477
8556
8556
8556
8556
12063
8556
8556
19477
8556
4897
15815
8556
8556
4897
8556
8556
4897
8556
8556
15815
8556
15815
8556
8556
19103
17950
8556
8983
8556
15815
8556
2444
4897
8983
19477
8556
8556
8556
8983
15815
19425
8556
9254
18862
8556
19477
11300
8556
11700
8556
8556
15815
8556
7651
8579
10508
4897
4897
15815
8556
2795
17808
11800
8556
8556
17808
11300
8556
8556
13858
8556
145
8556
8556
8556
17950
17808
8556
8556
15815
9254
4897
15815
19286
19477
4897
18324
11300
8556
8556
8556
4897
9329
8556
16235
8556
4897
19321
2795
8556
8556
8556
8556
8556
9254
8556
8556
1945
8556
9254
8556
4756
2795
15815
8556
17077
8556
8556
4897
8556
8556
8556
11300
8556
2795
526
15815
8556
9808
8556
8556
10508
8556
2795
19425
4897
8556
8556
5369
9808
8556
8556
11640
8556
11800
16585
7651
2795
8556
8556
8278
15163
18816
7801
8556
15815
8452
9713
8556
5369
19477
8556
11524
18324
8983
15815
8556
9713
8556
5369
8556
8556
8556
8278
8556
13858
8556
8556
4897
8556
8556
8556
4897
8983
12989
15661
7728
7651
16235
7651
4279
19477
13858
8556
8556
8556
9713
11300
9254
10508
9808
7856
8556
8556
7856
8556
8278
8556
17808
173
10508
8556
19154
11300
4459
9713
8556
8556
4897
8556
8556
8278
8556
8556
8556
8556
8556
8556
12241
2795
18917
7801
8556
8556
19477
9254
5369
8556
9254
11300
4459
8452
9713
17955
8556
8556
8556
8556
18816
11300
8983
10545
10508
8556
13303
8556
7801
8556
2795
4897
2566
4897
8556
18324
2795
18324
8556
8556
8556
2795
8556
4897
19154
8556
2562
4279
8556
4897
8556
8556
8556
9254
2566
8556
8556
8556
8556
19321
18816
8556
8556
8556
9202
4459
8556
8556
12241
8556
8556
8556
2795
4897
11300
8556
8556
9713
17955
15815
8556
4897
10508
8556
8556
8556
8556
8556
8556
8556
1570
8579
19154
15815
8556
8556
8556
9713
8556
8556
19321
8556
4279
18278
8556
19321
8556
8556
10508
12989
8556
8556
8556
19
8556
8556
8556
4897
8556
8556
8556
8556
8556
7801
15815
10508
18092
8556
4897
43
8556
10508
19321
8556
8556
8556
9202
11300
8556
7801
9202
8556
10508
8556
8556
8556
8278
8556
11458
89
8556
8556
8556
8556
8556
18324
4279
17955
16235
8556
8556
19321
8452
4897
8556
8556
8556
8556
2795
15815
8556
19154
19321
2795
9202
8556
9202
11300
8556
8446
18324
8556
11300
8556
9202
15163
8556
8556
8556
11300
12989
8556
8556
15991
11800
8556
8556
8556
8556
8556
8556
9202
9202
8556
9202
11300
11300
8556
8556
4897
4897
7801
8556
8556
4897
11300
8556
8556
8556
8556
8556
8556
8556
4897
8556
11300
9202
9202
8556
19425
8556
15991
4897
8556
4459
8556
8556
8278
11300
8556
11300
7801
15815
8556
8556
8556
8556
8556
8556
8556
7801
8556
8556
15991
8556
17713
18816
8556
18324
18278
8556
8556
8556
19321
8278
15991
8556
8556
19154
8556
4897
8556
8556
9202
8556
11300
15991
8556
8556
11807
8556
12256
8556
8556
12692
8556
8556
15991
17077
8556
8556
8556
4897
18917
17955
11300
9202
15991
15991
18324
4897
955
17077
11300
11300
8556
16235
4897
8556
8556
9713
8556
5987
8556
8556
8556
5463
17361
8556
19154
18816
5369
8556
9808
8556
8556
8556
18324
8556
8556
4897
4897
11300
1679
8556
8556
11300
8556
8556
8556
9713
8556
11640
8556
12063
8556
8556
11358
8556
8556
2795
8556
8556
8556
8556
8452
8556
11300
2795
8556
4897
18816
8556
8556
8556
11300
8556
8556
19425
8556
8556
8556
5524
8556
9202
8556
9202
8278
15991
8556
7801
9202
11300
15032
8556
18816
8556
8556
9202
13183
8556
1614
8556
4459
8556
15991
19425
18171
8556
11300
14989
11300
11300
8556
4897
12103
15991
8556
19321
8556
8556
8556
8556
10508
18324
8556
8556
8556
8556
14138
4897
7401
8556
11300
13082
4897
8556
9202
4897
8556
8556
8556
8556
15991
821
11300
8556
8556
8556
8556
5870
15163
4897
18917
8556
8556
1679
8278
4897
18324
15991
5369
8556
8556
8556
8556
9713
8556
8556
11717
8556
10508
11807
8556
43
8556
8556
8556
8556
8556
8556
7801
8556
8278
19242
8556
19154
8556
8556
8556
11300
8556
4446
4897
11411
12692
8556
11300
8556
2580
8278
1342
8556
8556
4897
11300
9713
4897
9202
19286
8245
15759
145
18599
8556
12692
15991
8556
8556
8556
8556
8556
8556
11800
8556
526
8556
9713
9202
8556
15991
14517
2580
8556
7801
8556
8556
8556
4897
8556
8556
8556
9202
18278
8556
8556
8556
8556
8556
9202
4897
11300
8556
8556
4247
19242
15991
7801
19321
8556
526
11300
7324
8556
19321
19067
11587
8556
8556
8556
8556
8556
8556
15815
15163
18324
360
8556
4897
8556
8556
8556
12087
15163
8556
8556
8556
9713
8556
11274
4897
9713
4897
11274
8556
8556
8556
8556
9248
4897
8556
8556
8556
8556
4897
17955
9713
8556
4897
8556
8556
9202
19425
19242
15991
8556
8556
11358
9202
18324
14069
11274
8556
19425
8556
15991
11274
11274
8556
8556
9146
8556
7856
7856
2946
8556
11800
11274
11274
13303
8556
8556
5440
15991
8556
8556
16235
19136
8556
8556
8556
8556
8556
11274
15991
7856
8556
8556
15991
8556
8556
16235
8556
11274
9248
8556
8556
9713
15991
9146
8556
15163
8556
8556
12692
8556
18917
18917
8556
8556
4944
8556
12917
8556
8556
8556
8556
8556
9146
8556
9146
4279
8556
2580
8556
5301
4897
4897
15163
8152
8556
9713
8556
8556
19425
11274
4897
8556
8556
19425
4897
8556
18818
15991
11274
8556
8556
8556
8556
8556
14989
8556
145
11274
8556
11458
19425
8556
8556
8556
8440
8556
19425
8556
8556
11274
4897
8556
4279
8556
8556
8556
15991
19425
8556
18324
8556
15991
10508
4897
8556
8556
4897
8556
11274
12917
8556
19425
8556
8556
8556
8556
8556
8556
8556
11274
8556
12063
15991
8556
8556
2795
8556
8556
9713
8556
11628
8556
11274
5440
19154
11274
9146
8556
145
8556
6504
8556
4897
15163
8556
8556
4897
8556
11274
8556
8556
8556
8556
8556
8556
8556
8556
4897
7116
8556
19477
15991
8556
8556
8556
19154
8556
5487
8556
8556
8556
8556
11274
8547
8556
8556
8556
8556
8556
11274
2580
19477
8556
8556
15991
8556
8556
4897
15991
8556
8556
8556
15774
19477
9248
8556
12917
19477
8556
9713
7856
4897
8556
8556
18818
8556
15991
8556
11458
8556
8556
8556
6313
8556
8556
8556
17385
11300
19154
19477
11274
8556
8556
9146
8556
11274
8556
19242
4897
9713
8556
8556
13082
5164
8556
8556
8556
15991
4897
8556
15815
15991
11274
8556
15991
8556
11319
8556
2605
7856
11524
8556
8556
12869
8556
8556
9146
8556
8507
8556
4897
8556
8556
541
8556
8556
11571
8556
541
15991
8556
8556
5362
8556
8556
4897
15991
8556
8556
11700
8556
8556
4897
8556
15991
8556
11319
9713
4897
8556
9146
11274
8556
8556
4897
7801
8556
8556
4897
8556
8556
4897
4897
8556
15991
6262
11274
8556
4897
18818
11274
11274
8556
8556
6262
8556
8556
8556
2580
8556
4897
4897
8556
8556
15991
9713
11158
15991
8556
8556
8556
8556
4134
8556
12063
8556
8556
11274
8556
8556
8556
8556
8556
8556
8556
8556
8556
9713
8556
9713
8556
15991
11274
7693
9713
19477
8556
8556
8556
4897
11274
8556
7797
8556
8556
8556
8556
11158
7801
19242
8556
11274
8556
4897
4897
43
8556
13303
8556
15991
761
8556
8556
8556
8556
8556
11274
8556
19425
11274
7801
5362
8556
11274
11274
8556
4897
11274
11274
19477
8556
6453
15991
664
11274
11524
8556
11274
11274
11274
8556
4897
8556
8556
11264
8556
11274
11274
18917
11274
5362
11274
8556
8556
8556
8556
11524
6068
8556
8556
8556
8556
15163
8556
8556
15991
5362
11274
4411
15991
8556
8556
4897
8556
11274
8556
11274
14199
8556
8556
4897
11274
541
15991
11274
11274
15991
15991
11274
4897
4897
15991
4897
14922
19321
2342
11274
11274
11274
19477
11274
8556
7801
11274
8556
11274
11274
15991
11274
11274
8556
15991
1614
15991
11274
11274
11274
11274
4897
11274
19321
11274
541
19477
15523
11274
11274
11274
11274
11274
11274
11274
541
2580
11274
4897
11274
15991
4897
11274
11274
11274
11274
18917
11274
9808
11274
9808
9808
11274
11274
4897
11274
4897
11274
11274
4475
11274
4897
11274
11274
11274
1614
8556
8556
11274
16638
5164
8556
15991
15991
11274
11274
11274
8556
11274
11274
11274
5400
11274
15991
4897
11274
11274
11274
11274
11274
11274
15163
11274
11274
11274
11274
12241
4897
8556
8556
8556
4897
2566
8556
11274
11274
18917
8556
11274
19242
11274
8556
8556
8556
8556
4897
15163
8556
8556
8556
6068
8556
8556
4022
8556
8556
8556
8556
7801
11274
17077
8556
8556
11274
4897
8556
11274
11274
11274
7485
11274
15991
11274
15991
11274
11274
11274
11319
18278
7856
11274
4897
11274
11274
15991
8556
8452
15163
11656
11274
8556
4897
15437
11274
18917
12869
4897
8556
11274
16814
15991
8556
8556
4897
11274
8556
8556
15163
8556
8556
8556
4897
15163
16235
8556
8556
15523
8556
8556
8556
8556
8556
8556
8556
7801
195
8399
8556
4411
8556
8556
8556
15163
9808
2566
8556
4897
4897
8556
2566
8556
18278
8556
18278
8556
8556
8556
15991
10508
8556
11274
15991
43
8556
8556
8556
15163
8556
9808
8556
8556
8556
17077
8556
11274
8556
4411
18917
10508
11274
8556
4897
8556
8556
15991
18917
8556
8556
8556
11274
8556
19425
8556
11274
15991
15163
8556
9808
5301
8556
5301
8556
8556
8556
15032
8556
4897
8556
18183
8556
12289
8452
8556
9713
8556
8556
6435
9893
8556
15991
8556
9713
8556
9713
8556
8556
18643
11358
8556
15163
8556
8556
8556
8556
8556
18073
18917
8556
9713
9713
8556
2566
15032
8556
19613
9713
15163
11377
9713
15163
9713
9713
9713
9713
9713
9713
10508
19321
9713
9713
9713
9713
9713
8556
3885
9713
10508
9713
9713
15163
9713
9713
11300
15163
10508
9975
9975
9975
4897
9975
9975
9975
15991
9975
4897
4897
9975
9975
8556
11274
4411
9975
9975
19613
15163
9975
7386
11274
7801
14447
9975
9975
15163
9975
4296
15163
9975
8556
18278
9975
9975
4897
9975
8556
4022
9975
9975
15991
15163
9975
9975
15991
9975
16413
15163
9975
12869
8556
10508
9975
15163
9975
9975
4897
9975
9975
4944
9975
9975
9975
9975
9975
9975
9975
8452
11274
2566
9713
9975
15163
17992
9975
4897
9975
9975
9975
9975
8399
14989
9975
4897
9975
7801
15163
4897
9975
4897
9975
8882
8452
11274
9975
15163
18917
8556
9975
189
19613
9975
9975
9975
9975
4411
8556
18917
15163
4897
9975
18278
9975
145
9713
9713
541
9713
9713
2566
15163
9713
2566
9713
9713
9713
15163
9713
11300
15163
9713
9713
9713
9975
9713
9713
9713
9713
5362
3986
15163
9713
9713
13049
4897
9713
9713
9713
9713
15991
9713
15991
15163
9713
9713
7801
9713
4897
14275
9713
9713
9713
9713
15163
9713
8556
9713
15163
4134
9713
9713
9713
11274
9713
9713
11274
15991
9713
9713
9713
9713
7485
9713
15163
9713
9713
9713
9713
9713
11274
9713
9975
7651
8309
9713
17100
9713
9713
4897
13049
14828
9713
9713
9713
11274
7728
9713
11274
9713
9713
7651
9713
3636
9713
2580
13082
18278
9713
9713
8309
15163
15163
8556
9713
9713
4897
15163
9713
9713
9713
16253
15991
10508
10508
10508
9713
541
5549
11571
10508
15163
14275
11274
11274
11274
11274
15163
11274
15163
11274
11274
11274
4897
11274
11274
15163
4411
145
14199
11274
4897
10508
11274
8556
11274
11274
4411
10508
11358
15163
11358
8556
2946
10508
10508
10508
4897
19613
7801
11358
18917
10508
4897
11358
11358
11358
11358
15163
11358
11358
11358
11358
11358
15163
11358
8556
10508
11358
541
14199
11358
11358
11358
11358
10508
11358
4897
11358
11358
11358
11358
11358
4897
11358
11358
10508
11358
13303
19425
11358
11358
9713
11358
11358
10465
15991
15991
2580
2580
11358
18092
18917
11358
4897
14902
11358
3986
11358
11358
15991
15991
8556
11358
11358
11358
19609
11358
189
11358
15991
8556
11358
8556
11358
11358
8556
18917
11358
11358
11358
4411
11358
11358
11358
11358
2580
14275
8556
2580
11358
15991
18278
15991
11358
11358
11358
8556
13923
11358
11358
15991
4897
8556
4411
4897
11358
8556
18677
8556
15991
11358
11358
11358
189
8556
11358
11358
8556
8556
15991
11358
15991
11358
15991
15991
4868
11358
11358
11358
9146
11358
11358
10508
11358
15163
11358
11358
11358
10508
4897
11358
15991
11358
10508
4897
15163
15163
10508
10508
10508
15163
11358
19613
11358
10508
10508
10508
10508
10508
15163
10508
857
7728
8556
10508
9713
11358
15163
11358
15991
15163
18917
13303
11358
4897
6262
