300 300
-21 -20 3 17 -43 5 16 -20 -16 49 22 27 -22 47 -26 -6 -33 -49 -34 27 -32 -23 33 -37 -47 1 18 -9 2 -14 -24 0 35 -41 -11 25 -20 13 24 -13 46 -47 -35 -35 -11 -36 -7 -37 10 44 -25 -8 8 49 -47 39 48 23 -28 -47 -23 -21 -39 29 -25 50 -32 -45 32 39 9 -2 -16 48 29 -27 10 3 -48 50 -45 11 -10 -47 -16 10 23 -27 -35 32 12 -6 13 -49 -21 -47 -46 -7 29 15 -31 -24 -16 36 21 34 -31 10 -40 39 46 -19 42 -9 38 -44 -1 23 -18 27 36 -14 9 20 13 -10 -27 32 42 3 -18 40 -34 -42 -11 -49 3 7 31 28 -39 -37 38 -25 23 -15 -42 12 -25 3 10 -37 20 -22 50 -34 -28 3 -33 41 -43 26 42 -45 13 -50 22 -41 -13 41 20 0 -26 10 -15 42 -28 -26 31 40 -23 7 -3 6 -39 -14 33 -13 40 -17 28 -45 45 2 24 -11 26 7 48 -12 -2 11 30 -2 1 16 -11 11 -34 36 -22 -4 1 -24 26 -33 21 10 37 -18 14 30 36 -3 42 -45 44 -35 16 41 6 -21 1 -16 6 -31 -7 14 9 -14 4 -13 11 49 -17 25 23 -29 -39 -32 -5 44 -5 -30 34 -14 -27 -15 -24 -32 20 49 -47 34 13 3 32 30 -11 -41 -40 32 17 -34 36 11 -27 -46 -3 2 -30 -23 -9 -20 26 45 10 19 50 -44 -14 42 -6 -42 24 20 -15 -36 15 20 
1 127 159 -3
1 159 252 -4
2 252 285
1 79 92 3
1 27 249 1
2 4 58
1 83 130 2
1 109 190 4
2 173 245
2 76 81
1 35 240 0
1 56 172 -1
2 29 94
1 288 297 2
2 184 210
2 156 243
1 157 224 1
2 41 253
2 34 57
2 69 177
1 97 101 -2
1 77 237 4
1 147 267 5
1 191 212 -3
1 14 278 5
1 1 183 3
1 33 258 -2
2 193 233
1 137 254 5
1 54 199 3
1 156 284 0
1 151 164 -4
2 217 249
1 32 168 -3
2 212 296
2 50 280
1 204 297 2
2 174 282
1 36 188 -4
2 63 249
1 2 20 2
2 172 299
2 135 161
2 227 250
1 91 239 4
1 81 230 0
1 124 261 4
2 116 162
1 65 75 -5
2 35 128
2 46 251
2 251 293
1 109 234 5
1 46 290 3
2 141 280
1 46 78 5
1 27 187 -5
2 212 246
1 51 60 -3
1 32 196 1
1 87 148 0
1 116 215 1
2 142 284
1 45 273 -3
2 39 170
2 59 282
2 7 132
1 48 246 4
1 82 181 5
1 236 244 -3
2 1 114
1 233 293 2
1 36 206 1
2 9 223
2 18 281
1 102 239 0
1 223 226 5
1 132 176 -5
1 18 51 0
2 153 212
2 15 55
2 234 283
1 162 243 4
1 96 298 1
1 263 294 3
2 11 48
1 195 202 0
2 137 255
2 85 173
2 115 243
2 13 174
2 16 237
2 17 72
2 41 59
2 33 111
1 31 85 0
2 96 208
2 11 54
1 54 150 5
1 174 235 2
1 72 117 -5
2 78 121
2 104 248
2 124 276
2 125 195
1 34 183 -4
1 43 180 1
1 126 172 -1
1 42 91 -1
2 229 282
1 33 74 3
1 27 167 1
2 51 269
2 42 94
1 244 267 -5
2 18 97
2 94 150
1 13 236 -2
2 103 258
2 59 125
1 88 285 4
2 147 230
2 179 224
2 200 284
1 115 299 -1
2 110 151
2 202 251
1 81 139 -4
2 71 167
2 159 172
2 208 278
2 109 191
2 105 298
2 169 173
1 130 140 -1
2 21 176
1 91 219 -5
2 47 209
2 28 117
1 8 283 -1
2 13 114
2 129 139
2 44 278
2 68 134
1 59 150 3
1 129 265 5
1 51 157 0
2 90 272
1 25 223 1
2 74 94
2 151 231
2 222 279
1 210 249 -5
1 72 257 5
2 74 275
1 28 201 2
1 240 260 -1
1 16 217 1
2 54 300
1 149 262 3
1 37 39 2
1 79 110 -1
2 87 191
2 200 228
2 65 189
1 152 196 -5
2 211 220
2 81 277
2 81 108
2 143 298
2 18 169
1 30 180 3
2 192 291
2 52 253
1 5 189 5
1 13 222 -3
2 9 209
1 183 206 -3
1 162 263 3
1 122 286 -2
2 148 148
2 7 276
2 115 217
1 67 242 5
1 11 256 1
1 59 212 5
2 13 194
1 130 245 -4
1 43 125 2
1 131 216 -5
1 281 286 5
1 21 120 -1
1 46 82 -4
2 40 64
1 74 100 1
2 169 233
1 56 209 -5
2 198 299
2 139 173
2 80 120
2 164 210
2 13 220
2 142 212
2 47 58
1 115 186 1
2 45 155
2 66 91
1 146 227 -5
1 236 258 2
1 62 125 4
1 226 281 -3
2 44 49
2 10 96
1 62 95 -2
1 67 96 5
2 207 265
1 8 181 4
1 73 73 -3
2 119 274
2 70 255
2 63 210
2 105 208
2 197 239
2 110 143
1 99 179 3
1 172 249 3
1 6 200 3
1 77 280 -5
2 16 248
2 140 213
2 33 264
1 23 197 3
2 14 85
1 27 148 1
1 9 140 -2
1 13 135 -2
1 170 190 -4
1 106 188 -4
1 53 181 1
1 64 141 -3
2 169 188
1 121 175 4
1 96 99 1
2 85 176
2 130 231
2 16 278
2 30 35
2 60 236
1 232 284 3
1 232 251 1
2 55 101
1 46 218 1
1 130 215 2
2 4 163
1 41 60 0
1 24 132 2
1 169 184 4
1 97 100 0
2 134 188
1 115 246 -3
1 3 248 3
1 16 153 0
2 154 197
2 126 237
1 127 242 -2
2 13 27
1 80 224 0
2 212 230
1 110 250 0
1 211 277 -3
1 288 288 0
1 101 243 4
2 120 160
1 116 235 -5
1 26 271 2
2 31 68
2 176 267
1 232 294 5
1 209 210 -3
1 116 215 -4
1 201 293 3
1 151 296 5
2 25 76
1 234 243 -5
1 53 142 2
2 62 85
2 44 249
2 59 201
2 107 270
2 171 290
1 109 220 5
1 99 293 0
2 67 270
1 13 234 -1
1 45 194 4
1 5 81 2
1 142 300 -2
1 118 131 3
2 103 210
1 74 200 -3
