263
18
226
79
94
192
166
166
42
166
226
226
290
60
278
68
290
136
249
136
68
68
290
278
226
278
42
60
42
42
42
42
166
42
278
42
249
94
136
42
42
42
42
42
97
42
79
136
263
136
278
79
42
42
94
136
79
161
192
263
136
249
81
161
263
136
298
173
42
81
42
42
136
81
81
94
81
161
278
81
298
94
226
81
216
81
81
298
42
290
55
42
148
42
136
42
42
192
298
161
81
166
42
161
55
55
81
44
42
263
270
249
81
136
216
136
42
161
42
42
185
136
136
278
34
60
55
42
136
161
136
18
226
136
42
263
42
81
44
60
270
278
270
136
