3000
2 1
3 2
4 3
5 4
6 5
7 6
8 7
9 8
10 9
11 10
12 11
13 12
14 13
15 14
16 15
17 16
18 17
19 18
20 19
21 20
22 21
23 22
24 23
25 24
26 25
27 26
28 27
29 28
30 29
31 30
32 31
33 32
34 33
35 34
36 35
37 36
38 37
39 38
40 39
41 40
42 41
43 42
44 43
45 44
46 45
47 46
48 47
49 48
50 49
51 50
52 51
53 52
54 53
55 54
56 55
57 56
58 57
59 58
60 59
61 60
62 61
63 62
64 63
65 64
66 65
67 66
68 67
69 68
70 69
71 70
72 71
73 72
74 73
75 74
76 75
77 76
78 77
79 78
80 79
81 80
82 81
83 82
84 83
85 84
86 85
87 86
88 87
89 88
90 89
91 90
92 91
93 92
94 93
95 94
96 95
97 96
98 97
99 98
100 99
101 100
102 101
103 102
104 103
105 104
106 105
107 106
108 107
109 108
110 109
111 110
112 111
113 112
114 113
115 114
116 115
117 116
118 117
119 118
120 119
121 120
122 121
123 122
124 123
125 124
126 125
127 126
128 127
129 128
130 129
131 130
132 131
133 132
134 133
135 134
136 135
137 136
138 137
139 138
140 139
141 140
142 141
143 142
144 143
145 144
146 145
147 146
148 147
149 148
150 149
151 150
152 151
153 152
154 153
155 154
156 155
157 156
158 157
159 158
160 159
161 160
162 161
163 162
164 163
165 164
166 165
167 166
168 167
169 168
170 169
171 170
172 171
173 172
174 173
175 174
176 175
177 176
178 177
179 178
180 179
181 180
182 181
183 182
184 183
185 184
186 185
187 186
188 187
189 188
190 189
191 190
192 191
193 192
194 193
195 194
196 195
197 196
198 197
199 198
200 199
201 200
202 201
203 202
204 203
205 204
206 205
207 206
208 207
209 208
210 209
211 210
212 211
213 212
214 213
215 214
216 215
217 216
218 217
219 218
220 219
221 220
222 221
223 222
224 223
225 224
226 225
227 226
228 227
229 228
230 229
231 230
232 231
233 232
234 233
235 234
236 235
237 236
238 237
239 238
240 239
241 240
242 241
243 242
244 243
245 244
246 245
247 246
248 247
249 248
250 249
251 250
252 251
253 252
254 253
255 254
256 255
257 256
258 257
259 258
260 259
261 260
262 261
263 262
264 263
265 264
266 265
267 266
268 267
269 268
270 269
271 270
272 271
273 272
274 273
275 274
276 275
277 276
278 277
279 278
280 279
281 280
282 281
283 282
284 283
285 284
286 285
287 286
288 287
289 288
290 289
291 290
292 291
293 292
294 293
295 294
296 295
297 296
298 297
299 298
300 299
301 300
302 301
303 302
304 303
305 304
306 305
307 306
308 307
309 308
310 309
311 310
312 311
313 312
314 313
315 314
316 315
317 316
318 317
319 318
320 319
321 320
322 321
323 322
324 323
325 324
326 325
327 326
328 327
329 328
330 329
331 330
332 331
333 332
334 333
335 334
336 335
337 336
338 337
339 338
340 339
341 340
342 341
343 342
344 343
345 344
346 345
347 346
348 347
349 348
350 349
351 350
352 351
353 352
354 353
355 354
356 355
357 356
358 357
359 358
360 359
361 360
362 361
363 362
364 363
365 364
366 365
367 366
368 367
369 368
370 369
371 370
372 371
373 372
374 373
375 374
376 375
377 376
378 377
379 378
380 379
381 380
382 381
383 382
384 383
385 384
386 385
387 386
388 387
389 388
390 389
391 390
392 391
393 392
394 393
395 394
396 395
397 396
398 397
399 398
400 399
401 400
402 401
403 402
404 403
405 404
406 405
407 406
408 407
409 408
410 409
411 410
412 411
413 412
414 413
415 414
416 415
417 416
418 417
419 418
420 419
421 420
422 421
423 422
424 423
425 424
426 425
427 426
428 427
429 428
430 429
431 430
432 431
433 432
434 433
435 434
436 435
437 436
438 437
439 438
440 439
441 440
442 441
443 442
444 443
445 444
446 445
447 446
448 447
449 448
450 449
451 450
452 451
453 452
454 453
455 454
456 455
457 456
458 457
459 458
460 459
461 460
462 461
463 462
464 463
465 464
466 465
467 466
468 467
469 468
470 469
471 470
472 471
473 472
474 473
475 474
476 475
477 476
478 477
479 478
480 479
481 480
482 481
483 482
484 483
485 484
486 485
487 486
488 487
489 488
490 489
491 490
492 491
493 492
494 493
495 494
496 495
497 496
498 497
499 498
500 499
501 500
502 501
503 502
504 503
505 504
506 505
507 506
508 507
509 508
510 509
511 510
512 511
513 512
514 513
515 514
516 515
517 516
518 517
519 518
520 519
521 520
522 521
523 522
524 523
525 524
526 525
527 526
528 527
529 528
530 529
531 530
532 531
533 532
534 533
535 534
536 535
537 536
538 537
539 538
540 539
541 540
542 541
543 542
544 543
545 544
546 545
547 546
548 547
549 548
550 549
551 550
552 551
553 552
554 553
555 554
556 555
557 556
558 557
559 558
560 559
561 560
562 561
563 562
564 563
565 564
566 565
567 566
568 567
569 568
570 569
571 570
572 571
573 572
574 573
575 574
576 575
577 576
578 577
579 578
580 579
581 580
582 581
583 582
584 583
585 584
586 585
587 586
588 587
589 588
590 589
591 590
592 591
593 592
594 593
595 594
596 595
597 596
598 597
599 598
600 599
601 600
602 601
603 602
604 603
605 604
606 605
607 606
608 607
609 608
610 609
611 610
612 611
613 612
614 613
615 614
616 615
617 616
618 617
619 618
620 619
621 620
622 621
623 622
624 623
625 624
626 625
627 626
628 627
629 628
630 629
631 630
632 631
633 632
634 633
635 634
636 635
637 636
638 637
639 638
640 639
641 640
642 641
643 642
644 643
645 644
646 645
647 646
648 647
649 648
650 649
651 650
652 651
653 652
654 653
655 654
656 655
657 656
658 657
659 658
660 659
661 660
662 661
663 662
664 663
665 664
666 665
667 666
668 667
669 668
670 669
671 670
672 671
673 672
674 673
675 674
676 675
677 676
678 677
679 678
680 679
681 680
682 681
683 682
684 683
685 684
686 685
687 686
688 687
689 688
690 689
691 690
692 691
693 692
694 693
695 694
696 695
697 696
698 697
699 698
700 699
701 700
702 701
703 702
704 703
705 704
706 705
707 706
708 707
709 708
710 709
711 710
712 711
713 712
714 713
715 714
716 715
717 716
718 717
719 718
720 719
721 720
722 721
723 722
724 723
725 724
726 725
727 726
728 727
729 728
730 729
731 730
732 731
733 732
734 733
735 734
736 735
737 736
738 737
739 738
740 739
741 740
742 741
743 742
744 743
745 744
746 745
747 746
748 747
749 748
750 749
751 750
752 751
753 752
754 753
755 754
756 755
757 756
758 757
759 758
760 759
761 760
762 761
763 762
764 763
765 764
766 765
767 766
768 767
769 768
770 769
771 770
772 771
773 772
774 773
775 774
776 775
777 776
778 777
779 778
780 779
781 780
782 781
783 782
784 783
785 784
786 785
787 786
788 787
789 788
790 789
791 790
792 791
793 792
794 793
795 794
796 795
797 796
798 797
799 798
800 799
801 800
802 801
803 802
804 803
805 804
806 805
807 806
808 807
809 808
810 809
811 810
812 811
813 812
814 813
815 814
816 815
817 816
818 817
819 818
820 819
821 820
822 821
823 822
824 823
825 824
826 825
827 826
828 827
829 828
830 829
831 830
832 831
833 832
834 833
835 834
836 835
837 836
838 837
839 838
840 839
841 840
842 841
843 842
844 843
845 844
846 845
847 846
848 847
849 848
850 849
851 850
852 851
853 852
854 853
855 854
856 855
857 856
858 857
859 858
860 859
861 860
862 861
863 862
864 863
865 864
866 865
867 866
868 867
869 868
870 869
871 870
872 871
873 872
874 873
875 874
876 875
877 876
878 877
879 878
880 879
881 880
882 881
883 882
884 883
885 884
886 885
887 886
888 887
889 888
890 889
891 890
892 891
893 892
894 893
895 894
896 895
897 896
898 897
899 898
900 899
901 900
902 901
903 902
904 903
905 904
906 905
907 906
908 907
909 908
910 909
911 910
912 911
913 912
914 913
915 914
916 915
917 916
918 917
919 918
920 919
921 920
922 921
923 922
924 923
925 924
926 925
927 926
928 927
929 928
930 929
931 930
932 931
933 932
934 933
935 934
936 935
937 936
938 937
939 938
940 939
941 940
942 941
943 942
944 943
945 944
946 945
947 946
948 947
949 948
950 949
951 950
952 951
953 952
954 953
955 954
956 955
957 956
958 957
959 958
960 959
961 960
962 961
963 962
964 963
965 964
966 965
967 966
968 967
969 968
970 969
971 970
972 971
973 972
974 973
975 974
976 975
977 976
978 977
979 978
980 979
981 980
982 981
983 982
984 983
985 984
986 985
987 986
988 987
989 988
990 989
991 990
992 991
993 992
994 993
995 994
996 995
997 996
998 997
999 998
1000 999
1001 1000
1002 1001
1003 1002
1004 1003
1005 1004
1006 1005
1007 1006
1008 1007
1009 1008
1010 1009
1011 1010
1012 1011
1013 1012
1014 1013
1015 1014
1016 1015
1017 1016
1018 1017
1019 1018
1020 1019
1021 1020
1022 1021
1023 1022
1024 1023
1025 1024
1026 1025
1027 1026
1028 1027
1029 1028
1030 1029
1031 1030
1032 1031
1033 1032
1034 1033
1035 1034
1036 1035
1037 1036
1038 1037
1039 1038
1040 1039
1041 1040
1042 1041
1043 1042
1044 1043
1045 1044
1046 1045
1047 1046
1048 1047
1049 1048
1050 1049
1051 1050
1052 1051
1053 1052
1054 1053
1055 1054
1056 1055
1057 1056
1058 1057
1059 1058
1060 1059
1061 1060
1062 1061
1063 1062
1064 1063
1065 1064
1066 1065
1067 1066
1068 1067
1069 1068
1070 1069
1071 1070
1072 1071
1073 1072
1074 1073
1075 1074
1076 1075
1077 1076
1078 1077
1079 1078
1080 1079
1081 1080
1082 1081
1083 1082
1084 1083
1085 1084
1086 1085
1087 1086
1088 1087
1089 1088
1090 1089
1091 1090
1092 1091
1093 1092
1094 1093
1095 1094
1096 1095
1097 1096
1098 1097
1099 1098
1100 1099
1101 1100
1102 1101
1103 1102
1104 1103
1105 1104
1106 1105
1107 1106
1108 1107
1109 1108
1110 1109
1111 1110
1112 1111
1113 1112
1114 1113
1115 1114
1116 1115
1117 1116
1118 1117
1119 1118
1120 1119
1121 1120
1122 1121
1123 1122
1124 1123
1125 1124
1126 1125
1127 1126
1128 1127
1129 1128
1130 1129
1131 1130
1132 1131
1133 1132
1134 1133
1135 1134
1136 1135
1137 1136
1138 1137
1139 1138
1140 1139
1141 1140
1142 1141
1143 1142
1144 1143
1145 1144
1146 1145
1147 1146
1148 1147
1149 1148
1150 1149
1151 1150
1152 1151
1153 1152
1154 1153
1155 1154
1156 1155
1157 1156
1158 1157
1159 1158
1160 1159
1161 1160
1162 1161
1163 1162
1164 1163
1165 1164
1166 1165
1167 1166
1168 1167
1169 1168
1170 1169
1171 1170
1172 1171
1173 1172
1174 1173
1175 1174
1176 1175
1177 1176
1178 1177
1179 1178
1180 1179
1181 1180
1182 1181
1183 1182
1184 1183
1185 1184
1186 1185
1187 1186
1188 1187
1189 1188
1190 1189
1191 1190
1192 1191
1193 1192
1194 1193
1195 1194
1196 1195
1197 1196
1198 1197
1199 1198
1200 1199
1201 1200
1202 1201
1203 1202
1204 1203
1205 1204
1206 1205
1207 1206
1208 1207
1209 1208
1210 1209
1211 1210
1212 1211
1213 1212
1214 1213
1215 1214
1216 1215
1217 1216
1218 1217
1219 1218
1220 1219
1221 1220
1222 1221
1223 1222
1224 1223
1225 1224
1226 1225
1227 1226
1228 1227
1229 1228
1230 1229
1231 1230
1232 1231
1233 1232
1234 1233
1235 1234
1236 1235
1237 1236
1238 1237
1239 1238
1240 1239
1241 1240
1242 1241
1243 1242
1244 1243
1245 1244
1246 1245
1247 1246
1248 1247
1249 1248
1250 1249
1251 1250
1252 1251
1253 1252
1254 1253
1255 1254
1256 1255
1257 1256
1258 1257
1259 1258
1260 1259
1261 1260
1262 1261
1263 1262
1264 1263
1265 1264
1266 1265
1267 1266
1268 1267
1269 1268
1270 1269
1271 1270
1272 1271
1273 1272
1274 1273
1275 1274
1276 1275
1277 1276
1278 1277
1279 1278
1280 1279
1281 1280
1282 1281
1283 1282
1284 1283
1285 1284
1286 1285
1287 1286
1288 1287
1289 1288
1290 1289
1291 1290
1292 1291
1293 1292
1294 1293
1295 1294
1296 1295
1297 1296
1298 1297
1299 1298
1300 1299
1301 1300
1302 1301
1303 1302
1304 1303
1305 1304
1306 1305
1307 1306
1308 1307
1309 1308
1310 1309
1311 1310
1312 1311
1313 1312
1314 1313
1315 1314
1316 1315
1317 1316
1318 1317
1319 1318
1320 1319
1321 1320
1322 1321
1323 1322
1324 1323
1325 1324
1326 1325
1327 1326
1328 1327
1329 1328
1330 1329
1331 1330
1332 1331
1333 1332
1334 1333
1335 1334
1336 1335
1337 1336
1338 1337
1339 1338
1340 1339
1341 1340
1342 1341
1343 1342
1344 1343
1345 1344
1346 1345
1347 1346
1348 1347
1349 1348
1350 1349
1351 1350
1352 1351
1353 1352
1354 1353
1355 1354
1356 1355
1357 1356
1358 1357
1359 1358
1360 1359
1361 1360
1362 1361
1363 1362
1364 1363
1365 1364
1366 1365
1367 1366
1368 1367
1369 1368
1370 1369
1371 1370
1372 1371
1373 1372
1374 1373
1375 1374
1376 1375
1377 1376
1378 1377
1379 1378
1380 1379
1381 1380
1382 1381
1383 1382
1384 1383
1385 1384
1386 1385
1387 1386
1388 1387
1389 1388
1390 1389
1391 1390
1392 1391
1393 1392
1394 1393
1395 1394
1396 1395
1397 1396
1398 1397
1399 1398
1400 1399
1401 1400
1402 1401
1403 1402
1404 1403
1405 1404
1406 1405
1407 1406
1408 1407
1409 1408
1410 1409
1411 1410
1412 1411
1413 1412
1414 1413
1415 1414
1416 1415
1417 1416
1418 1417
1419 1418
1420 1419
1421 1420
1422 1421
1423 1422
1424 1423
1425 1424
1426 1425
1427 1426
1428 1427
1429 1428
1430 1429
1431 1430
1432 1431
1433 1432
1434 1433
1435 1434
1436 1435
1437 1436
1438 1437
1439 1438
1440 1439
1441 1440
1442 1441
1443 1442
1444 1443
1445 1444
1446 1445
1447 1446
1448 1447
1449 1448
1450 1449
1451 1450
1452 1451
1453 1452
1454 1453
1455 1454
1456 1455
1457 1456
1458 1457
1459 1458
1460 1459
1461 1460
1462 1461
1463 1462
1464 1463
1465 1464
1466 1465
1467 1466
1468 1467
1469 1468
1470 1469
1471 1470
1472 1471
1473 1472
1474 1473
1475 1474
1476 1475
1477 1476
1478 1477
1479 1478
1480 1479
1481 1480
1482 1481
1483 1482
1484 1483
1485 1484
1486 1485
1487 1486
1488 1487
1489 1488
1490 1489
1491 1490
1492 1491
1493 1492
1494 1493
1495 1494
1496 1495
1497 1496
1498 1497
1499 1498
1500 1499
1501 1
1502 1
1503 1
1504 491
1505 1
1506 684
1507 263
1508 846
1509 1
1510 1
1511 1
1512 1296
1513 1
1514 1
1515 1
1516 1
1517 1132
1518 1
1519 1
1520 1
1521 1
1522 1
1523 1257
1524 1232
1525 659
1526 1
1527 215
1528 1
1529 1
1530 1
1531 1331
1532 1
1533 1
1534 1
1535 224
1536 1
1537 429
1538 1
1539 1
1540 1
1541 501
1542 396
1543 19
1544 1
1545 1
1546 1
1547 1
1548 1
1549 292
1550 1
1551 250
1552 1
1553 1
1554 1
1555 371
1556 1
1557 1
1558 407
1559 230
1560 1
1561 1
1562 1
1563 595
1564 1
1565 690
1566 1
1567 1389
1568 673
1569 1
1570 1410
1571 1
1572 1
1573 472
1574 754
1575 10
1576 1
1577 1
1578 1370
1579 1
1580 1
1581 1
1582 1
1583 1
1584 1
1585 1
1586 208
1587 1
1588 553
1589 1
1590 1
1591 1
1592 1097
1593 1
1594 1
1595 1
1596 543
1597 1244
1598 1
1599 391
1600 516
1601 1
1602 1
1603 149
1604 1538
1605 1
1606 1
1607 1
1608 1
1609 1
1610 1
1611 1
1612 605
1613 1196
1614 1
1615 1
1616 1
1617 1
1618 55
1619 1260
1620 1
1621 323
1622 1
1623 1
1624 1385
1625 1
1626 82
1627 1
1628 1455
1629 1
1630 1
1631 1344
1632 1
1633 1
1634 1
1635 996
1636 1
1637 1
1638 1
1639 1
1640 1
1641 412
1642 970
1643 1615
1644 608
1645 1
1646 1333
1647 1
1648 1
1649 457
1650 312
1651 1
1652 1
1653 1
1654 1
1655 1
1656 1290
1657 376
1658 1
1659 880
1660 420
1661 1
1662 1
1663 1
1664 1
1665 1315
1666 1
1667 1
1668 856
1669 234
1670 1
1671 1
1672 830
1673 278
1674 1
1675 1
1676 1
1677 964
1678 1
1679 639
1680 1
1681 1
1682 1
1683 891
1684 1
1685 1
1686 1
1687 1
1688 1
1689 1
1690 654
1691 992
1692 1356
1693 1
1694 1
1695 1
1696 1330
1697 1
1698 329
1699 1
1700 1
1701 1
1702 1
1703 1
1704 1
1705 1242
1706 194
1707 1
1708 1
1709 1411
1710 784
1711 345
1712 1
1713 1
1714 1
1715 1
1716 239
1717 1
1718 821
1719 1
1720 342
1721 1
1722 1
1723 1
1724 1
1725 553
1726 1120
1727 1
1728 1
1729 1
1730 1112
1731 1
1732 1
1733 1
1734 1
1735 1
1736 1
1737 396
1738 1105
1739 1
1740 1
1741 1
1742 890
1743 1
1744 1
1745 1
1746 1
1747 1
1748 27
1749 1402
1750 1585
1751 1
1752 1
1753 1
1754 1
1755 1508
1756 1
1757 1
1758 1
1759 1
1760 1
1761 282
1762 984
1763 1
1764 1
1765 1
1766 1
1767 1
1768 1
1769 1
1770 1677
1771 1
1772 1
1773 1
1774 1
1775 1
1776 1
1777 1
1778 1
1779 1
1780 1266
1781 1
1782 1043
1783 1
1784 1
1785 1
1786 116
1787 1129
1788 1
1789 1
1790 1
1791 886
1792 1
1793 1
1794 1
1795 1744
1796 348
1797 1
1798 1
1799 1
1800 1
1801 1
1802 1
1803 768
1804 434
1805 1
1806 1
1807 1
1808 1514
1809 1
1810 1601
1811 1
1812 1
1813 1
1814 1
1815 1
1816 1
1817 1
1818 1158
1819 1
1820 1
1821 1
1822 1385
1823 1
1824 1237
1825 1
1826 11
1827 1
1828 1
1829 1
1830 1
1831 1
1832 1
1833 96
1834 1702
1835 1
1836 1
1837 1186
1838 1615
1839 1
1840 1316
1841 1
1842 336
1843 1485
1844 1
1845 1
1846 1
1847 479
1848 1
1849 1
1850 1
1851 1
1852 1
1853 1
1854 1
1855 1
1856 1
1857 1
1858 1323
1859 498
1860 1
1861 92
1862 719
1863 1
1864 1
1865 1
1866 1
1867 1
1868 1
1869 1
1870 897
1871 923
1872 1
1873 1
1874 1
1875 1
1876 1
1877 1
1878 510
1879 1
1880 1
1881 1
1882 1
1883 1394
1884 1
1885 1
1886 1
1887 1
1888 1
1889 5
1890 1
1891 517
1892 1
1893 1
1894 1
1895 462
1896 1
1897 283
1898 1
1899 1
1900 800
1901 1
1902 1
1903 1
1904 1
1905 1
1906 1
1907 1690
1908 1820
1909 1
1910 1479
1911 1
1912 619
1913 628
1914 954
1915 1
1916 351
1917 1
1918 1
1919 1
1920 1
1921 1
1922 1
1923 1
1924 1735
1925 1
1926 1
1927 1
1928 316
1929 491
1930 168
1931 1
1932 405
1933 1
1934 150
1935 1
1936 1
1937 257
1938 1869
1939 1
1940 1
1941 1
1942 1
1943 1
1944 1
1945 1858
1946 1
1947 1868
1948 401
1949 1
1950 1
1951 1239
1952 798
1953 1
1954 358
1955 1
1956 1532
1957 1
1958 1
1959 1
1960 154
1961 1
1962 1
1963 1
1964 1
1965 1
1966 589
1967 1
1968 1
1969 297
1970 1
1971 1
1972 1
1973 1
1974 1
1975 19
1976 1
1977 1
1978 1
1979 1373
1980 1
1981 1
1982 1
1983 1
1984 1133
1985 1
1986 64
1987 1
1988 795
1989 1
1990 1
1991 799
1992 1
1993 1
1994 1509
1995 1
1996 1
1997 1
1998 1
1999 1
2000 1461
2001 1
2002 1
2003 1
2004 1863
2005 1
2006 1
2007 1444
2008 1051
2009 1664
2010 1
2011 1597
2012 1507
2013 1
2014 1744
2015 1
2016 1
2017 1
2018 1678
2019 20
2020 1
2021 1
2022 1
2023 1
2024 1
2025 1487
2026 1084
2027 1006
2028 1
2029 1
2030 553
2031 1
2032 1
2033 1
2034 1
2035 1
2036 1
2037 1
2038 1
2039 1
2040 1
2041 1
2042 50
2043 1
2044 1
2045 1
2046 1
2047 1
2048 1
2049 1
2050 167
2051 1
2052 1193
2053 471
2054 678
2055 1
2056 326
2057 1
2058 1
2059 1
2060 1
2061 1
2062 1
2063 1
2064 1120
2065 1422
2066 1
2067 1
2068 43
2069 1
2070 313
2071 1
2072 1352
2073 1
2074 1
2075 1
2076 1
2077 1
2078 1484
2079 1
2080 162
2081 1
2082 1
2083 1065
2084 1213
2085 1
2086 2061
2087 1
2088 1
2089 1
2090 1
2091 676
2092 1
2093 862
2094 1
2095 1
2096 1
2097 2014
2098 256
2099 1047
2100 1254
2101 1
2102 1
2103 1
2104 430
2105 310
2106 1
2107 1
2108 1
2109 1
2110 1288
2111 1505
2112 1
2113 1
2114 1
2115 1
2116 904
2117 1
2118 596
2119 1
2120 1
2121 276
2122 1
2123 1
2124 198
2125 1
2126 1
2127 1483
2128 1
2129 1
2130 1
2131 1
2132 726
2133 1509
2134 1470
2135 1
2136 1322
2137 1
2138 1
2139 1754
2140 206
2141 1
2142 1
2143 1
2144 1
2145 1
2146 1
2147 1
2148 1
2149 1
2150 1
2151 1
2152 1
2153 1
2154 1
2155 1
2156 1
2157 1
2158 1
2159 1
2160 887
2161 1617
2162 830
2163 1
2164 1908
2165 1
2166 880
2167 1229
2168 1
2169 710
2170 582
2171 148
2172 1
2173 1
2174 1
2175 1743
2176 1
2177 1584
2178 1
2179 1
2180 2047
2181 1824
2182 2052
2183 1
2184 1
2185 1
2186 1
2187 1
2188 1260
2189 1968
2190 1
2191 1895
2192 1
2193 1
2194 1
2195 492
2196 1
2197 1
2198 46
2199 1160
2200 1
2201 1
2202 1
2203 1
2204 1
2205 1
2206 1
2207 1815
2208 109
2209 1
2210 2194
2211 1
2212 1
2213 1805
2214 1
2215 1
2216 1
2217 1
2218 1441
2219 1
2220 719
2221 1668
2222 1
2223 1
2224 1
2225 1
2226 1
2227 1
2228 949
2229 1
2230 1
2231 1
2232 1462
2233 1
2234 1394
2235 422
2236 1
2237 33
2238 1
2239 1
2240 436
2241 1
2242 1
2243 1
2244 1
2245 796
2246 1036
2247 1
2248 759
2249 1
2250 1
2251 1
2252 557
2253 1
2254 2165
2255 1774
2256 1
2257 1
2258 1
2259 1
2260 1221
2261 1019
2262 1
2263 1806
2264 1
2265 1
2266 1
2267 1
2268 1
2269 1
2270 1
2271 1
2272 265
2273 722
2274 235
2275 1
2276 656
2277 1
2278 1
2279 1051
2280 1
2281 779
2282 1
2283 1
2284 1
2285 1
2286 1
2287 10
2288 1
2289 1
2290 1
2291 1880
2292 1
2293 1
2294 1
2295 1
2296 1
2297 1
2298 1
2299 1
2300 1660
2301 1
2302 1
2303 1
2304 1
2305 1
2306 1
2307 1
2308 250
2309 1
2310 2237
2311 1
2312 1
2313 1
2314 1
2315 1
2316 2101
2317 1
2318 1
2319 742
2320 1
2321 1
2322 1
2323 2142
2324 1
2325 1
2326 1
2327 1731
2328 1
2329 1
2330 1
2331 685
2332 2147
2333 1
2334 1
2335 1
2336 1
2337 1
2338 1
2339 713
2340 1
2341 1
2342 1
2343 1
2344 1
2345 309
2346 1
2347 905
2348 2095
2349 1
2350 1
2351 1
2352 2090
2353 1
2354 1
2355 1
2356 1
2357 1
2358 1
2359 2137
2360 1
2361 1
2362 603
2363 1901
2364 1
2365 128
2366 599
2367 1
2368 1
2369 1
2370 1
2371 1
2372 1
2373 1
2374 1
2375 2118
2376 1
2377 1
2378 1953
2379 1
2380 1
2381 2197
2382 715
2383 1
2384 1
2385 1
2386 1
2387 547
2388 1642
2389 1325
2390 2076
2391 1
2392 1
2393 1
2394 65
2395 1
2396 1
2397 1
2398 347
2399 1
2400 1922
2401 1
2402 1
2403 1
2404 1
2405 254
2406 1405
2407 1
2408 69
2409 1385
2410 2109
2411 1
2412 285
2413 1
2414 2100
2415 1
2416 1
2417 1
2418 493
2419 1
2420 1
2421 1
2422 1
2423 1
2424 1405
2425 1
2426 1301
2427 1
2428 1
2429 1189
2430 694
2431 1162
2432 1
2433 1
2434 1
2435 1773
2436 1
2437 1
2438 252
2439 2114
2440 240
2441 1
2442 1005
2443 675
2444 1
2445 1
2446 1
2447 702
2448 1
2449 414
2450 1
2451 1039
2452 1
2453 1986
2454 1
2455 1
2456 1
2457 1
2458 2377
2459 1
2460 2309
2461 1708
2462 1746
2463 1
2464 467
2465 1
2466 2332
2467 1
2468 1
2469 2185
2470 1
2471 1095
2472 1
2473 1
2474 1
2475 1
2476 2115
2477 1
2478 1
2479 1
2480 318
2481 1
2482 1
2483 1
2484 2460
2485 1
2486 1
2487 1
2488 1
2489 1
2490 1124
2491 210
2492 1338
2493 1
2494 1
2495 1449
2496 1
2497 362
2498 2011
2499 1502
2500 810
2501 1
2502 1
2503 926
2504 1
2505 1
2506 1
2507 1
2508 1
2509 1
2510 1855
2511 1
2512 1
2513 1705
2514 1
2515 1925
2516 1834
2517 1
2518 1
2519 1
2520 1496
2521 1
2522 1528
2523 1
2524 1
2525 1210
2526 1
2527 1155
2528 1
2529 236
2530 1
2531 893
2532 1
2533 1
2534 583
2535 1
2536 2306
2537 1
2538 1
2539 331
2540 1
2541 246
2542 1313
2543 1971
2544 1
2545 1
2546 1
2547 1514
2548 1
2549 2377
2550 1
2551 1
2552 1
2553 1
2554 1251
2555 1
2556 1
2557 1
2558 1
2559 1
2560 1
2561 1
2562 516
2563 1
2564 1
2565 1
2566 1
2567 1
2568 25
2569 1
2570 1
2571 1
2572 1
2573 1
2574 1254
2575 1750
2576 1
2577 1
2578 1
2579 2567
2580 522
2581 1
2582 612
2583 1
2584 1
2585 1
2586 1
2587 1
2588 691
2589 1
2590 1250
2591 1
2592 222
2593 1
2594 1
2595 261
2596 615
2597 1
2598 1
2599 1384
2600 1
2601 2368
2602 1
2603 2282
2604 1
2605 1
2606 1
2607 1
2608 1
2609 1268
2610 1
2611 2407
2612 1
2613 1
2614 1
2615 1977
2616 1809
2617 1277
2618 1889
2619 1
2620 1
2621 1
2622 1
2623 1
2624 1
2625 1
2626 1
2627 384
2628 1
2629 926
2630 1
2631 1124
2632 1
2633 1
2634 1
2635 1
2636 1
2637 1
2638 1
2639 1
2640 1952
2641 1
2642 1
2643 1242
2644 1
2645 1
2646 1
2647 1
2648 971
2649 1
2650 1
2651 132
2652 2317
2653 2113
2654 1800
2655 1
2656 725
2657 1
2658 1
2659 1
2660 689
2661 1
2662 1
2663 1197
2664 1
2665 1
2666 1
2667 1
2668 1
2669 1
2670 2592
2671 1942
2672 2164
2673 1
2674 1509
2675 1
2676 1
2677 1
2678 1
2679 59
2680 1
2681 1
2682 1
2683 1
2684 1
2685 51
2686 1
2687 1
2688 1
2689 1
2690 1
2691 1
2692 2151
2693 1
2694 1
2695 1
2696 1
2697 1
2698 121
2699 1
2700 1
2701 1
2702 424
2703 1105
2704 1199
2705 1
2706 1
2707 1
2708 1
2709 2051
2710 2634
2711 1
2712 2528
2713 1
2714 1
2715 1
2716 1
2717 1
2718 1
2719 1
2720 24
2721 1
2722 830
2723 1
2724 1
2725 1
2726 89
2727 1773
2728 1
2729 1
2730 1
2731 1
2732 101
2733 1
2734 1
2735 1
2736 1
2737 1
2738 861
2739 1
2740 1
2741 1
2742 796
2743 1
2744 4
2745 659
2746 657
2747 1
2748 1
2749 1476
2750 1
2751 1960
2752 228
2753 1303
2754 1
2755 1
2756 1
2757 1
2758 2526
2759 1
2760 1
2761 1
2762 1
2763 1
2764 1145
2765 1726
2766 1
2767 512
2768 616
2769 795
2770 1
2771 1
2772 1
2773 175
2774 1
2775 1
2776 1
2777 1
2778 2451
2779 1
2780 2432
2781 1
2782 1
2783 1
2784 1226
2785 1
2786 2210
2787 318
2788 1
2789 1074
2790 1
2791 1
2792 1
2793 1318
2794 1
2795 1
2796 1
2797 101
2798 1
2799 1
2800 1500
2801 1
2802 1
2803 137
2804 798
2805 1
2806 659
2807 1
2808 1
2809 535
2810 1
2811 1
2812 1
2813 1
2814 2638
2815 362
2816 2430
2817 424
2818 1
2819 2499
2820 1
2821 1
2822 1
2823 1
2824 1
2825 1
2826 1
2827 1
2828 1
2829 2580
2830 1
2831 1
2832 1
2833 2816
2834 1
2835 1
2836 100
2837 2620
2838 38
2839 2694
2840 1
2841 2398
2842 1
2843 1
2844 2835
2845 1
2846 1
2847 1
2848 1
2849 1
2850 1
2851 1
2852 1
2853 1
2854 1
2855 1
2856 1
2857 2048
2858 1
2859 67
2860 1372
2861 1
2862 185
2863 1
2864 1
2865 2551
2866 1
2867 1
2868 271
2869 1
2870 1
2871 1
2872 2804
2873 2149
2874 1
2875 2451
2876 1
2877 1049
2878 1
2879 1
2880 1
2881 741
2882 1
2883 115
2884 1
2885 1
2886 393
2887 1
2888 2884
2889 2435
2890 1
2891 1
2892 1019
2893 1425
2894 151
2895 1
2896 2055
2897 440
2898 1
2899 2261
2900 1
2901 1
2902 1
2903 1
2904 1
2905 2737
2906 1
2907 1
2908 2443
2909 1
2910 1
2911 1
2912 1
2913 1
2914 1
2915 1
2916 1
2917 2679
2918 1
2919 1
2920 1
2921 1
2922 1
2923 1
2924 1
2925 1
2926 1
2927 2878
2928 1
2929 1
2930 2904
2931 1
2932 1
2933 2581
2934 2409
2935 1
2936 1
2937 440
2938 1764
2939 1
2940 1
2941 1
2942 1164
2943 1
2944 1871
2945 1
2946 1
2947 1
2948 1
2949 1854
2950 1154
2951 1
2952 2177
2953 1
2954 1
2955 1
2956 1
2957 528
2958 314
2959 313
2960 1
2961 1
2962 1
2963 2758
2964 2943
2965 1
2966 1
2967 1
2968 1
2969 682
2970 1
2971 1
2972 1
2973 1
2974 1328
2975 1
2976 1
2977 1
2978 1
2979 2884
2980 1
2981 1
2982 1
2983 1
2984 1968
2985 1
2986 1
2987 736
2988 1
2989 1
2990 1
2991 1
2992 74
2993 1387
2994 1
2995 1
2996 1
2997 2127
2998 1
2999 1
3000 1
3000
1 5 32 43 85 94 119 171 183 254 278 283 301 329 354 365 371 443 453 489 494 538 577 632 641 651 722 757 779 838 841 844 884 937 1001 1019 1039 1044 1082 1089 1111 1195 1232 1233 1244 1271 1326 1345 1347 1348 1404 1435 1506 1572 1575 1591 1625 1632 1668 1695 1718 1736 1753 1776 1795 1801 1851 1860 1928 1930 1944 2015 2016 2042 2048 2050 2062 2074 2076 2078 2095 2142 2164 2183 2190 2228 2242 2337 2339 2358 2371 2379 2392 2404 2418 2428 2439 2486 2499 2508 2602 2604 2649 2650 2667 2707 2712 2729 2735 2750 2782 2785 2791 2818 2851 2880 2893 2894 2896 2898 2904 2911 2932 2946 3037 3061 3096 3114 3174 3191 3208 3211 3270 3292 3329 3399 3403 3412 3424 3430 3440 3449 3458 3471 3477 3492 3497 3509 3526 3530 3553 3565 3617 3630 3655 3659 3679 3724 3729 3769 3773 3807 3827 3830 3888 3924 3955 4020 4024 4032 4086 4110 4127 4134 4152 4168 4198 4258 4292 4301 4308 4315 4338 4340 4355 4367 4372 4380 4384 4417 4423 4447 4471 4475 4504 4545 4556 4572 4596 4604 4606 4610 4620 4623 4647 4677 4693 4712 4715 4746 4747 4768 4770 4784 4837 4845 4870 4892 4902 4938 4960 4965 4977 4981 4985 5053 5060 5103 5115 5117 5128 5129 5144 5192 5199 5200 5205 5232 5264 5283 5287 5324 5333 5336 5344 5350 5360 5368 5370 5373 5390 5397 5405 5421 5437 5463 5465 5502 5521 5523 5549 5560 5587 5594 5599 5619 5659 5689 5723 5732 5854 5879 5904 5930 5932 5939 5944 5947 5948 5957 5963 5971 5975 6031 6089 6114 6148 6183 6208 6220 6236 6266 6287 6304 6338 6405 6441 6456 6498 6502 6509 6517 6550 6558 6586 6618 6640 6657 6665 6706 6738 6762 6766 6784 6802 6806 6828 6879 6912 6926 6933 6957 7049 7081 7095 7104 7138 7165 7172 7184 7194 7247 7251 7269 7271 7280 7285 7286 7302 7312 7313 7331 7342 7357 7372 7412 7421 7506 7527 7558 7560 7590 7592 7608 7675 7706 7750 7762 7775 7798 7812 7840 7874 7885 7888 7890 7919 7929 7966 7984 8001 8028 8107 8113 8132 8165 8189 8196 8203 8204 8213 8260 8291 8298 8304 8313 8356 8360 8372 8384 8396 8420 8469 8479 8502 8567 8576 8584 8586 8588 8598 8613 8614 8637 8643 8662 8664 8668 8686 8718 8746 8780 8786 8824 8846 8859 8860 8881 8908 8913 8946 8982 8998 9012 9016 9066 9071 9089 9090 9095 9103 9109 9129 9137 9221 9222 9273 9281 9344 9368 9377 9385 9386 9392 9406 9423 9436 9437 9440 9452 9456 9462 9464 9486 9545 9599 9609 9628 9629 9631 9653 9668 9686 9694 9710 9718 9729 9754 9766 9791 9799 9816 9817 9878 9881 9901 9908 9925 9958 9974 10019 10054 10055 10074 10087 10091 10153 10170 10240 10251 10254 10272 10284 10294 10315 10327 10356 10466 10475 10502 10508 10510 10518 10527 10608 10620 10636 10643 10645 10651 10666 10846 10860 10865 10886 10893 10897 10907 10956 10958 11003 11091 11114 11125 11145 11184 11199 11204 11215 11222 11228 11255 11270 11285 11302 11349 11373 11387 11432 11442 11490 11515 11544 11548 11565 11570 11571 11576 11577 11628 11632 11653 11656 11665 11671 11679 11712 11719 11753 11760 11764 11770 11823 11831 11841 11869 11877 11885 11918 11936 11952 11953 11962 12039 12042 12071 12087 12115 12116 12157 12203 12207 12247 12251 12350 12359 12370 12372 12396 12397 12401 12407 12436 12437 12445 12461 12464 12467 12470 12477 12483 12498 12506 12526 12538 12573 12574 12619 12667 12672 12701 12707 12714 12727 12740 12742 12771 12793 12843 12851 12896 12899 12907 12922 12967 12968 12999 13014 13021 13031 13046 13117 13151 13166 13271 13276 13286 13318 13333 13335 13353 13365 13379 13384 13404 13426 13427 13452 13455 13490 13506 13532 13543 13563 13605 13611 13615 13653 13769 13790 13795 13807 13814 13829 13834 13836 13837 13871 13877 13902 13903 13913 13914 13922 13929 13931 13993 14018 14055 14078 14082 14089 14123 14124 14186 14208 14212 14230 14244 14276 14279 14330 14352 14362 14376 14455 14458 14463 14475 14483 14492 14533 14544 14549 14550 14562 14581 14590 14602 14603 14619 14671 14685 14695 14719 14722 14746 14788 14799 14812 14822 14832 14834 14864 14874 14880 14885 14906 14931 14937 14955 14956 14957 14961 16197 17627 18563 20362 20754 22007 22053 26585 26915 27142 27864 28036 28117 28408 30250 31834 33311 33601 34408 34923 34986 36704 39385 41452 42631 42823 44299 44472 47055 50894 51297 53077 53379 54390 54719 54892 56090 56422 59493 61153 62601 65783 71595 76688 77408 79301 79810 80351 80709 83455 83458 83494 84121 84872 84988 85270 86057 88284 89213 91710 93055 96308 96508 96580 98557 100000 102828 103173 104230 105248 105472 106934 107470 108578 109482 110566 110577 110653 112230 115242 115805 118761 121350 122960 124395 125081 126645 126884 127121 130862 132838 134383 134697 135768 137758 138276 138336 139565 141313 141658 143345 146131 146902 149984 153801 153978 154735 156175 156826 157271 160573 160680 161814 162074 165160 167471 171327 172647 173136 174086 177119 177707 178067 178197 178327 179581 179595 180261 181778 182612 183460 183777 184821 185607 190580 191561 191884 192375 195867 196482 197003 199296 199929 199955 201531 201985 202480 202595 205218 205330 208923 211962 212371 214214 215100 215744 217616 217982 218303 222048 222561 225311 225807 226032 226174 227505 228960 231546 231616 232374 234051 236482 236729 236757 237602 242502 243098 244975 245237 246218 247356 248493 249098 249431 249542 251128 251239 251497 253218 257733 257922 258149 259085 259311 260405 262337 262804 263681 264352 265318 266429 266571 270584 272766 275845 279355 279744 281615 282970 284808 286494 288092 289385 289494 291037 291120 291524 291793 292252 293976 294742 295874 295951 296434 296821 296880 298301 298580 300607 303856 304192 304967 305450 307263 308104 308120 309553 310047 315494 316969 317803 318097 318949 318958 320020 322720 322965 324182 326841 327828 327834 332686 334848 335349 335572 336656 340084 341100 342142 344461 345001 346769 347106 349821 350060 350829 355700 355764 356798 357122 357912 358661 359508 360882 364461 365707 370056 371388 371546 372943 374866 377707 378278 378850 380550 381092 381345 381437 383576 387472 387886 388817 389243 391449 392305 392600 394635 395348 396553 399843 402165 403125 403577 404320 405669 405901 406825 407414 411309 412557 412810 416604 417274 418588 419502 420750 422459 422588 424633 424753 425427 425432 425944 426069 426209 427298 428705 432037 432483 433440 434222 436080 436355 437208 439735 440178 440494 442138 444946 445182 445409 448140 452404 453178 454072 456221 457095 457154 457634 459337 463668 463671 463768 465733 467024 467551 470188 473281 475729 477104 477564 477582 478085 479300 480108 483581 483743 484163 487926 489030 489762 489770 491429 491748 494152 497516 502994 510287 510948 512435 513486 513978 514757 516058 517001 518008 519823 519975 521770 523090 523896 524662 525434 525576 526055 526535 530247 530508 535825 536052 537454 537824 538220 543761 545903 549400 549931 553318 554035 555865 556024 557646 558160 559485 560445 560585 562744 569972 571097 571930 572101 574279 582173 582666 584562 585028 585102 587776 587838 588546 589769 592507 593557 593757 593929 594719 595928 596059 599995 602537 606185 606913 607267 608930 609222 610681 611969 612011 613501 613969 615738 616627 617214 621019 621612 623174 625004 625600 626691 630933 635033 636484 638347 642017 646468 646471 647004 647860 648242 648899 650424 651685 654793 656285 659470 660842 661737 662841 664245 666229 666529 669153 669820 671664 672026 672272 673033 673694 677435 678801 679067 680343 681324 684279 684696 685135 685555 688012 690085 690924 691039 691095 691483 693584 694708 695373 696209 696664 696895 697189 697639 700137 701874 703303 703379 704069 704843 706360 706667 707020 707053 708292 708465 709399 711573 713068 715318 716488 716923 717937 717951 718746 719240 720419 724120 726410 727515 728941 729892 730915 732512 732525 733190 733278 733799 734631 734894 735644 735850 737834 741887 742257 742775 744139 745471 748039 750734 751021 751204 752504 756528 756739 757711 759997 760863 763585 763867 766682 767758 769918 772567 772717 777155 778152 778927 781046 781259 782137 792785 796802 797483 797632 799086 799285 802329 802692 805320 805677 806658 807880 808508 808996 809483 811028 812147 812597 814418 815740 816896 817930 818002 819153 820204 821610 823952 824363 825614 827794 828633 829669 829968 831099 833526 834340 836402 837277 837409 838107 838365 838424 838906 839011 840067 840196 840247 841729 842060 845986 846740 847224 847960 848840 849162 851841 852382 854414 856304 856868 857644 858371 858506 860242 860336 861127 864845 866217 867488 869528 872052 873272 873731 874358 875419 879603 882150 884349 884369 885021 886573 887063 887865 888253 889510 896199 900467 900932 902814 904605 906586 906743 908692 911064 911689 912037 913476 913971 914672 914913 918209 919502 919609 924000 928100 929838 930096 930191 931049 931818 933261 936363 938058 938626 941145 941319 942219 942938 945310 946458 946622 946781 948701 949248 949757 950576 951708 952884 952895 954670 956067 956344 958566 959011 959143 960492 962038 962848 963457 964706 965123 965400 968766 968787 968945 969426 970373 971030 972727 975856 982229 982242 983176 987400 988469 988642 995451 997782 1000723 1004165 1004874 1005916 1007669 1008401 1008728 1012309 1015262 1017826 1018051 1018341 1018808 1020781 1023426 1023902 1025003 1025736 1026220 1026743 1027387 1028234 1029178 1031105 1032033 1032419 1033805 1034509 1034556 1035047 1037569 1037962 1038653 1040094 1040506 1041845 1042270 1044343 1044563 1046060 1047058 1047203 1051090 1051624 1051958 1053023 1054292 1055358 1057084 1057655 1058066 1061235 1062150 1065779 1066509 1069944 1070035 1070628 1071488 1071498 1072936 1074322 1075119 1076074 1078096 1078365 1085548 1086434 1087933 1088022 1089824 1090186 1092614 1094567 1095170 1095198 1096102 1096968 1097905 1098006 1098238 1098393 1099402 1101267 1107602 1107659 1108164 1109615 1112394 1113407 1114911 1116133 1117378 1120976 1123983 1125147 1125746 1125836 1126082 1127254 1128376 1128747 1129662 1130615 1131831 1133739 1136190 1136427 1136904 1138817 1138999 1139147 1141085 1141486 1142184 1142189 1143647 1149338 1149927 1151572 1155963 1159050 1161425 1162214 1162681 1163388 1165188 1166643 1167153 1167806 1167925 1168795 1169819 1170920 1171049 1173460 1173543 1175733 1176018 1176139 1176619 1176710 1180820 1184008 1186222 1186893 1187715 1187923 1189270 1190109 1190144 1191544 1192264 1193856 1193964 1194648 1194722 1196107 1196137 1198348 1198393 1198883 1200912 1201205 1204106 1204484 1206573 1207495 1207513 1210810 1210916 1211221 1213122 1214015 1214324 1216104 1216262 1217667 1218896 1219647 1221480 1222926 1223916 1226307 1226354 1227267 1228001 1233587 1235844 1238909 1240511 1243092 1244660 1245155 1245367 1246017 1248505 1248676 1250406 1251549 1253250 1256245 1257380 1258153 1258444 1258816 1260479 1261125 1261236 1261944 1261960 1262620 1262697 1262715 1266901 1267629 1270667 1272049 1273641 1274473 1276086 1276386 1278241 1280252 1282040 1283369 1284114 1284257 1285427 1285917 1289549 1289876 1291057 1292375 1292591 1292851 1293095 1293545 1293623 1293667 1296466 1296837 1297694 1299597 1301389 1301749 1302736 1303039 1305246 1310321 1310575 1311567 1313244 1317337 1319691 1320739 1321568 1322276 1322500 1322621 1324385 1324566 1325526 1327896 1331788 1334003 1338276 1338551 1340178 1342796 1344242 1344962 1345940 1346636 1347946 1348512 1349581 1352815 1355902 1359271 1359604 1362039 1363122 1363929 1365915 1366815 1367883 1368914 1370176 1371126 1372476 1372927 1375015 1375742 1376102 1377470 1379584 1382865 1385274 1386070 1387660 1389378 1390313 1390505 1392478 1398616 1398748 1403301 1406037 1407165 1409724 1410951 1411028 1411243 1412450 1413211 1414140 1415201 1416113 1417929 1418309 1421031 1422408 1423673 1424092 1424758 1427186 1432575 1434139 1434502 1440033 1440148 1442552 1443185 1444151 1445304 1446376 1447672 1447698 1448035 1448146 1448542 1451414 1452254 1452821 1453082 1454101 1455032 1461426 1468658 1468919 1469905 1471252 1471443 1472023 1473124 1474858 1474863 1476252 1476616 1477171 1477672 1481761 1483456 1484976 1488006 1493833 1494222 1494958 1497042 1500987 1501320 1502482 1503265 1503966 1504546 1504573 1506026 1507097 1508647 1509653 1512597 1514065 1514360 1515613 1517622 1521337 1521887 1522420 1522572 1525323 1525989 1527948 1527991 1528568 1530058 1530063 1530693 1531091 1531826 1532624 1533213 1533875 1534090 1535216 1536825 1537290 1537984 1538805 1541623 1542054 1543281 1546870 1547628 1549273 1552636 1552823 1555594 1555718 1556211 1557169 1559896 1560635 1561512 1563432 1563446 1563533 1564683 1564742 1565009 1565929 1566672 1567032 1568462 1571387 1575023 1575979 1577164 1577285 1577625 1578061 1582092 1583483 1586298 1588738 1591569 1591907 1594729 1595983 1597631 1599383 1602916 1603821 1604102 1604478 1606765 1607823 1608497 1608501 1610053 1612618 1613048 1613826 1615351 1615686 1616506 1617485 1617863 1620645 1621730 1622509 1622988 1623364 1623981 1627056 1629593 1629631 1633485 1635361 1637988 1638269 1639754 1641299 1643273 1643612 1644335 1647883 1649888 1651520 1652121 1653298 1654291 1654729 1657612 1660013 1660314 1661326 1664376 1664450 1665460 1666529 1666925 1667403 1668106 1670207 1670417 1671672 1672311 1672436 1672532 1676364 1677428 1677832 1680421 1680951 1682311 1682491 1682711 1683587 1684567 1684868 1686023 1688346 1689223 1690692 1692536 1693944 1697109 1697740 1700941 1703363 1703413 1703644 1704089 1705377 1705532 1707059 1709859 1711478 1713304 1716627 1716630 1717472 1717677 1718174 1720872 1722334 1726744 1727622 1727631 1728029 1731433 1732050 1732742 1734110 1735925 1736746 1737583 1737785 1738443 1739723 1745272 1746123 1748655 1751579 1751960 1752216 1753770 1757418 1757698 1760768 1760972 1761077 1761855 1762765 1764127 1765006 1765637 1766913 1767074 1767504 1769537 1770786 1771039 1775208 1776484 1776876 1777143 1779434 1781690 1784078 1784387 1784829 1784994 1785105 1788177 1788547 1789974 1790223 1791280 1794795 1796383 1797645 1797791 1798913 1799349 1801159 1801650 1801911 1803808 1806215 1807509 1807852 1808385 1809939 1810240 1810448 1812909 1814219 1816292 1821301 1822203 1822788 1823529 1824269 1825722 1827280 1827921 1829863 1831599 1832361 1836633 1836699 1837861 1839108 1840779 1841141 1846325 1848127 1848320 1853688 1854150 1854236 1857653 1857816 1858633 1859297 1860573 1865557 1867274 1867307 1868762 1869690 1869860 1870222 1871551 1875106 1876184 1876268 1877680 1877780 1878410 1883740 1885158 1888967 1889460 1892557 1896318 1896663 1897216 1899649 1901541 1902075 1902947 1906631 1907664 1907687 1907792 1909714 1910693 1910913 1912173 1913879 1914681 1914796 1916752 1918732 1919248 1920566 1920664 1922550 1929206 1929647 1931265 1934342 1935318 1937424 1939894 1940404 1944269 1944797 1945549 1950078 1951102 1951319 1954895 1957959 1958846 1961903 1961926 1962078 1962149 1962478 1965962 1967465 1968708 1969577 1971519 1972845 1973509 1975285 1976542 1976833 1977371 1977546 1978905 1980067 1980269 1986220 1986448 1986634 1988457 1990393 1991439 1991599 1992038 1992351 1993172 1993594 1995365 1995837 1997525 1997908 1998079 2000162 2000297 2000685 2003063 2004564 2005827 2008644 2009603 2011175 2011708 2013781 2014565 2015533 2016619 2018160 2020304 2021316 2021968 2022787 2022970 2024292 2024990 2025054 2029143 2029601 2030843 2031931 2032296 2039690 2041004 2041021 2041990 2043710 2044928 2045415 2046354 2047725 2048358 2049011 2049528 2049922 2063826 2064280 2065016 2065243 2066559 2066679 2067315 2068312 2068777 2070978 2075735 2076488 2076507 2078158 2080064 2082709 2084338 2084520 2086088 2087321 2088532 2091701 2092487 2092824 2093247 2094827 2095879 2097040 2097661 2098628 2098725 2098878 2101455 2103026 2103765 2103882 2105336 2109099 2109717 2111954 2114451 2115014 2116630 2116918 2117133 2119203 2120940 2123263 2126630 2127304 2128713 2129374 2130871 2131618 2134893 2135733 2138572 2143699 2143986 2144001 2148409 2149215 2151684 2156722 2157964 2158261 2161446 2164014 2164098 2165453 2168009 2168245 2168903 2170952 2171715 2171947 2173034 2173787 2174874 2175600 2175765 2176064 2176110 2182650 2182956 2183146 2183442 2183970 2184397 2184459 2184509 2187050 2187352 2190467 2191446 2192416 2194625 2197506 2197701 2199323 2200329 2203951 2203962 2205214 2205824 2206735 2207702 2208395 2210082 2212832 2213825 2216647 2221644 2224594 2225743 2225889 2226732 2228864 2229930 2230013 2231309 2232478 2234259 2234688 2234940 2235034 2236127 2237533 2237680 2237778 2237870 2238174 2238580 2238798 2240175 2240544 2241327 2242229 2242579 2243379 2243771 2245424 2247489 2248596 2251992 2252853 2254777 2255285 2255933 2257112 2258809 2259289 2259336 2261933 2262482 2262915 2263849 2264638 2267839 2268153 2268903 2270442 2274230 2274518 2275340 2277508 2277998 2278612 2279821 2279893 2284032 2284691 2286108 2289712 2291493 2292097 2293115 2299626 2300179 2300454 2301017 2301060 2301305 2305998 2306848 2307495 2310862 2311125 2314891 2315122 2316482 2316959 2317372 2317412 2318341 2320047 2323229 2324567 2325586 2326000 2327248 2328463 2332050 2332236 2332413 2332634 2334456 2337796 2338268 2339578 2340561 2343985 2347264 2349971 2351612 2354768 2355559 2359652 2363528 2363551 2365848 2368225 2368815 2368969 2368970 2368981 2371047 2372435 2373903 2373913 2375032 2376446 2377477 2377707 2379075 2379828 2383447 2383458 2383490 2383542 2384387 2385051 2385541 2387680 2388359 2388401 2389613 2390625 2392231 2395082 2395256 2395455 2396245 2397627 2397968 2398963 2399586 2399698 2400399 2402131 2403788 2404009 2404647 2405492 2408204 2408642 2408810 2409856 2410057 2410484 2411973 2411991 2412160 2413376 2413563 2414279 2416646 2417083 2417727 2418402 2418741 2423189 2429702 2430857 2432422 2441725 2441970 2442419 2447398 2447447 2449342 2450063 2455874 2456401 2457204 2458016 2458527 2459668 2460044 2462018 2463033 2463681 2464792 2465174 2466573 2471362 2474527 2475292 2476070 2476988 2476995 2477631 2478629 2479431 2480602 2481233 2483281 2483520 2487071 2487088 2487502 2487677 2487820 2487963 2491574 2495255 2496173 2496523 2497020 2497115 2498466 2499053 2499606 2506787 2508046 2509972 2513830 2515661 2517078 2519019 2519362 2519849 2520530 2520903 2521874 2522213 2523651 2524771 2525254 2525970 2526906 2527813 2528018 2528978 2531168 2532558 2536213 2536918 2538828 2540828 2542714 2543119 2543124 2544019 2547693 2548501 2548973 2550160 2550535 2550960 2551202 2551766 2551820 2553552 2554309 2555377 2556617 2557008 2557076 2558113 2560389 2562059 2562298 2563221 2563726 2569095 2571159 2572116 2572498 2573705 2575969 2577619 2579259 2580297 2580702 2580716 2580964 2581958 2582921 2583332 2586424 2586901 2588368 2588692 2590036 2590446 2590651 2592206 2592413 2592735 2592881 2593356 2594735 2597520 2599732 2602728 2606702 2612257 2612689 2613541 2615754 2615780 2616459 2618722 2621990 2623985 2624957 2625705 2626155 2626436 2626722 2627268 2630815 2631419 2632976 2633029 2634539 2637211 2642159 2642202 2643871 2647107 2648321 2648400 2652013 2652132 2652805 2653454 2654018 2655072 2657787 2658833 2661821 2665264 2669878 2671001 2671142 2673682 2674756 2675513 2679595 2680035 2680613 2686460 2689771 2689910 2690076 2691406 2694557 2695277 2695301 2697534 2698580 2699091 2701013 2701107 2701180 2702201 2703373 2704168 2704241 2708538 2709972 2710534 2710616 2711098 2712005 2713723 2713921 2714478 2714578 2715050 2716972 2717765 2718046 2719618 2719843 2720362 2720783 2721294 2723042 2723174 2723323 2724320 2724566 2725279 2728423 2728618 2729585 2729673 2730580 2734472 2734620 2737573 2739656 2741819 2744743 2748355 2749803 2749845 2751752 2753663 2753869 2755871 2757286 2760233 2761866 2764837 2765634 2766642 2766667 2768906 2770683 2773754 2775356 2775632 2776029 2777610 2778355 2781906 2783738 2785352 2786433 2787390 2787395 2789572 2790828 2792039 2792244 2793075 2793793 2794483 2794869 2794911 2795954 2796930 2798089 2798933 2800024 2800178 2800663 2800867 2802618 2803764 2806233 2806362 2807294 2808061 2809924 2811082 2812742 2814276 2815134 2816065 2818831 2819920 2820013 2820472 2821587 2822702 2825012 2825762 2825952 2826878 2827417 2830071 2830409 2833770 2835190 2837715 2838358 2839641 2839859 2840181 2841293 2843424 2843850 2844978 2845494 2846652 2847000 2851515 2853107 2853138 2853527 2854864 2855022 2855123 2856244 2856986 2857910 2858030 2858590 2859012 2862012 2862828 2867066 2867162 2870565 2872130 2874587 2875177 2875505 2876405 2877387 2878934 2878964 2880008 2880287 2880358 2881873 2883058 2883179 2885359 2887307 2887747 2887908 2889199 2891579 2892479 2892652 2892816 2893499 2894070 2896913 2897295 2898558 2899940 2901203 2902639 2904813 2906175 2906954 2908420 2908674 2909282 2909408 2911064 2911861 2912380 2912978 2913819 2917568 2917985 2919241 2921267 2921281 2921743 2922570 2923133 2923563 2923968 2927516 2929315 2929455 2930263 2931702 2933437 2934643 2937154 2938815 2939425 2940187 2940500 2940794 2943574 2945234 2946542 2946753 2949304 2949853 2950596 2950629 2952901 2953363 2954357 2957124 2957571 2959111 2961827 2962645 2963459 2964390 2965688 2966908 2967469 2967854 2968307 2968724 2969559 2970133 2970675 2972408 2972590 2972896 2974702 2975329 2975578 2977294 2977854 2977993 2981056 2983070 2983371 2984564 2989358 2990026 2990516 2990585 2990827 2992074 2992787 2993598 2994022 2994747 2995362 2996272 2997103 2997400 2997464 2997822 2997829 2997968 2998016 2998017
