100 20
237191885 447586858 604419032
502287759 887457115 359927473
617312250 908009420 712596642
307360922 314763686 975689124
31491830 93313110 957682901
205586850 338095417 317650566
325496472 593318711 989574039
224570351 605969856 179729514
211072891 666752062 700964891
293326544 363065307 134834920
566422496 738687110 258786574
130798158 826631417 646076293
628974384 776805568 593427768
279851103 538716408 812051436
563778449 974411788 274381656
602783070 889950387 268754847
17671254 322190168 592716875
340335668 732533700 192957124
464901681 828537955 684505829
305720201 333887967 41478498
561084107 744775595 427177422
249769827 456849570 42581229
25991536 39054391 46408662
72192406 544285804 815146100
57386307 818168514 822057293
593086458 954812432 23232523
635626488 714838618 226419781
134101608 476254677 121916654
294625338 365602298 82131425
407902617 991435071 349826367
555350496 965204028 400478077
698399471 855048686 215220135
505952384 773961180 468215332
80712070 559001221 917280902
56180513 259041090 35528000
766364584 847777784 397484074
863869760 956642754 986212337
113654243 742885951 83007427
671312012 905844298 635243169
43539736 611581748 890722416
247560862 757589750 555118706
106716848 662408384 174628492
242959460 303830193 904665457
531526739 974748251 996031370
178048206 580205426 140252364
246277484 311398262 55968860
52562222 331264141 524622759
7226640 203437598 104505632
248705089 694996633 924126566
484741430 777322705 153330564
627576942 941440185 808435750
115641701 566172404 539170014
106917376 955382338 332717036
109338417 502375136 985131214
504561619 916756332 645432969
90472544 409807444 74605861
172346643 515616100 525971157
185423688 353994382 430773945
274921198 826977979 145141683
416928319 842464970 101594724
652893209 743300203 666805763
356741289 848999106 659587441
678170765 894949195 575498300
467038194 784094530 384019838
181158869 729231637 473147482
562367652 704199325 178695220
190526978 464194056 863354438
139456039 161774913 705206697
155701194 253727499 368772169
460601564 472030836 222101949
31430537 332504791 19597614
278846542 640318251 101139073
476966136 706582148 609510489
139281396 593992244 415376591
322783467 327457506 307390446
251516450 597937113 734372187
148510442 498379144 913035102
184081550 454300989 31797396
344559213 647072011 686198749
68020521 431691575 515810269
322147442 611144313 990474387
298064892 406636217 343621041
345865605 866202921 853515697
386306616 424808340 876726986
213468390 317431286 14354942
194918198 843622860 524787065
716377019 835735841 749568766
546891815 776256996 757736686
196587714 720008365 470767315
560065238 809174927 934059107
2519009 94091189 577206521
371569898 585783414 310607884
540899515 796721112 365057049
320302493 388441531 192376521
172362659 327979379 830967571
522856929 793232204 132036988
78832203 535796511 53453461
352784965 988499151 535788787
188811842 900847922 901841044
585001200 696514746 212259178
