100 100 100
42323 162088 89959 207933
31623 88041 67554 143885
187743 36373 216426 170939
8 46577 24793 183658
140909 103382 143507 104231
146514 46845 231148 124600
101561 103406 106878 142558
88201 27434 229152 59576
63905 19864 197213 143321
74143 176259 156977 179200
48717 162066 112414 175504
32176 7577 48208 186698
94496 124167 111322 219842
150983 91490 168484 167021
93211 7568 181505 238415
9941 51769 165657 178127
134343 143093 189428 236394
125420 24908 201674 31213
118972 93112 205658 119649
9203 46439 229279 184164
84909 55101 170714 80613
67628 65832 134919 88952
6732 189174 127508 235148
61505 235859 215955 238679
23977 184372 212437 208511
77821 67183 243019 235861
32836 69660 147178 237621
79594 63646 245110 220441
7626 39552 45476 187568
18585 16284 64237 93965
120510 109666 142339 171988
159731 7763 165965 141744
53837 55211 188078 93779
27332 5712 199089 137795
111093 91047 233591 228029
38761 155687 194977 155848
9107 156488 185469 200448
29731 88008 202317 115197
41704 102604 73256 211261
2493 42970 227959 141619
110727 8535 207265 29042
41524 142707 113146 198509
134021 72765 178445 241831
209297 123093 224602 130310
13680 84091 180201 170700
60880 66280 162206 73468
72418 98647 181351 232824
21289 103365 38603 142509
21936 160846 165988 233089
61956 69985 123211 98703
15966 64740 112709 76622
67633 82697 247800 167688
74760 73040 148525 136599
4516 124247 213153 191759
211475 38804 236624 134725
129813 150942 159595 248412
120464 65337 163444 112254
55407 88672 208852 238832
43781 25183 51497 201173
135747 66802 236502 127085
182445 96382 222224 170351
56949 135729 125053 211390
52163 93177 129479 191880
84671 30972 133040 94191
170625 134135 245003 182541
199268 2287 240325 153215
15669 60182 158319 158520
50542 128089 98168 153104
33400 36986 182996 92012
161793 169038 217300 225273
126170 92407 239461 241268
11898 180445 109635 195709
114838 133371 115124 147572
11378 15979 160474 121358
153876 116077 248564 170344
38886 63278 177938 233313
179165 165445 212474 201816
42501 170718 147079 224331
5705 6684 205814 37289
5934 53895 174157 106769
119693 103940 123666 133697
108661 22383 228086 178165
51492 151579 126001 184875
23331 94206 171475 95478
150052 130329 151477 211370
118671 88086 246104 183568
29046 96108 82107 141816
169572 19506 213771 84764
175528 180799 212144 232362
17390 214436 73108 225100
47248 66796 118865 249921
117979 13216 232214 35462
75686 165865 119248 176307
89599 2353 225974 85558
3394 34027 172094 184087
26640 56245 133749 64755
116437 82401 173937 180812
128222 82130 206289 110635
184644 40060 213917 132692
81902 202902 159061 221628
2 69 149869
0 85 67031
3 5 31842
2 53 36347
3 55 12520
6 45 7598
0 30 133470
6 61 63741
2 22 157650
2 57 107561
1 32 66452
1 19 19009
6 25 37042
5 51 15677
5 42 30039
7 72 91237
6 55 950
3 3 58913
2 61 124210
1 92 5876
2 67 61816
0 59 163650
7 31 1421
5 86 15758
4 30 99586
6 100 17112
4 28 49225
0 14 26473
6 25 285
0 53 92491
4 35 28613
5 56 10110
6 11 160822
7 42 14550
5 72 2801
5 43 31243
7 46 57951
4 5 76135
1 73 48962
7 67 63509
2 5 104119
6 13 69475
7 5 74353
5 5 33378
7 59 4167
2 7 43733
0 11 18549
5 17 86207
2 38 90273
0 22 95579
3 34 19324
5 70 95046
0 31 48678
1 29 1768
1 43 6829
4 94 69679
6 90 161736
2 92 180630
2 83 60831
7 17 48892
0 64 35515
3 55 75613
4 85 183682
1 40 2736
1 49 2419
6 53 43237
5 7 78686
0 85 128655
6 24 29709
2 60 44465
1 17 73280
0 30 51970
2 39 16160
3 24 13863
4 86 21198
5 44 20270
5 89 99026
5 72 64998
0 76 26570
4 31 119507
6 61 37991
0 96 80332
0 10 60059
3 93 60506
3 17 65113
2 100 21412
7 87 31125
6 92 180198
1 70 72411
3 75 3796
6 77 155973
2 46 100602
3 14 43672
5 19 59672
0 84 27512
6 1 144104
5 58 24606
2 60 61300
4 35 5805
5 50 23723
19525 121267
158697 21350
65928 202018
92031 119371
89735 104650
123972 25301
111217 6891
62711 3205
113067 151408
82814 59846
186924 161383
182002 25026
170413 46933
159594 161403
149405 184722
173673 169270
226288 156191
15138 46149
102538 9304
182736 142581
30215 133458
201937 99751
203424 8130
99264 34648
130889 231174
70960 41697
193928 234410
125289 213567
141900 51481
189413 166774
244284 211212
202479 221578
196317 172649
1684 108557
188048 202397
12834 90259
194382 242266
137701 116691
242403 249188
69188 175623
138009 147987
178876 84788
98265 243654
127545 234073
196789 235946
158334 143436
121819 184071
155873 172778
55626 191934
195913 151226
227706 130750
224014 178776
156529 87339
159235 247216
183005 90736
168521 182669
177565 91171
230861 102034
20932 17452
53568 19137
105695 84374
201913 248566
107155 96763
138767 79555
50495 206901
81116 38606
73100 61522
224731 198599
89681 14094
76632 95554
168923 178818
54547 225168
127069 123985
141236 217864
245790 179155
215965 19717
210316 67166
163566 17847
200723 13884
137093 73639
205063 196490
9682 161474
7783 223914
97457 237249
134983 53219
195023 145285
93404 196615
71674 159735
138506 193978
196773 160144
216804 87766
65361 19937
1654 65513
53811 10915
114973 117750
93485 76377
133608 233538
157613 231070
60077 72997
187353 238066
