30 30
30 24 30 28
27 24 2 24
13 8 27 8
12 16 2 16
6 7 6 11
2 8 2 1
27 25 27 29
23 22 23 15
2 13 2 10
4 2 4 13
23 7 26 7
26 5 14 5
14 25 23 25
21 2 25 2
25 6 28 6
17 27 4 27
27 4 28 4
23 4 25 4
0 4 0 0
1 17 1 5
30 17 30 22
14 10 14 18
5 0 27 0
18 21 18 23
3 28 1 28
5 1 5 10
29 5 29 3
17 1 9 1
30 14 30 16
17 30 17 29
30
13 23 U 3
20 7 D 29
21 5 U 29
3 8 L 30
13 27 D 0
5 16 L 18
4 4 L 27
12 26 R 13
27 20 R 30
30 7 L 11
13 30 L 9
27 4 R 6
21 11 U 4
18 13 R 0
28 10 U 24
21 3 L 15
4 10 U 29
6 19 R 5
5 17 R 12
26 3 U 6
18 29 U 1
13 17 U 5
10 4 D 6
20 13 L 28
6 25 R 12
27 14 D 6
0 14 U 14
22 6 R 21
10 14 D 21
23 19 D 2