16 120 3204279 8029344
3 6 8029344
5 2 8029344
2 14 3204279
8 1 8029344
1 4 3204279
10 13 3204279
11 7 3204279
7 15 8029344
13 15 3204279
15 12 3204279
12 4 8029344
4 9 3204279
9 6 3204279
6 14 3204279
14 16 3204279
6 11 3204279
8 15 3204279
14 4 3204279
5 10 8029344
8 12 8029344
5 9 3204279
13 11 8029344
6 5 8029344
7 9 8029344
8 7 8029344
5 13 8029344
2 13 3204279
16 5 3204279
1 12 3204279
11 16 3204279
11 10 3204279
2 15 8029344
13 1 3204279
12 7 8029344
6 12 8029344
5 14 8029344
15 9 8029344
2 16 8029344
13 14 8029344
1 10 3204279
7 1 3204279
2 4 3204279
9 13 8029344
7 5 8029344
8 16 3204279
13 3 8029344
14 8 3204279
9 12 3204279
12 14 3204279
8 6 8029344
15 11 3204279
6 10 8029344
8 10 3204279
3 14 3204279
2 8 8029344
7 14 3204279
5 1 8029344
11 4 8029344
3 15 8029344
10 15 8029344
2 9 8029344
4 7 3204279
1 16 3204279
16 10 8029344
6 16 3204279
5 12 3204279
4 3 8029344
14 9 8029344
7 10 8029344
16 9 8029344
15 16 8029344
7 13 8029344
12 10 3204279
12 3 8029344
13 6 3204279
16 7 3204279
13 12 8029344
11 3 3204279
14 15 8029344
11 8 3204279
11 12 3204279
16 4 3204279
13 16 8029344
16 3 8029344
3 8 8029344
2 7 8029344
6 4 3204279
3 9 3204279
9 1 3204279
5 8 3204279
10 3 8029344
10 2 3204279
4 5 8029344
5 3 8029344
2 11 3204279
9 10 3204279
10 4 8029344
2 3 8029344
10 14 8029344
8 13 3204279
7 6 8029344
1 14 8029344
5 15 8029344
1 15 3204279
1 6 3204279
11 1 8029344
5 11 3204279
12 2 3204279
3 1 8029344
9 11 3204279
4 15 3204279
13 4 8029344
8 4 8029344
2 1 8029344
15 6 3204279
6 2 8029344
12 16 8029344
8 9 3204279
11 14 3204279
3 7 8029344
