70 200 1 100
2 26 100
3 64 1
4 44 1
10 57 1
13 5 1
18 40 1
25 60 100
26 65 1
28 9 1
9 54 1
31 70 100
32 21 1
21 7 1
35 15 100
15 56 1
37 33 1
33 41 100
38 5 1
39 8 1
8 24 100
24 7 100
7 34 100
41 70 1
42 59 1
44 50 1
45 6 100
6 16 1
16 5 1
46 57 1
48 40 1
49 36 1
51 59 1
52 64 100
53 17 100
17 63 1
56 29 1
29 14 1
58 20 1
20 47 1
47 55 1
59 57 100
57 61 1
61 19 1
19 5 100
64 50 1
50 23 100
23 60 1
60 14 100
14 43 100
43 22 100
22 1 100
65 30 1
30 27 1
66 12 1
12 34 100
34 69 100
67 36 1
36 27 1
27 5 1
5 11 100
68 62 1
62 11 100
11 40 100
40 55 1
55 54 100
54 69 1
69 63 1
63 1 1
1 70 1
63 41 1
8 43 1
16 35 1
39 36 1
58 17 100
53 12 100
34 64 1
5 24 100
14 58 100
43 13 1
52 16 1
3 5 1
30 28 100
46 60 100
40 15 100
69 52 1
23 3 1
54 36 100
66 64 1
63 36 100
8 42 100
14 31 1
56 24 1
64 41 100
6 44 1
29 13 100
22 60 1
59 35 100
6 23 1
36 44 100
13 53 1
33 29 1
35 27 100
59 27 100
10 29 100
37 69 1
25 10 100
52 28 100
15 10 1
29 51 100
68 10 100
2 17 100
46 2 1
26 49 100
48 30 100
26 66 100
62 37 1
60 64 100
42 34 1
42 6 100
45 50 100
2 53 1
62 6 1
28 69 1
8 40 1
6 35 100
24 48 100
11 34 1
20 70 100
35 11 1
39 11 100
39 31 1
25 36 100
11 31 100
2 4 100
12 8 100
59 18 1
16 15 1
39 41 100
28 3 100
60 45 100
1 17 1
3 48 100
53 32 100
16 56 100
47 4 1
11 44 1
35 9 1
42 52 100
12 28 1
51 19 100
6 67 100
18 14 1
38 45 1
3 60 100
15 62 100
57 37 100
63 59 1
14 63 100
49 1 1
54 39 1
29 53 100
27 60 1
10 14 100
53 4 1
8 32 100
58 11 100
20 69 1
26 13 1
56 17 1
49 38 100
18 55 100
58 32 100
16 43 100
58 67 100
56 19 1
17 49 1
31 20 1
55 67 1
29 57 1
41 50 100
11 7 1
40 53 100
26 54 100
41 35 1
4 66 1
66 47 100
23 30 1
36 23 100
56 37 100
2 32 1
37 58 100
14 27 1
28 46 100
36 68 1
7 66 100
21 47 1
32 59 1
17 60 1
69 2 100
41 49 1
