70 200 3952238 3965334
1 59 3965334
3 2 3965334
6 54 3965334
7 13 3965334
10 20 3965334
13 2 3952238
15 58 3952238
17 33 3952238
18 46 3965334
19 41 3952238
20 29 3952238
23 41 3952238
28 27 3965334
33 39 3965334
35 22 3952238
36 34 3965334
37 26 3965334
40 54 3965334
41 43 3952238
42 45 3952238
43 16 3965334
16 12 3952238
12 9 3965334
44 62 3952238
53 4 3952238
4 50 3965334
50 2 3965334
2 59 3965334
54 22 3952238
56 9 3965334
9 25 3952238
25 38 3965334
38 39 3952238
39 64 3965334
57 14 3952238
14 60 3952238
58 5 3965334
5 48 3965334
59 27 3965334
27 55 3952238
55 48 3952238
61 11 3952238
62 60 3965334
63 47 3965334
47 60 3965334
60 52 3965334
52 70 3965334
64 45 3965334
45 48 3965334
65 11 3952238
11 34 3952238
34 31 3965334
66 46 3952238
46 24 3952238
24 30 3965334
30 48 3965334
67 51 3965334
51 32 3952238
32 31 3952238
31 48 3965334
48 29 3952238
29 68 3952238
68 26 3965334
26 8 3952238
8 21 3952238
21 69 3952238
69 22 3952238
22 49 3965334
49 70 3952238
7 16 3952238
65 59 3965334
56 39 3952238
20 21 3952238
51 2 3965334
43 65 3952238
29 31 3952238
69 50 3965334
26 1 3952238
20 24 3965334
14 28 3965334
38 54 3965334
64 56 3952238
65 44 3952238
20 5 3965334
25 10 3952238
16 26 3965334
6 58 3965334
13 43 3952238
10 64 3965334
31 55 3965334
44 15 3965334
9 53 3965334
26 5 3965334
14 66 3952238
11 55 3965334
15 8 3952238
55 35 3965334
40 20 3965334
45 35 3952238
45 58 3965334
36 48 3952238
16 11 3952238
34 68 3965334
5 51 3965334
64 44 3965334
30 47 3965334
67 52 3952238
52 12 3952238
6 41 3952238
22 15 3952238
17 31 3965334
24 33 3965334
30 37 3952238
12 7 3965334
67 8 3952238
4 12 3952238
65 28 3965334
58 35 3965334
1 25 3965334
67 64 3965334
51 58 3965334
31 61 3965334
47 6 3965334
54 27 3965334
15 67 3965334
33 31 3965334
51 49 3952238
19 48 3965334
50 24 3965334
7 8 3965334
69 37 3965334
7 63 3952238
52 44 3952238
28 7 3952238
10 14 3965334
38 13 3952238
4 40 3952238
44 70 3965334
70 37 3965334
64 43 3965334
8 23 3965334
42 62 3952238
56 33 3965334
63 22 3952238
66 45 3965334
1 45 3952238
7 56 3965334
50 53 3965334
9 15 3952238
43 5 3965334
36 55 3952238
67 1 3965334
10 24 3952238
2 29 3952238
59 58 3952238
20 53 3952238
34 56 3965334
33 22 3965334
3 32 3965334
16 31 3952238
53 6 3952238
61 68 3952238
38 21 3952238
13 37 3952238
7 25 3965334
7 24 3952238
59 21 3952238
39 7 3965334
56 18 3965334
61 36 3965334
57 53 3952238
70 31 3965334
46 44 3952238
15 31 3952238
35 8 3965334
35 68 3952238
3 56 3952238
43 58 3952238
60 20 3965334
34 33 3965334
46 29 3965334
20 26 3965334
3 29 3965334
43 69 3965334
19 65 3965334
65 55 3965334
27 22 3952238
8 5 3965334
8 16 3952238
15 55 3965334
25 42 3965334
18 53 3952238
67 11 3965334
13 34 3952238
59 13 3952238
17 4 3952238
21 16 3952238
38 59 3952238
14 51 3952238
54 10 3952238
