0
3
4
4
4
0
0
2
4
0
0
0
0
0
4
1
0
4
0
0
0
0
4
1
1
0
6
0
0
0
4
6
0
0
8
0
3
2
8
0
0
5
4
6
0
16
2
4
6
5
0
0
0
0
0
0
7
0
2
0
0
0
0
7
0
4
0
0
0
6
0
5
6
4
9
6
0
4
2
4
0
6
12
12
5
0
3
0
0
6
8
2
6
0
0
0
0
1
0
6
0
2
0
4
0
0
5
6
0
4
5
0
0
1
5
2
1
6
0
0
2
3
8
0
2
0
0
0
0
5
0
0
14
0
9
0
3
0
0
0
0
0
0
4
12
2
20
0
4
0
0
0
4
2
8
0
0
1
0
0
2
0
0
1
0
0
0
3
2
0
3
0
1
2
5
0
6
0
8
0
2
9
6
3
0
0
0
10
4
0
8
4
8
0
0
0
0
20
8
0
0
0
0
3
0
6
14
9
0
4
15
0
0
8
8
0
4
0
15
3
0
5
4
0
0
1
1
0
3
3
0
6
8
3
0
0
4
9
4
2
3
0
4
9
2
3
0
2
0
0
1
0
0
3
8
4
4
0
2
0
4
0
2
6
8
1
4
4
0
7
4
3
0
2
2
0
3
0
7
0
0
24
0
0
0
3
5
0
8
8
0
3
5
6
0
5
15
0
2
0