50 100 3870
190 728 546 685 487 318 767 12 95 636 796 609 29 347 753 396 962 789 106 900 124 473 847 721 510 563 652 993 686 457 241 692 487 951 811 376 181 275 946 910 667 945 906 858 80 840 682 903 405 556 
2 1 511
3 2 704
4 2 746
5 3 541
6 1 262
7 6 104
8 6 971
9 5 324
10 9 350
11 2 400
12 6 942
13 5 892
14 7 840
15 13 976
16 8 12
17 10 965
18 12 358
19 13 218
20 15 110
21 7 233
22 7 705
23 22 439
24 3 654
25 10 7
26 18 825
27 19 704
28 11 83
29 5 274
30 8 56
31 25 301
32 12 160
33 7 715
34 27 846
35 10 817
36 30 100
37 6 914
38 1 677
39 11 923
40 32 170
41 23 256
42 20 430
43 3 765
44 5 642
45 27 334
46 34 313
47 14 296
48 34 548
49 35 198
50 16 816
23 31 147
25 48 512
37 3 853
12 15 473
25 47 308
5 22 729
45 22 111
37 33 467
20 10 354
43 8 119
46 32 726
43 18 480
1 10 418
45 9 318
14 17 672
46 11 920
38 11 442
13 15 614
11 13 278
45 50 702
41 32 870
25 15 492
1 20 972
48 20 39
39 37 694
50 2 145
36 21 957
30 2 782
8 50 60
50 46 816
26 18 182
28 37 977
33 29 944
31 32 434
36 26 824
41 21 148
33 17 21
27 12 388
30 19 113
42 12 315
22 40 188
38 42 429
12 11 266
49 4 49
47 35 182
26 43 523
7 37 608
36 12 670
45 31 276
5 49 637
37 5 509
