700 1000 160
2656 1145 2297 2058 2133 483 281 640 2878 162 2369 2066 2011 1533 2908 280 2756 2118 2874 856 656 2036 2558 2570 2918 506 312 2674 2327 1143 36 2417 1074 1373 865 173 783 282 187 149 1276 2122 1162 1470 1963 1674 921 2936 2418 2326 1584 2746 1305 1820 1842 138 2728 959 2431 1301 2367 2302 2611 1245 2036 570 742 2422 568 1459 2114 1520 1178 2764 2256 696 795 1650 2131 1487 2048 1777 1434 1769 907 2343 2771 1368 2362 319 2099 1815 2535 1263 2319 599 1254 1370 502 293 1450 1239 2588 1321 561 1504 417 2145 203 2892 1160 1572 719 1390 1937 2352 69 892 1935 1404 565 1824 99 1263 2871 1218 727 303 2961 2340 187 1746 1916 381 2787 1985 2215 1767 783 1560 763 2601 2258 2847 597 325 492 1332 520 2227 1336 2223 2960 252 2615 1397 1487 1904 1563 1765 2812 1393 1836 1094 1871 2165 2990 2783 942 80 657 349 1348 2151 2816 2129 524 2911 483 487 218 1100 1493 2256 2403 1842 2127 2553 608 280 2139 1402 1399 2223 2665 1168 34 831 502 2859 1430 2635 2520 488 2588 1680 35 2248 2612 2474 2487 2424 1941 2271 1119 15 2334 2010 1123 659 1401 2954 1791 741 666 32 1075 2048 1901 2892 1953 2069 2117 2264 562 1146 2485 2684 2401 2262 219 56 2894 2511 2480 2797 1429 229 914 69 1084 1820 618 2838 1120 2430 1206 1691 569 622 424 2643 1529 1798 2741 2912 497 538 1903 2009 12 2643 531 873 2634 877 1500 1901 143 1577 1990 666 2017 2019 2363 1069 2869 1645 2258 1936 131 2859 1275 364 2805 2773 749 706 2340 776 2712 1209 1003 2565 315 75 1970 1368 2895 2871 1485 2091 426 633 2522 1361 2869 2725 1231 803 654 2280 2337 2294 2943 2759 430 266 1181 1774 2516 309 1850 243 2111 2382 1275 2880 607 1930 2459 1468 1391 1499 2958 1330 1968 1828 591 64 2588 2070 2331 2642 748 2359 2155 701 338 13 2710 2764 1327 1767 1652 1247 2062 1037 2660 1671 1928 291 1143 1211 2806 17 1683 2645 2010 646 1161 294 206 1049 1007 1998 883 2302 631 1245 299 927 1310 749 1663 2792 2286 141 482 2466 229 1144 565 2289 1323 1036 2073 550 160 2651 2136 2214 2283 2189 988 2321 2036 796 2014 2788 1508 1143 592 327 903 1088 307 71 2393 2286 2563 2029 2054 2971 2670 294 312 1111 2720 545 2893 1003 1114 1508 766 1431 1198 119 185 485 949 63 40 1275 1929 2597 1048 1317 2740 533 2660 1241 1983 375 959 313 2179 785 541 780 100 2850 1266 2470 1840 2761 601 2091 1453 1212 2991 1048 2496 1026 2189 1458 1127 1537 2658 213 616 984 1671 1558 296 2383 2769 89 2533 1666 2442 2692 1379 1618 2904 938 2795 132 1596 313 1480 2367 2628 1285 1568 1282 442 2683 1953 2580 1892 1718 1777 2586 2474 549 821 2701 2722 1691 843 9 2791 302 2031 2816 1374 129 234 2013 1744 2770 2127 1585 2938 1524 1924 1905 704 1942 2271 1765 2254 1786 1054 1386 1525 2767 1646 386 68 96 373 7 1677 2666 2232 948 1764 282 1925 2684 563 2541 2018 2152 25 278 1597 1733 1230 2819 1977 1468 1296 952 808 1665 1585 1419 267 1852 2567 926 1875 2083 1931 2777 1556 1510 1514 2757 1589 721 1871 650 2697 1958 727 1282 1633 1433 2676 2483 1352 1777 1826 1225 941 2878 1989 1753 829 2925 929 2103 1454 1429 697 1098 2893 2183 1377 1035 1057 1941 2883 2641 2733 594 46 2408 2602 714 2602 1517 1515 1021 933 259 1223 360 2905 794 651 1077 2572 2611 789 654 463 2677 2410 2581 2608 2826 2521 2615 952 2491 493 2524 2869 1216 423 2777 1376 201 2106 1879 2008 64 2253 2162 30 2452 1461 1538 679 1240 1752 1357 1894 1338 635 386 71 1557 1581 24 
2 1 236
3 1 1186
4 2 1612
5 3 1312
6 3 719
7 1 1477
8 7 899
9 1 1696
10 2 939
11 6 1939
12 7 74
13 2 440
14 10 476
15 12 1097
16 2 94
17 6 421
18 2 1553
19 14 658
20 7 1339
21 15 1670
22 5 358
23 22 861
24 20 1119
25 7 1382
26 9 1096
27 26 1046
28 9 1526
29 21 771
30 4 1235
31 21 1018
32 29 590
33 19 1882
34 9 1942
35 5 823
36 1 1107
37 30 1064
38 15 1725
39 20 1785
40 36 1635
41 3 617
42 35 1077
43 30 285
44 38 810
45 34 1323
46 22 1835
47 13 640
48 3 1302
49 30 379
50 36 700
51 50 704
52 1 163
53 50 1830
54 14 837
55 51 121
56 2 431
57 29 824
58 15 402
59 2 504
60 55 1446
61 46 1840
62 45 1346
63 33 138
64 2 1142
65 55 872
66 2 865
67 52 29
68 34 507
69 9 768
70 63 124
71 4 1405
72 50 707
73 37 1076
74 61 1056
75 39 903
76 68 1098
77 72 1008
78 9 442
79 75 265
80 42 1262
81 47 370
82 43 1143
83 58 1007
84 26 1083
85 50 1047
86 22 1316
87 74 1862
88 1 975
89 52 203
90 36 270
91 36 1979
92 39 1591
93 48 461
94 87 498
95 54 1964
96 15 1343
97 53 296
98 45 1037
99 62 132
100 27 1252
101 26 1578
102 62 1308
103 81 435
104 89 852
105 57 47
106 22 733
107 103 643
108 47 1340
109 83 1526
110 12 523
111 12 115
112 74 1128
113 73 250
114 53 1668
115 108 255
116 112 901
117 35 1529
118 102 1653
119 111 1172
120 28 1137
121 12 1263
122 35 1435
123 65 335
124 69 1401
125 67 843
126 120 835
127 121 590
128 97 473
129 107 1064
130 8 1194
131 61 637
132 2 798
133 35 1348
134 37 1246
135 1 1609
136 8 1926
137 133 1388
138 60 1018
139 136 544
140 107 494
141 54 1500
142 102 1804
143 19 573
144 19 50
145 11 50
146 80 1489
147 137 127
148 66 352
149 5 668
150 104 583
151 130 1795
152 126 1428
153 141 1556
154 16 937
155 84 1188
156 145 795
157 36 1018
158 78 981
159 104 1937
160 31 612
161 26 1097
162 119 1016
163 141 102
164 119 281
165 26 111
166 30 560
167 16 848
168 45 202
169 43 1897
170 120 360
171 82 989
172 142 369
173 147 196
174 131 1326
175 112 1737
176 97 1005
177 151 1804
178 18 1056
179 8 1297
180 106 59
181 52 1727
182 130 729
183 175 1411
184 152 872
185 79 1418
186 37 1752
187 143 1274
188 120 1391
189 101 1786
190 112 1208
191 22 1381
192 40 1680
193 131 1308
194 23 1128
195 147 800
196 88 1333
197 61 316
198 182 931
199 60 889
200 183 766
201 146 1608
202 5 1799
203 192 1660
204 142 1462
205 165 1004
206 132 1410
207 192 1750
208 97 378
209 156 1671
210 86 1279
211 197 1748
212 197 760
213 44 1508
214 123 1773
215 148 1812
216 152 1036
217 186 705
218 132 727
219 203 225
220 106 756
221 15 1003
222 153 1660
223 39 1018
224 114 477
225 4 1727
226 181 856
227 133 348
228 74 1219
229 138 1577
230 4 1863
231 161 1058
232 88 1123
233 193 551
234 20 296
235 158 1707
236 49 283
237 128 6
238 40 1094
239 167 1299
240 225 1431
241 90 1555
242 29 1664
243 142 1272
244 148 1541
245 53 1098
246 202 1394
247 45 917
248 112 1538
249 86 857
250 229 1432
251 103 9
252 163 218
253 126 1293
254 49 1729
255 176 177
256 170 1563
257 254 99
258 94 1465
259 86 1784
260 136 1857
261 71 1288
262 82 1212
263 163 93
264 118 1897
265 66 1816
266 255 1305
267 9 1100
268 151 449
269 247 721
270 142 1468
271 262 1122
272 219 438
273 17 80
274 142 65
275 203 1197
276 28 212
277 247 1009
278 188 1863
279 104 232
280 24 1353
281 11 674
282 47 1370
283 75 419
284 252 1041
285 79 272
286 265 327
287 79 776
288 31 970
289 178 744
290 170 1403
291 190 133
292 156 96
293 142 1479
294 259 658
295 290 88
296 264 1824
297 123 1737
298 264 267
299 269 525
300 79 1289
301 16 1932
302 3 1266
303 13 370
304 122 1253
305 129 1869
306 19 932
307 267 1618
308 177 1860
309 266 1561
310 54 1502
311 143 492
312 4 576
313 113 1372
314 229 221
315 115 909
316 214 553
317 144 389
318 194 782
319 129 960
320 239 970
321 94 1055
322 165 1998
323 135 1204
324 250 1504
325 145 1239
326 268 1114
327 206 1429
328 125 1705
329 294 1580
330 89 1455
331 192 128
332 164 657
333 90 1561
334 118 650
335 141 1011
336 157 150
337 329 1132
338 231 232
339 117 329
340 262 452
341 254 786
342 212 758
343 276 849
344 132 473
345 161 855
346 235 1665
347 41 1624
348 117 1730
349 134 442
350 1 70
351 4 1289
352 247 1418
353 195 1702
354 118 514
355 39 611
356 200 353
357 49 1545
358 38 386
359 179 562
360 288 1746
361 250 1967
362 262 835
363 140 4
364 296 1882
365 224 999
366 359 1586
367 49 852
368 35 215
369 43 1900
370 103 1532
371 231 545
372 44 326
373 171 844
374 112 1134
375 77 807
376 191 963
377 321 691
378 190 21
379 250 1892
380 50 955
381 301 1872
382 281 751
383 212 1395
384 64 1932
385 34 1614
386 149 1223
387 24 1859
388 278 963
389 351 75
390 91 1259
391 341 337
392 375 1276
393 70 340
394 127 1800
395 287 1304
396 111 709
397 36 1797
398 69 1931
399 169 743
400 4 778
401 342 621
402 246 1394
403 369 938
404 159 328
405 381 407
406 194 664
407 216 926
408 127 1662
409 378 1504
410 118 1099
411 33 1041
412 183 262
413 149 359
414 319 504
415 234 1071
416 212 607
417 345 343
418 26 1981
419 286 277
420 43 1430
421 245 574
422 131 485
423 24 1328
424 211 1271
425 204 729
426 66 1262
427 176 1534
428 384 1216
429 309 293
430 90 1958
431 38 1723
432 164 989
433 122 270
434 230 1208
435 75 724
436 416 972
437 276 1330
438 375 1443
439 187 246
440 262 313
441 308 558
442 115 754
443 46 223
444 218 514
445 19 879
446 126 723
447 46 107
448 236 243
449 73 578
450 88 292
451 101 1367
452 305 730
453 161 1539
454 14 208
455 268 1793
456 112 1348
457 242 1584
458 193 438
459 149 484
460 348 860
461 79 1750
462 14 1521
463 190 815
464 1 882
465 7 1345
466 200 1584
467 450 287
468 237 641
469 88 239
470 183 382
471 174 1615
472 195 534
473 71 1709
474 299 954
475 148 1582
476 156 1615
477 305 824
478 324 783
479 3 488
480 154 456
481 83 1229
482 481 604
483 265 1514
484 246 479
485 277 1592
486 130 1340
487 92 2
488 260 1841
489 42 647
490 137 702
491 79 428
492 119 138
493 261 967
494 406 1358
495 228 1061
496 466 1015
497 45 1413
498 135 1272
499 103 1130
500 260 1542
501 13 285
502 269 1515
503 297 73
504 450 1124
505 323 1645
506 230 1379
507 192 750
508 351 1021
509 104 690
510 315 1724
511 209 886
512 74 1758
513 469 1737
514 438 1237
515 263 223
516 343 1653
517 83 1535
518 84 1690
519 458 1876
520 31 1599
521 66 240
522 205 1095
523 146 692
524 420 1736
525 49 1210
526 375 555
527 506 1612
528 336 190
529 475 1386
530 126 418
531 130 583
532 5 237
533 19 1148
534 2 345
535 90 356
536 84 355
537 336 1742
538 464 1420
539 274 751
540 517 1228
541 428 1454
542 69 1402
543 247 1109
544 68 1173
545 80 1494
546 366 463
547 349 1764
548 427 1405
549 165 1398
550 380 808
551 367 1208
552 386 718
553 132 105
554 457 882
555 302 430
556 220 503
557 298 461
558 548 1097
559 315 1203
560 154 325
561 227 1183
562 450 60
563 95 613
564 220 580
565 398 92
566 392 1911
567 223 848
568 125 722
569 382 1392
570 548 583
571 493 273
572 480 332
573 493 794
574 388 553
575 497 358
576 370 1501
577 517 1589
578 314 138
579 564 1754
580 548 533
581 277 1214
582 414 1911
583 123 1212
584 431 1231
585 15 388
586 563 157
587 417 1785
588 500 1128
589 563 34
590 162 1721
591 322 1164
592 173 1214
593 276 1254
594 94 1160
595 380 1908
596 188 1613
597 218 685
598 492 535
599 24 413
600 296 739
601 53 1747
602 212 419
603 374 404
604 227 716
605 12 1511
606 377 569
607 224 727
608 415 838
609 402 532
610 190 1590
611 610 1698
612 385 1774
613 253 1608
614 344 679
615 36 738
616 89 288
617 114 1775
618 172 953
619 458 1620
620 163 105
621 54 1624
622 526 281
623 145 1462
624 345 887
625 126 1502
626 176 1060
627 128 1972
628 196 1367
629 211 959
630 617 72
631 592 427
632 283 21
633 93 1127
634 213 1504
635 217 584
636 295 1006
637 271 1637
638 414 826
639 204 1545
640 259 1040
641 280 1876
642 181 1795
643 47 458
644 302 1160
645 595 1842
646 588 1256
647 242 824
648 440 98
649 455 1644
650 97 1831
651 619 1089
652 377 300
653 466 14
654 133 1515
655 19 1552
656 107 1090
657 641 1319
658 7 962
659 82 597
660 30 1457
661 69 2
662 459 1849
663 282 1578
664 79 663
665 654 924
666 79 1982
667 243 621
668 68 1169
669 651 1380
670 263 1132
671 473 604
672 550 75
673 376 1365
674 527 1313
675 195 1059
676 417 435
677 461 718
678 496 1626
679 155 32
680 257 1813
681 436 1097
682 314 1589
683 585 1566
684 214 975
685 351 1542
686 424 813
687 314 1404
688 254 381
689 301 736
690 485 1665
691 50 54
692 288 1037
693 320 1558
694 381 492
695 42 1658
696 472 987
697 377 1939
698 531 1708
699 201 1539
700 482 1717
288 496 575
548 344 1554
187 269 680
100 224 1506
642 298 623
692 190 709
258 347 1688
697 117 1734
32 135 1556
6 441 372
259 47 1183
196 221 799
521 349 970
409 179 1538
128 587 729
304 314 304
314 440 1504
311 239 1218
332 346 666
96 664 816
511 125 1146
364 69 463
467 24 182
689 52 650
427 481 1952
250 689 1348
60 334 1703
325 150 1821
154 602 1087
201 347 723
656 233 172
140 129 1851
312 199 485
307 187 784
567 138 631
351 321 1436
301 202 1799
146 96 1621
348 537 925
336 654 58
630 540 221
623 87 462
96 376 711
386 480 4
300 137 1010
320 631 284
133 75 213
411 606 285
54 550 1207
651 300 1156
529 53 376
315 310 1708
609 461 223
508 287 495
542 439 1973
540 130 796
164 642 1666
197 514 953
110 210 1319
27 98 92
124 382 1820
482 251 805
91 175 1580
71 555 430
383 626 637
169 311 1910
657 627 132
403 223 1194
135 423 569
225 389 773
465 639 1319
335 572 394
441 481 744
537 67 863
630 186 607
487 285 461
209 517 1749
511 125 1734
669 76 1688
466 529 102
291 186 833
496 160 318
660 192 1365
31 97 780
642 230 1726
301 339 191
184 183 1691
43 225 1642
547 279 470
645 489 391
357 650 517
572 492 335
20 83 516
548 116 727
27 242 641
499 299 1133
527 353 248
216 122 916
462 576 1200
303 352 1452
90 127 1334
256 260 37
400 537 1672
218 137 1190
56 134 1253
351 269 1354
667 28 564
297 236 634
664 270 674
3 458 1841
478 374 928
421 415 940
531 157 780
497 605 752
14 155 351
603 320 465
337 683 1064
78 557 720
533 299 535
91 135 37
128 445 1485
61 278 1726
332 130 1106
514 45 535
34 288 1255
594 572 1578
330 126 829
262 605 489
462 65 1829
307 695 314
504 213 202
659 435 467
697 556 445
295 669 246
162 183 1536
202 680 1839
52 7 53
181 137 1052
250 599 151
528 130 508
634 535 1753
187 65 1996
434 399 1743
353 18 974
41 472 1371
178 281 1434
253 458 1353
467 216 1194
262 56 1516
239 317 497
219 24 74
355 667 1196
531 666 245
309 618 620
668 391 189
401 544 867
483 625 291
372 77 909
155 589 31
578 478 1089
311 360 532
578 526 969
693 175 386
479 417 1486
465 365 126
370 261 1799
545 162 1533
18 61 1844
491 333 151
251 184 982
152 274 121
426 18 370
306 113 1547
592 402 1223
700 69 1092
669 504 1628
613 488 59
191 32 1469
555 22 624
376 58 1687
353 1 202
232 292 578
252 117 1922
307 45 95
441 216 176
578 228 851
514 419 1046
579 437 1363
426 658 1354
190 18 1168
86 57 1655
98 461 1413
662 108 1510
513 87 159
360 293 1481
256 669 829
148 227 905
330 50 169
443 65 1105
222 68 293
135 163 1435
474 325 857
263 296 345
157 700 508
484 102 711
244 1 1666
597 235 320
157 284 1430
115 572 62
81 220 424
615 630 1766
392 507 504
83 59 178
610 273 723
663 326 1521
91 610 766
421 194 1406
402 12 1314
355 196 1133
122 700 679
424 148 763
425 556 260
396 181 1590
114 390 230
540 324 986
189 599 158
209 635 558
417 454 1104
168 217 1951
201 82 1530
631 268 1755
150 378 1459
199 222 1681
256 468 452
89 48 1928
196 677 907
525 24 989
661 203 878
628 397 1489
322 86 1212
208 289 706
215 123 699
290 294 1321
437 698 126
559 253 901
648 308 341
228 143 1079
52 189 778
652 289 941
239 166 841
2 450 1090
117 102 912
423 606 838
648 277 152
532 617 362
603 185 1890
684 597 1344
301 225 422
461 653 1569
206 71 744
163 231 1262
477 485 940
514 307 1275
151 166 732
372 580 1370
343 454 904
450 51 260
595 84 1678
75 542 685
18 674 602
549 479 1897
66 47 511
291 269 1802
41 576 1510
259 99 1196
423 440 1992
137 427 1426
482 397 551
456 16 338
332 422 450
372 123 1199
684 7 1273
487 555 1894
241 298 941
665 412 11
383 364 1516
10 330 741
112 99 1115
686 466 1448
341 525 1349
3 664 1714
315 313 292
65 269 824
314 89 270
430 427 994
580 168 1794
488 451 1508
579 245 451
280 331 575
638 393 517
612 212 840
