943 943
-1 -1 -1 -1 -1 -1 -1 -1 -1 -1 359565463 -1 -1 -1 -1 -1 -1 -1 -1 -1 -1 973402358 -1 -1 -1 -1 279272738 -1 -1 -1 -1 -1 -1 725134198 -1 -1 -1 592493078 -1 637682783 904568760 -1 -1 -1 -1 -1 -1 -1 -1 -1 -1 -1 -1 -1 -1 -1 -1 -1 -1 -1 -1 -1 -1 -1 -1 -1 -1 -1 -1 -1 -1 -1 -1 -1 -1 -1 -1 -1 -1 -1 -1 -1 -1 -1 -1 -1 -1 -1 -1 -1 812004784 -1 -1 -1 -1 -1 -1 -1 -1 -1 -1 -1 -1 -1 -1 -1 -1 -1 -1 203909517 -1 -1 -1 -1 620388289 -1 -1 -1 -1 -1 -1 -1 -1 -1 -1 233099326 -1 -1 -1 -1 -1 -1 -1 -1 -1 -1 -1 -1 -1 -1 -1 -1 -1 -1 -1 -1 -1 -1 -1 -1 -1 -1 -1 -1 -1 -1 -1 -1 -1 -1 -1 -1 -1 -1 -1 -1 -1 -1 -1 -1 250547213 -1 -1 -1 -1 -1 -1 387391464 -1 -1 -1 -1 -1 -1 -1 -1 -1 -1 54653213 -1 -1 -1 -1 -1 -1 -1 -1 -1 -1 -1 591968463 -1 -1 -1 -1 -1 -1 -1 -1 -1 -1 -1 -1 -1 -1 -1 -1 -1 20355078 -1 -1 -1 -1 -1 -1 -1 804229974 -1 -1 -1 -1 -1 -1 -1 -1 -1 162173962 -1 -1 -1 -1 -1 -1 -1 -1 -1 -1 -1 709485993 -1 -1 -1 -1 -1 30430494 195726626 -1 -1 -1 -1 -1 636255396 -1 55593815 -1 -1 -1 -1 783556759 -1 -1 -1 -1 -1 -1 -1 -1 -1 -1 -1 -1 -1 -1 -1 -1 -1 -1 -1 -1 -1 -1 -1 -1 -1 -1 -1 -1 -1 -1 -1 -1 -1 -1 -1 -1 -1 -1 -1 -1 -1 -1 -1 -1 221087054 -1 -1 -1 -1 -1 -1 -1 -1 -1 -1 -1 -1 -1 570991156 -1 -1 -1 -1 -1 -1 -1 -1 -1 -1 -1 443287512 -1 -1 -1 -1 -1 -1 -1 -1 -1 -1 741378147 -1 -1 -1 150636911 709529145 -1 -1 -1 -1 -1 -1 -1 -1 -1 -1 -1 -1 -1 -1 -1 -1 583663561 -1 -1 -1 985592171 -1 -1 -1 -1 -1 -1 -1 -1 664090117 -1 -1 -1 -1 -1 -1 -1 -1 -1 -1 -1 -1 -1 766087188 -1 -1 -1 -1 -1 -1 -1 -1 -1 -1 -1 -1 795889064 -1 -1 -1 -1 -1 -1 -1 -1 -1 -1 -1 -1 -1 -1 -1 -1 -1 -1 -1 -1 -1 -1 198850284 -1 -1 -1 -1 -1 392048708 -1 -1 -1 -1 -1 -1 -1 -1 -1 -1 -1 -1 -1 -1 -1 -1 -1 -1 -1 -1 951421481 -1 -1 -1 -1 -1 -1 -1 -1 -1 -1 -1 -1 -1 -1 -1 -1 -1 -1 -1 -1 -1 -1 -1 -1 -1 -1 -1 -1 -1 -1 -1 -1 -1 -1 -1 -1 -1 -1 -1 -1 -1 175387808 -1 -1 -1 -1 -1 -1 -1 -1 -1 -1 -1 -1 -1 -1 -1 -1 -1 -1 -1 -1 -1 -1 -1 -1 -1 -1 910444211 -1 -1 -1 -1 175802639 -1 -1 -1 -1 -1 -1 -1 -1 -1 -1 -1 -1 -1 -1 -1 -1 -1 -1 223531932 -1 -1 -1 -1 -1 -1 -1 -1 824840230 -1 -1 -1 -1 -1 -1 -1 151832612 -1 527130534 -1 913402827 -1 -1 -1 -1 -1 358229306 -1 778571356 -1 -1 -1 973240306 -1 -1 -1 -1 -1 -1 -1 388610555 -1 -1 -1 147368087 -1 -1 -1 695155397 -1 -1 -1 -1 -1 -1 -1 -1 -1 -1 -1 -1 -1 -1 25766676 -1 -1 -1 -1 -1 -1 -1 -1 -1 -1 -1 -1 -1 -1 -1 -1 -1 -1 -1 -1 -1 405901318 -1 -1 -1 -1 -1 -1 -1 -1 -1 -1 -1 122196149 -1 -1 -1 -1 -1 -1 -1 -1 686139245 -1 -1 -1 -1 -1 -1 -1 -1 -1 -1 -1 -1 -1 -1 -1 -1 -1 -1 659130010 -1 -1 -1 -1 -1 -1 -1 -1 -1 -1 -1 -1 -1 889649837 -1 -1 -1 -1 -1 -1 -1 -1 -1 -1 -1 -1 126922743 -1 -1 -1 -1 -1 -1 -1 232445650 -1 -1 -1 -1 -1 -1 -1 -1 -1 -1 -1 176249953 -1 -1 -1 298685638 -1 -1 -1 113183340 -1 -1 261088326 -1 -1 -1 -1 -1 -1 -1 -1 -1 -1 -1 -1 -1 -1 -1 -1 345028984 -1 -1 -1 878086976 -1 -1 -1 -1 -1 -1 -1 767531845 -1 -1 -1 -1 -1 112441119 -1 -1 -1 -1 -1 -1 -1 -1 -1 -1 -1 933639761 -1 -1 -1 -1 -1 -1 -1 -1 -1 -1 -1 -1 -1 -1 -1 -1 -1 -1 -1 -1 -1 93830381 -1 -1 -1 -1 -1 -1 -1 -1 -1 -1 -1 -1 -1 -1 -1 -1 -1 -1 -1 -1 -1 -1 -1 -1 631458872 -1 -1 -1 -1 -1 65443965 -1 -1 -1 -1 -1 -1 -1 -1 -1 -1 -1 -1 -1 -1 -1 -1 -1 -1 -1 -1 -1 -1 -1 -1 -1 -1 -1 -1 -1 -1 -1 -1 448355260 -1 -1 -1 -1 -1 -1 -1 680636566 -1 -1 -1 -1 -1 -1 -1 -1 -1 -1 -1 -1 -1 -1 -1 -1 -1 -1 222476795 -1 -1 -1 -1 -1 -1 -1 -1 375440220 -1 -1 -1 -1 109675411 -1 158670192 -1 -1 -1 -1 -1 652923364 -1 -1 -1 -1 -1 -1 -1 -1 -1 -1 -1 -1 -1 -1 -1 -1 -1 -1 -1 -1 -1
194 686 66914165
693 784 523854981
858 437 704655251
77 354 80844060
592 95 897761294
938 353 69306159
640 570 797270941
600 860 182263520
566 713 848971440
752 76 171790819
677 549 964141360
636 839 306997065
844 536 260342346
651 610 814808244
271 871 970855654
539 120 671079313
640 355 736306506
884 743 457042376
53 405 755463718
603 332 357653625
487 282 383612180
42 184 757999827
10 328 821335211
153 478 128166016
520 621 504255233
938 875 145623340
803 462 686954255
229 924 656698563
257 745 226070173
246 17 845741210
755 285 265674080
719 437 708624189
529 368 586959915
894 15 874670578
218 248 874192622
719 464 53189988
556 326 7570398
109 887 406071465
8 444 867685426
87 415 208521613
856 509 401870615
582 527 690861210
801 884 226050164
348 523 807194354
152 841 129640197
715 630 226173871
37 895 859177322
707 461 668006673
504 462 550327454
466 233 444155575
935 418 911689880
864 790 359852122
756 766 646416048
558 694 691871704
448 111 686368854
141 557 567965667
878 464 516395287
450 622 193101084
680 732 956665294
333 219 772122538
658 790 406108810
457 842 422814254
901 30 577488357
47 383 706379783
685 859 276766550
496 203 833038589
501 73 478459060
446 731 279451472
651 445 295922816
881 894 708494902
813 521 158596372
211 481 34748831
91 802 694734605
800 497 574082474
429 491 567519677
361 367 743560777
784 699 270996716
515 675 964876996
85 758 398666299
43 105 778772655
330 43 736379255
110 466 107868790
159 894 718233855
415 782 932065554
639 708 39478972
119 204 264749282
649 569 899393200
299 328 511010926
94 912 756601166
280 197 461419906
571 614 292584367
789 529 416491336
614 561 253064515
594 423 906972506
331 914 124537046
923 676 524278866
285 361 723009276
931 122 843779057
384 690 315145668
861 352 922256006
512 497 631190496
857 672 542460281
380 644 928535388
178 2 162511674
88 437 30223008
286 933 542778016
199 531 939453459
8 541 727142605
520 720 735136590
704 832 572990808
245 824 813592543
788 568 481790289
174 910 397235060
312 356 788283111
812 7 640867903
687 748 589652139
804 105 280182450
242 395 462406985
495 924 413665355
118 160 847372492
935 603 857635241
682 700 384787180
633 278 625094797
872 924 215755081
865 191 481978188
879 663 590107629
101 408 371617591
387 329 642836032
109 894 914641170
115 569 754803968
814 52 562859603
110 775 473153073
700 890 67260209
567 552 883287689
652 50 931238614
492 629 518017250
357 421 559005313
692 442 208888592
781 218 885796153
340 479 390938826
777 537 248807604
268 160 198405835
732 583 159769590
255 588 415735742
108 451 686631421
287 208 186981174
324 355 147287003
727 489 549674966
602 98 27312947
13 335 831819463
94 185 300246738
111 666 379384678
389 485 741750318
477 558 859696344
504 739 802181177
360 122 771019311
793 470 458501098
754 170 932866020
898 112 461103760
493 416 34346156
559 351 976240013
330 757 653897857
742 111 479465474
243 441 44807992
137 184 629789583
512 28 76775233
385 141 704325612
384 17 243635589
353 67 556427479
858 415 903255535
137 636 436506959
826 431 575621574
6 924 879927511
62 119 723999982
500 667 453285812
362 22 164424295
251 879 161709195
468 450 513462376
357 610 640174962
51 777 830756483
926 442 529146777
792 720 575530477
897 299 35616613
871 302 534589511
929 95 441306414
827 722 124671977
642 564 258706318
106 795 405114876
466 846 287734439
941 879 91605677
668 492 300485047
482 687 961557815
797 531 930637679
858 804 541022491
33 677 45986357
398 67 565782210
235 263 226647327
615 359 135507688
121 152 468899239
383 378 771030975
904 548 613957646
113 450 950498473
35 739 321397358
424 630 861005054
89 793 63175852
141 697 668487314
15 304 582386551
284 834 388105899
373 749 207695400
344 791 927262712
363 5 419219533
504 716 728269092
75 838 618984484
449 78 874902928
76 717 939208903
56 750 991963606
258 788 312415815
299 865 980992440
370 299 357210425
725 220 898864282
26 594 861039732
4 48 768405736
806 118 836670758
417 706 175817304
628 585 832379449
845 837 98873507
566 154 74221559
188 852 324252349
284 542 385393235
641 80 386516703
753 98 447108532
830 661 543180123
934 74 980206651
796 446 993490106
474 773 136227731
425 859 603461701
766 928 785770659
158 608 86136844
917 678 863484679
182 682 473039545
581 336 762219109
794 300 402313096
594 199 976355843
274 795 707403030
814 323 63186545
199 879 394350484
479 829 245152224
823 372 759880699
312 230 216144502
502 264 243359370
371 251 981395469
618 449 790062800
798 603 948020675
845 499 880332551
525 652 963530093
596 9 978538645
79 611 657182101
523 303 484034530
721 591 478423821
555 574 999569723
420 877 707827598
698 338 877254384
288 389 34685665
246 865 126988898
257 341 156931489
477 645 707654268
565 92 183129508
610 598 278432617
894 605 841318568
516 833 374513343
379 922 274398251
215 790 457408730
256 427 282802652
117 379 613216451
381 111 777293515
71 344 232196053
70 435 609851087
813 804 526111556
347 246 628394587
794 452 714122201
440 254 41952038
714 241 374393555
753 894 478226756
926 414 228405284
639 413 675761913
391 932 324358603
823 297 197902047
616 50 985923236
367 168 664340438
498 81 774181868
153 389 97680518
172 533 998055455
920 843 729738308
153 462 223574772
764 88 608839573
663 343 314028462
871 770 861758518
622 696 431419101
239 769 258257947
246 660 530216651
932 649 174781340
486 366 800933651
873 400 111119749
580 81 966615145
758 546 973725139
313 242 181283089
58 414 7255122
130 362 40695146
109 345 614743752
740 858 408908765
690 293 331615875
299 94 785459858
693 176 677816471
581 550 236503558
853 764 210153098
108 314 698026159
222 197 489681875
920 66 311650568
695 374 226864547
385 784 546761702
590 899 682603355
412 97 494903584
392 278 269151737
205 512 993163251
281 623 250737418
40 863 671018026
362 532 256052834
492 232 513669523
771 410 506599673
704 408 987137716
124 903 27983258
779 199 565172932
217 935 34055522
573 455 85296968
109 155 362050364
19 671 326741101
462 768 904042875
190 460 54995259
707 644 628577960
190 769 132578219
483 547 617560395
687 737 330712065
754 440 13212405
98 668 312957119
462 212 591859361
693 723 336794584
32 931 294965230
234 931 868239310
64 536 263462228
661 759 670548632
487 606 910651079
317 264 71882522
790 377 391168670
373 710 974853768
490 241 739352350
569 614 726399333
832 550 11503548
162 894 681956704
150 202 375564184
578 163 991003166
93 62 37583024
845 440 528532572
322 689 970858314
589 848 197535418
454 473 61840734
354 917 550681175
260 695 866878419
17 187 54036860
670 654 818568756
515 483 412780403
104 828 782858674
587 308 839261366
622 247 995367871
658 911 279280144
896 250 749286409
649 936 443796450
409 789 50120453
190 44 263954331
784 82 852194386
213 450 622556961
671 17 801702332
118 295 634299064
320 866 93843299
926 305 43283661
174 458 828169668
281 416 291240863
902 503 314220784
95 598 862151885
674 134 876507547
596 258 836223510
576 605 236856817
937 497 368718035
589 149 481807028
397 673 806919724
275 784 494312588
612 28 466541320
807 679 939630117
261 917 42892949
816 438 865906675
524 177 453290447
623 748 638631923
684 430 602884079
55 364 91783963
31 361 835613948
318 896 897240106
376 710 126918626
480 654 833400343
504 70 329689945
206 869 103466038
820 775 595253596
821 817 904517799
573 242 746923644
684 476 503853770
410 34 13743230
88 322 231500311
199 858 314159441
530 38 631318794
942 630 414113683
599 934 239369810
611 581 976282500
297 804 662387902
688 622 648323940
172 776 595728957
123 818 333879860
78 192 176883020
833 97 427206001
473 919 1538814
707 920 165178907
940 326 763109818
700 350 961742880
17 72 112821094
202 127 160608669
624 725 938104163
180 21 365292724
653 488 790170334
832 760 977220213
200 476 772367060
924 903 559606666
562 16 244174252
823 703 959741178
551 748 601483516
497 23 921040906
251 312 29859227
11 669 613715417
809 378 956246166
466 523 525875208
544 713 807539092
554 177 661325320
170 722 158662396
914 260 850736350
322 428 205970006
796 869 836266200
203 795 888855128
109 705 582417325
456 917 495749106
194 364 529206162
290 904 432206831
419 7 777516539
718 563 379393300
129 794 39410414
23 316 386650042
370 256 585613443
826 470 637287341
935 811 615004091
381 114 835128174
837 133 567367473
623 244 556747448
584 407 594184165
375 510 223926170
673 664 32106824
310 668 544070261
658 836 158126483
575 394 42611545
326 810 944762644
883 588 349726052
12 242 54807270
815 98 275211672
478 573 484778157
140 511 591966006
429 534 450528027
84 635 426259759
476 199 673178479
437 91 662203029
639 9 795905057
418 574 368855908
640 921 697428276
454 930 5587168
578 414 72694866
346 866 445145477
238 930 186051544
291 265 608231105
883 179 838694470
474 584 404401432
793 169 864768360
703 590 891897860
455 786 670775592
930 297 967739449
908 597 171560643
627 429 104972948
761 547 943910087
292 658 1188773
457 489 222776436
48 772 308899065
237 393 108684774
8 201 75288641
216 432 495007195
579 416 792217323
685 198 54089213
706 754 97988464
173 926 89472284
406 294 598265950
537 458 401077022
97 128 159980115
717 298 545143817
768 783 53830948
593 889 83419726
749 337 766369940
879 117 571001225
880 858 821429383
908 187 544832746
388 564 734759851
279 941 359211096
432 461 222540178
780 741 39754378
416 9 356247895
13 110 197088229
869 14 333248973
54 477 374124017
625 548 482456331
523 157 87136249
876 613 469776979
823 471 475938833
753 27 707176528
644 151 347698682
520 582 982941129
750 595 795405128
923 59 207540524
662 39 382290366
162 436 230968768
784 199 885047615
225 45 559155852
891 460 976171390
403 37 583971167
814 457 953483008
789 895 786609418
207 539 730571989
165 218 323787318
246 931 242125243
117 219 498179722
326 291 424348699
893 65 570058708
93 860 33106368
173 453 228437224
725 858 320124247
788 744 800686308
709 149 274539352
856 437 236753097
777 69 823853534
202 447 635325300
501 648 637490466
31 763 905733064
311 39 828845750
543 707 193127244
606 869 996641229
898 680 424712579
808 725 865395218
491 847 30712819
239 407 169318041
925 389 779032490
528 449 727157956
770 500 556104054
749 915 814728380
395 467 316024190
551 558 865317103
921 36 933047221
66 272 298477399
91 943 168707264
433 625 49199646
249 569 213210439
24 298 940511479
667 459 334158779
720 693 142177873
437 816 161868891
365 847 663327461
312 85 17646381
68 855 58681720
664 21 43584029
398 631 887056264
25 414 586334025
143 594 983166329
99 632 495138803
743 492 685734712
450 199 269649645
187 807 404844457
224 894 526312270
617 7 364004996
50 522 353962942
889 832 113240913
480 339 278664812
450 938 417281019
344 651 962483813
771 466 956456297
209 299 701305789
664 415 875751842
197 273 467014398
184 559 195136374
898 777 311998904
246 548 524231454
900 472 257751297
850 814 611231093
909 95 564708901
6 393 886263146
420 128 520963290
67 795 152852141
566 102 327217815
506 238 340351780
556 100 351281022
326 307 413247520
66 483 860775125
120 927 415631785
646 626 224873073
66 753 477150745
829 7 386712363
793 219 737803489
653 411 579553695
77 210 125904622
639 550 842750272
153 488 564451240
661 308 467536435
333 472 697447365
653 647 704656737
98 93 842155895
609 504 489249151
394 851 332138369
894 334 758302423
608 170 696263295
714 869 343902307
117 418 819773651
614 724 699373738
665 39 924312518
402 659 556821191
690 276 220115705
81 91 45042015
933 150 237372906
260 142 823480087
63 545 804733873
231 567 824064505
437 196 344652770
186 763 896940156
361 822 491495844
562 553 525798151
703 240 831642926
711 547 264011558
369 128 274909204
904 183 227450522
691 450 757093095
288 154 424948182
510 258 651091625
788 643 338924882
116 223 967968872
29 258 386576786
75 607 234302750
236 810 426638121
881 736 805540926
221 341 540105567
848 235 842856930
24 819 509683674
827 338 13223730
873 693 635742022
918 147 889255118
250 177 865326198
758 46 299020184
709 382 897624427
349 90 258313688
463 862 768481631
248 626 899424192
410 126 421415097
345 730 191001909
269 298 794082970
832 502 470328018
519 484 754587856
281 231 988629011
242 103 913751821
290 327 887413077
787 487 392620971
728 474 762950855
332 905 407246786
61 862 626748291
242 166 639050089
536 429 174237590
800 606 215950062
871 429 986140594
515 834 110152069
203 399 36344819
259 341 601691681
917 940 94556794
392 148 528720877
142 560 322088806
817 650 208572709
230 915 531623683
73 620 363574279
569 353 650199309
876 942 937937072
48 443 766161863
172 725 894874669
799 613 73547288
712 530 247375734
804 885 711246755
104 333 689447651
940 540 307606532
879 175 972683512
518 856 614348064
415 538 701258979
341 835 111966562
135 774 533871917
97 136 146911807
493 386 782810046
366 275 867808494
663 301 170356616
562 99 867109101
715 545 34768186
550 851 19481490
132 242 484645417
495 164 774784904
880 674 33927748
683 491 674792312
640 790 174652408
634 73 697727218
1 20 186727878
762 258 511697738
817 502 405225602
418 862 929997211
289 679 383067520
387 395 898828219
749 56 134047520
369 144 189723895
610 202 401751198
248 640 84225690
517 39 394105601
306 726 40302295
737 767 579122092
537 753 216158942
234 854 387247745
297 414 868462195
364 309 344399288
87 96 294233823
861 140 531172358
252 713 197695810
563 48 243070765
861 865 607118583
218 225 450024665
651 906 723945523
700 926 154422682
312 623 610498936
281 893 426026725
652 78 119886458
107 407 910701331
917 706 739457187
719 120 798663207
320 351 693736396
266 924 948210538
319 877 965697924
277 765 849378853
199 439 439028172
262 396 732553410
720 76 940951515
362 217 898549497
209 939 680277357
928 104 537782784
80 167 507987991
874 403 29260386
883 211 643161206
505 252 765928900
746 211 427044662
401 420 641113661
824 845 194746264
796 228 52936262
789 2 883067777
586 515 404781544
253 696 830144704
219 676 455907435
865 814 211433130
833 863 399020715
143 422 390857512
615 700 363357957
475 345 492439836
902 497 953184667
805 626 322620469
50 917 886042430
443 535 672914276
189 361 242265343
361 672 964979333
735 580 750783884
513 137 527979582
459 83 934929010
322 628 490717518
144 426 723179233
226 358 601360245
747 47 723099043
383 640 84325315
297 355 175865492
687 74 388014246
67 8 922918573
468 75 357844709
789 848 669697620
281 50 366003707
882 555 530080032
841 497 246221316
278 409 801215029
654 850 26880416
138 930 141112143
508 287 286805412
97 784 598215990
681 702 8653056
137 404 893580641
635 810 750150901
164 135 655636369
814 465 764953350
276 223 369523139
709 320 308901500
305 656 591579047
109 549 404607170
813 859 933662734
108 848 678607847
901 523 82123494
193 666 353631562
690 907 57291200
746 469 769902720
458 41 95278398
938 672 523454939
638 507 349278572
594 523 78448656
738 150 41677874
298 702 298461091
17 262 237103415
888 883 247370885
564 897 461605938
51 886 715358208
848 606 790999812
277 673 593551730
227 48 513769546
840 194 407504025
871 931 391967892
577 486 346820519
145 900 922362835
526 613 929767007
584 123 891274156
325 362 118142992
60 706 72112717
501 232 590897122
660 287 487484717
688 340 429305001
6 916 215551564
594 733 283325353
573 933 349990631
142 729 974731219
99 190 383823178
418 606 246468792
153 712 580740790
267 696 194722045
384 573 276401636
141 565 428505127
146 93 381405898
190 935 912246172
588 701 428257293
349 879 185905327
298 825 656295951
57 812 162198183
715 512 61718534
659 664 75690971
780 660 450848798
199 161 643698332
80 804 82708441
246 214 892619893
170 147 656902646
462 572 709993378
358 598 96670610
492 892 636413555
160 889 152967640
48 58 91582314
494 668 463725998
867 86 256600764
663 913 258914123
294 663 272968746
171 39 427671800
652 315 613831887
139 487 912396029
9 306 108620341
604 832 481658637
813 591 952636163
477 3 434927794
637 333 445581238
924 531 972943099
745 353 137644
717 405 784107271
675 655 708663194
344 855 318386092
623 66 174604284
848 390 965438766
49 110 667005701
1 487 769805530
283 629 783806008
638 384 949069491
125 581 306723326
25 5 923897098
131 930 481618135
67 194 777763272
941 86 272866577
409 588 711802811
228 270 36116322
251 11 126717679
519 478 411198457
18 122 758174786
751 723 73853754
160 870 644716907
572 296 961473460
249 785 134355998
308 933 806496767
734 841 562843198
531 601 466800705
710 931 612558429
831 388 503813532
321 462 591084417
852 670 736912002
260 926 778905195
159 300 994582045
80 111 292238525
478 879 366827874
672 441 961238840
935 181 468277104
708 514 351513060
657 668 808581391
99 619 405383923
434 574 849531291
177 117 728858594
197 471 738017006
868 249 197362537
88 778 999470108
195 494 671391893
156 531 913999921
171 663 400825432
651 849 313318871
163 342 879817377
