93 99
84 66 376743918
61 66 406334796
28 66 739042690
64 84 540139907
54 66 952216812
42 28 330013562
7 61 861263804
20 64 694358793
24 64 349661875
85 61 339235964
1 7 264770632
16 24 510559508
44 66 448059174
27 42 701320070
22 64 619433644
49 16 873990778
38 28 32662892
89 64 222983437
31 27 867487660
10 31 797611343
52 49 240776168
48 84 339986630
77 64 519821646
91 89 544383210
72 77 530458688
68 64 762345894
88 20 245126358
14 22 660333022
81 7 905778521
21 22 753737187
76 84 288856265
18 22 781736448
80 20 124069208
53 14 224718577
13 89 814953197
57 89 819808871
33 14 256939938
74 49 805490565
30 53 163161671
71 85 791535462
75 16 500443868
58 38 740945813
55 54 404712731
62 28 855103122
46 58 129190635
32 18 45213268
87 91 428440302
12 88 797479106
25 28 845646580
56 49 383027769
29 81 307376774
69 77 20104713
11 87 837892956
60 21 288974072
40 16 401175527
51 1 972268989
47 21 200238536
4 53 959346566
82 87 638276695
36 84 57929843
3 13 654536477
45 52 909492760
17 25 613920346
59 80 866131455
63 45 944572288
19 81 650041380
41 33 572853685
6 72 604054903
9 31 111970901
37 89 416067165
67 4 268943214
39 44 959158576
35 7 699039299
15 64 810638522
2 33 834690506
73 7 469515454
34 66 972245294
86 76 266638959
23 89 993988685
26 49 447428343
92 66 789901370
65 37 673689074
8 89 964394428
50 20 667984880
79 16 562086350
70 63 26477302
5 26 414772253
83 66 979718909
93 1 21002637
78 28 467820658
90 37 335037109
43 41 340107445
37 5 632619664
53 40 140437511
31 51 405612565
8 40 169068259
28 7 538803309
11 16 320857349
48 9 411765450
