456 99436041 99219454
21764057 78562590
21400340 29618142
53548478 45879479
8997020 30371624
79458945 81284268
61124782 36825160
23946901 8390381
32396007 81952391
75146436 63015493
30400434 83611033
22995667 33017941
29561162 67703530
75186012 51353711
55724143 19268235
83473371 6841697
6837888 3960613
70341860 9730460
55738570 44336380
9244298 60827965
81843629 92485761
19014733 386065
66576001 55730039
26572663 20567507
95951083 95536972
62587197 70447006
18786428 57230335
36967175 58550713
36779428 79000258
35607606 26451352
4387326 27311509
23986741 58533124
10152880 49821692
61690657 78984006
11204508 98820897
82112604 61862815
34558325 33172591
25767820 28151063
76731307 20417282
77342378 5386446
32603300 5536833
54385798 83463728
26342807 45310877
24203107 32693497
86417521 95620025
76574958 45134939
80477231 37124741
86802468 64503660
10206469 52670807
19037549 47753945
84826902 35481097
99169380 58666573
84136968 31018567
22461387 86522283
52719842 64096149
84513217 86022382
6046222 52147403
71894748 29673579
57911434 96007145
21003411 46531366
30151022 21954613
1081705 18131772
58279566 1635513
32874059 60677351
85312407 6297238
33839021 83371951
63020591 45828294
60929759 25009238
98955975 52979293
60036628 49875491
26620453 72812622
27235724 21345316
43958138 75809186
12683958 34383345
81374011 25257195
22433300 91017057
39522801 52785553
33993563 8393511
31797486 26160805
83294037 22735933
6802807 6782443
7387222 86937090
710550 83710920
67245897 91804772
50171833 72978175
96935698 30351645
30857808 14626992
77850861 51746781
40976067 58646749
26567127 49479911
38978371 50657272
69904838 15071346
37683766 92861648
57998551 3202818
94606521 16101299
28327353 73879704
26123565 39202584
47781510 52948219
57005876 34584448
97329622 21049867
39042974 12483613
41395970 22527539
82131584 96351713
72622159 32903589
35477724 88956206
77056597 48549658
32019991 18060166
63750466 14474636
66288591 36388532
26552425 43845342
85317842 27466910
88395511 78875314
90922857 27148282
27107593 51580913
78688692 64680051
29732238 61774473
53809937 54249949
82777133 64996252
15535257 93595681
50641852 5075329
28423320 23380359
14586119 9424931
85930236 47521750
5121342 7640505
53024377 20462162
21492372 16417759
32367512 61506591
71380379 97176465
16623819 16528426
76174155 8646340
59256539 42858907
79385546 19817702
53023728 98471879
5920315 53934476
8225472 9363724
97916554 92029190
88718901 16286713
40928012 8498078
20386379 72244477
68005150 86790692
23000467 30024031
88520104 26594625
30997987 97964854
13203652 7339055
3360818 55541874
11702633 56822872
67974807 5714554
34983602 61588482
58156130 95283274
23663404 69624721
98362405 15754544
1843758 83218269
97899509 28964007
16474528 13545298
15832034 22397897
37791244 82887432
72211941 18041213
86983801 12815381
76922725 30215541
370085 43810386
17800099 5289992
28953009 46872424
74914035 73948851
60287760 67424151
88292228 57692196
17463273 78407124
36203172 55870422
5370664 7518223
39533702 67939331
59473596 33536430
68878370 76084047
26938929 72092497
44501144 72021866
12092259 6913319
71681612 46698370
72338936 14817327
6673969 75767588
97507123 2267944
90560568 6448914
518732 84173669
84619087 49428317
35514622 70108816
83768300 2535215
20648299 34269741
26940288 95020925
14073890 91490037
39149234 79343632
37280013 92845162
70781576 5214062
96868957 41100875
42981295 91507862
22920836 43066568
96453726 73957302
12728343 54439431
9671013 28007109
49300304 58123767
4824044 83432577
87435162 52747543
33702304 86327835
19752632 6962969
51698948 62186797
22803142 21224623
61237561 37884346
83307741 4193391
46791386 76466517
43745132 41731663
64649098 91860721
89082643 66548125
95024449 60690620
17837740 39898171
72598087 37665134
59019507 65563183
59510541 46010604
21584857 95191711
96731334 82169458
25819335 35958775
13355367 69347823
28223784 39090411
42542251 70856441
22198333 11609122
14773733 21658403
76621459 44550879
60556014 73272084
66085236 93188853
27953740 29695028
71961840 20474221
53952210 17674067
12402978 1467487
73096088 21571858
39564241 32696742
51048048 50407625
41390788 53096569
85149320 85851080
84944050 9491022
31522341 3728204
52569493 88545904
82896429 20530692
39623671 86088581
18277567 43194356
5329076 23247164
88072204 686581
79464625 32003937
70194008 40672349
17609243 31980298
39284649 54756076
97578298 79939872
26564215 64147040
37082124 30034167
62186358 31959014
8922994 39626923
87443319 95315128
94289423 32610464
5814621 58719263
87983907 697498
91201717 24696402
83132637 23295414
98809999 78249662
93107298 6685632
43236097 96810615
93622957 58809329
74717593 93195655
32232420 98170955
26002735 83743000
38666391 43570083
76533504 17654364
17251644 36919028
35324985 73250158
14999609 27197029
4961237 38514285
18720363 7413179
55973725 97149406
87308904 89437424
76363681 52284975
93382891 52836925
28499032 9269317
85883615 85478101
39804426 65778784
15940611 2512741
77786985 2824324
88641501 965287
40231229 37938219
21349968 60862512
10121183 49999040
35078945 23710195
61788516 25485183
68397891 50314094
86087802 16584106
74781998 3255197
62173473 94554796
5852678 9289695
71210768 93357523
2053553 28456943
27298673 97470170
89311131 17343752
26615369 46393367
73759866 31728174
49152093 59617055
17142933 72534865
23167858 78840491
70854506 61945169
39935482 59726409
4035851 40836113
38038085 51297737
55567705 19627660
5369301 7174164
80170613 32589452
13865349 24737857
40693823 5170120
15406354 89594860
8591968 13945669
52093759 93621113
13369766 90586393
65397135 69047955
93778825 81993756
72066790 65239872
29630859 1025441
47693661 9644684
95950313 91339131
28588879 78624243
93938373 95967389
27909425 397532
60795323 71603767
2709258 14000841
91676258 93658056
17804208 33084098
543289 85831409
67400603 74857068
76542930 50440065
36810336 13662450
89146419 10459373
72522308 31319594
9512509 20218233
93434664 45870072
59413711 448176
12522775 24599331
99120633 42733663
72334099 4972350
21013642 96711641
2947422 11069523
28112686 3417525
46409699 19746155
43842059 2176209
55676291 45701890
32662167 71430029
61894008 34971765
76919821 27258381
35315869 66914740
64991148 12192061
65083442 14767825
20130762 96870378
7516433 53411086
31422584 30815102
62266789 89668211
65746043 71603507
46547009 302885
47988624 37300149
9669234 2426642
46764686 55176825
84519510 38176654
14265786 44454151
34032335 24864136
43732397 63219485
35280841 12897441
64791123 20131165
28910375 92857534
94114093 96209583
35656604 17921096
51064670 78027281
21935136 90904541
9491467 9400801
66890954 87305604
16212491 1626235
4493804 6195330
93613389 17016072
37375521 7933593
81949721 70281299
3317549 40323047
42470387 69143492
6186192 50685061
50659075 16890256
61880876 20333424
91280159 41536233
13019503 82391632
14695002 95785145
28699078 90858941
7593053 43050019
80343688 88010530
6971363 42231513
95680289 7720087
73038845 3690633
90983493 48953219
92120695 11779753
21566144 21275020
97750321 21688745
63721796 40060984
72349891 21524179
16701403 35926898
55950297 66978931
6237273 23551971
92005259 31681830
61835475 35893022
68016447 25546017
2282822 95923930
48709432 55010721
3861870 99008782
42401936 29157644
16930625 12696318
5694121 87406033
49266412 116612
82578733 88547111
80917823 5425819
89219713 76224067
72587834 28762358
22506651 25442735
82941358 76917276
43181097 90709325
79043116 93002530
6033321 43578726
63902429 11426453
98539606 53800289
27141175 91181300
31366789 29518239
77801050 69411143
42573400 35636552
33726632 60044742
64887178 49998331
3281691 80380460
78023531 44109675
89838019 91140766
85583853 64668045
70431912 33879755
90972631 26263877
3791486 92561718
72939366 82872415
66162535 54259120
35418292 61370942
48409768 29081733
84658125 96948301
60296242 89788183
18291754 33163075
12632375 44124157
61569633 1814622
16236393 69191415
88033721 43857614
13480742 88042448
63878924 3939202
75254451 52397904
91007336 61770173
61721642 31394653
10075004 89441087
85577798 24345425
31218982 50858210
85924117 45279422
53645962 64346929
96025940 96468793
10437776 23443532
84176968 42947774
