997 994 2000
981 891 1
311 82 0
482 863 1
646 973 1
502 837 0
395 385 0
624 304 0
754 147 0
309 181 1
268 569 0
648 581 0
250 953 0
106 418 0
744 119 1
954 701 1
644 748 1
542 759 1
536 122 0
9 348 1
241 24 0
92 433 1
540 636 0
783 506 1
803 596 1
25 882 1
932 197 1
182 580 1
947 880 1
216 482 1
816 736 1
788 437 0
74 788 0
100 238 0
458 765 1
550 157 1
459 884 0
417 507 0
924 658 1
485 201 1
973 80 0
495 58 0
905 348 1
633 40 0
270 603 0
922 574 1
747 406 1
244 23 1
101 409 1
302 634 1
502 585 0
479 655 1
249 151 0
155 45 0
400 631 0
506 787 0
269 593 1
919 120 1
977 490 0
704 925 0
635 484 1
197 60 1
898 390 0
462 445 1
968 167 0
888 584 0
565 779 0
194 600 1
721 555 0
791 854 0
297 39 1
86 728 1
782 282 1
551 138 0
408 303 0
347 863 0
222 677 1
430 879 1
485 401 0
714 378 1
895 536 1
89 440 0
250 222 0
303 110 0
519 490 0
548 439 0
631 879 0
634 258 1
881 75 1
812 847 1
841 547 0
43 816 1
343 645 1
298 529 0
127 487 0
716 68 1
93 931 0
977 824 1
613 906 1
828 271 1
791 165 0
806 182 0
194 258 1
851 510 0
658 867 1
235 981 1
631 196 0
193 198 1
377 601 0
902 669 1
231 219 1
946 717 0
439 266 1
7 443 1
878 246 1
555 288 1
7 261 1
957 788 0
244 674 1
457 775 0
628 547 1
629 836 0
514 60 0
869 585 1
189 412 0
142 63 0
296 730 1
33 360 1
996 380 0
671 316 1
675 693 0
467 576 0
784 290 1
604 366 0
346 948 1
703 551 1
560 597 0
727 325 0
267 587 1
363 122 0
863 761 0
834 60 0
817 162 1
508 148 1
181 485 0
677 704 0
22 260 1
153 443 1
361 825 0
14 760 0
303 316 0
66 113 0
915 315 1
508 367 1
671 514 0
247 881 0
499 947 0
219 841 0
257 927 0
712 843 0
306 537 1
909 583 1
389 574 0
66 279 0
370 985 1
99 84 0
890 771 0
698 467 1
518 424 1
845 114 0
990 391 1
946 516 0
6 821 0
544 224 1
178 768 1
719 466 0
303 578 0
198 266 1
833 676 0
761 893 1
801 235 0
984 777 1
393 567 0
622 324 1
883 738 1
721 201 0
892 580 1
352 75 0
923 401 1
466 261 0
964 497 0
752 518 1
651 74 0
226 785 1
260 846 1
228 5 0
718 83 1
82 217 1
233 773 1
895 618 0
87 313 0
544 979 1
654 895 0
259 314 1
424 99 0
841 111 1
371 873 0
461 302 1
424 251 0
444 155 1
189 193 0
910 67 0
649 692 1
265 868 1
589 919 0
426 782 1
142 954 0
793 885 0
407 770 0
729 121 0
804 973 0
906 97 0
63 284 0
400 52 1
483 90 1
573 385 0
289 429 1
896 313 0
359 170 0
619 414 0
8 988 1
342 557 1
688 625 1
840 918 0
553 982 0
893 569 0
541 790 0
690 171 0
921 972 0
839 671 1
934 758 1
248 29 1
311 935 0
585 762 1
42 66 1
719 349 0
873 894 1
95 797 0
393 446 0
812 701 1
106 137 0
945 532 1
987 708 1
962 854 1
899 603 1
136 428 1
564 501 1
893 513 1
561 628 1
801 55 0
283 315 0
214 223 0
774 544 0
339 887 1
195 685 0
605 278 0
909 752 0
612 560 1
786 252 0
425 516 0
109 737 0
357 672 0
576 2 1
474 436 0
863 542 1
132 771 1
503 163 0
300 329 0
518 123 0
203 93 1
874 982 0
5 427 0
236 397 1
761 697 0
821 726 1
726 604 1
283 905 1
576 4 0
811 156 1
396 483 0
981 535 0
672 77 1
81 962 0
610 71 1
961 743 0
914 608 0
426 404 1
841 933 0
806 332 1
913 208 0
373 499 0
134 782 1
70 281 1
682 167 0
509 408 0
424 886 1
466 74 1
613 252 0
685 873 1
483 211 1
470 683 0
919 140 0
928 803 0
55 162 1
383 152 0
185 134 1
502 649 0
781 777 0
487 329 1
213 830 1
305 690 0
368 640 0
52 884 1
83 105 0
848 227 1
374 473 1
477 346 1
966 239 1
962 363 0
60 874 1
865 831 1
884 460 0
757 705 0
490 193 0
76 199 0
900 555 0
121 162 0
466 50 0
785 466 0
726 112 1
570 402 0
657 687 1
226 529 1
635 110 0
719 847 0
380 309 1
203 941 1
507 336 1
834 71 1
726 642 1
465 377 0
354 567 1
175 277 0
737 611 0
156 832 0
210 755 1
402 634 0
444 658 0
101 687 0
188 802 0
287 24 1
502 614 0
472 332 0
328 770 0
669 819 0
59 12 1
309 828 0
63 792 1
413 375 1
854 189 0
723 560 1
199 931 0
261 113 0
950 840 0
3 777 1
477 164 1
990 849 1
879 342 1
902 382 0
727 124 1
175 57 0
209 619 1
609 991 1
910 130 1
275 938 0
640 192 1
197 129 1
450 447 0
826 749 1
490 323 1
515 679 0
468 137 1
540 345 1
708 433 1
692 934 1
462 115 0
316 424 0
667 748 0
194 765 0
186 828 0
872 41 0
637 656 0
940 731 0
38 458 1
606 233 0
383 512 1
778 531 0
366 945 0
392 330 1
250 255 1
147 579 0
292 834 0
521 478 0
971 352 0
10 164 0
183 586 0
203 915 0
786 837 0
193 161 1
748 978 0
387 34 0
27 671 0
995 812 0
520 157 0
623 12 0
898 440 1
197 821 0
78 195 1
722 472 1
921 143 1
756 311 1
95 218 0
37 674 0
728 930 1
331 369 0
335 533 1
705 825 0
17 31 0
779 962 1
134 741 0
246 548 1
618 114 0
153 375 1
700 511 1
89 212 0
215 486 1
918 863 1
432 976 0
573 776 0
988 339 1
868 5 0
74 271 1
47 617 0
813 216 0
2 852 0
383 503 1
866 984 0
453 159 1
751 548 0
230 429 1
92 543 0
192 756 0
996 301 1
592 81 0
316 444 0
445 637 1
681 964 0
185 90 1
626 107 1
582 671 0
221 311 1
629 130 1
217 372 0
896 916 1
975 891 0
61 540 0
621 160 0
759 958 0
180 132 0
29 10 1
951 421 0
290 117 0
965 578 1
193 766 1
136 764 0
973 668 0
66 507 1
474 337 1
50 930 1
290 895 0
567 900 0
454 719 0
703 46 1
689 31 1
808 511 1
988 100 0
466 746 1
270 217 0
10 964 0
9 220 0
433 64 1
94 711 1
212 107 0
290 220 1
538 247 1
775 473 0
759 602 1
434 492 1
216 965 0
337 963 1
888 426 1
244 408 1
515 225 0
547 126 0
671 123 0
155 915 0
346 14 1
705 481 0
548 16 1
243 712 0
49 791 1
596 57 0
214 937 1
133 823 1
523 703 1
441 603 0
952 613 1
514 748 0
197 844 1
718 260 1
1 512 1
461 459 1
4 927 1
918 227 0
325 794 1
610 768 0
937 331 0
213 608 0
347 813 0
17 281 0
299 844 0
827 831 1
398 739 0
56 947 1
336 791 1
805 760 0
144 662 1
578 330 0
241 979 1
414 271 0
432 974 1
280 673 1
992 966 1
392 814 1
38 467 1
912 577 0
645 188 1
150 149 0
635 964 1
219 513 1
314 838 0
496 937 0
319 570 1
374 106 1
8 395 0
57 392 1
155 567 1
645 4 0
906 433 1
716 879 0
381 844 0
345 776 0
171 76 0
349 333 1
586 484 0
972 281 0
770 327 1
247 350 0
832 713 0
931 84 1
837 198 0
333 135 1
29 350 1
304 888 0
360 457 0
92 312 0
941 180 1
397 384 1
534 674 0
693 363 0
635 577 0
781 153 0
764 903 1
194 976 0
276 414 1
408 836 1
767 188 0
737 546 1
416 689 0
191 369 0
241 82 0
260 53 1
694 717 0
432 742 0
807 634 1
419 775 0
960 107 1
911 189 0
547 485 0
53 199 1
957 412 0
446 346 0
421 477 0
73 555 1
154 24 1
320 925 0
387 800 0
798 151 1
634 527 0
607 696 1
242 6 1
87 431 0
457 383 1
485 628 1
440 459 0
467 60 1
165 527 0
465 425 0
667 292 1
240 546 1
124 369 0
928 267 0
155 798 0
506 503 0
699 782 0
187 671 1
477 669 0
751 327 0
565 539 1
994 968 1
861 213 0
274 464 1
299 294 1
727 636 0
771 366 1
14 584 1
933 801 1
170 239 0
80 886 1
51 786 1
2 203 1
203 440 0
165 360 1
632 450 1
137 177 1
183 674 0
711 279 0
609 859 1
2 389 0
417 237 1
933 500 1
356 635 1
319 833 0
814 583 0
577 568 0
302 676 0
152 25 0
756 986 1
561 937 1
613 216 0
218 237 1
49 659 1
525 490 0
499 481 0
58 835 1
460 758 1
132 303 0
978 147 0
682 591 1
327 988 1
209 333 1
17 379 0
415 880 0
953 434 0
712 247 0
706 348 1
472 845 0
531 115 0
249 71 1
613 760 1
887 733 0
796 377 1
849 758 1
721 962 1
216 144 1
823 468 0
226 98 0
152 901 1
414 46 0
771 91 1
791 847 0
913 335 0
280 635 1
362 153 1
576 799 0
194 987 0
312 105 1
967 994 0
986 913 0
704 452 0
759 662 0
630 83 1
985 29 1
289 339 1
907 550 1
406 883 1
329 559 1
634 712 0
632 833 1
252 868 0
127 769 0
386 140 1
751 59 0
778 860 0
549 754 0
793 364 1
565 817 1
824 558 0
121 926 1
6 941 1
879 153 1
157 966 1
389 482 0
526 950 0
851 795 1
496 347 1
264 384 1
178 852 0
134 574 0
710 814 1
498 565 0
994 229 0
442 247 0
747 785 1
427 981 1
381 644 0
222 488 0
713 928 0
843 853 1
915 656 1
602 773 0
768 323 0
76 638 1
617 846 0
285 369 0
284 212 1
553 733 1
159 536 1
425 628 1
503 992 1
244 36 1
263 494 1
255 740 1
714 217 0
234 264 1
948 189 0
892 588 0
192 871 1
130 390 0
577 279 1
35 407 0
67 372 0
342 535 1
934 341 0
275 608 1
141 87 1
479 569 1
992 134 0
800 67 0
466 879 1
420 422 1
141 15 1
574 87 0
259 573 1
264 895 0
786 308 1
952 3 0
956 153 1
741 377 1
589 125 1
376 877 0
266 858 1
307 273 1
522 712 1
630 123 1
849 386 1
58 223 1
222 170 1
281 152 1
884 927 0
513 855 0
869 25 1
509 551 1
893 244 1
136 604 1
803 951 1
369 616 0
269 7 1
655 977 0
967 232 0
72 543 0
80 897 0
695 931 0
110 218 1
17 319 0
538 830 1
818 762 1
607 380 1
98 392 1
580 22 1
537 43 0
637 922 1
724 530 0
108 281 0
182 847 1
108 214 0
840 26 1
387 346 0
642 29 1
290 827 1
916 448 0
979 244 1
21 657 0
778 114 0
1 561 1
180 193 1
207 131 0
809 156 0
66 488 1
296 458 1
569 583 1
561 240 0
249 582 0
678 706 1
499 558 0
606 626 0
757 738 0
862 614 0
544 470 1
337 310 0
111 957 0
365 67 0
242 1 0
210 124 0
301 689 1
836 263 0
712 621 1
328 919 0
682 837 1
932 612 0
946 268 0
967 248 0
570 874 0
928 753 0
699 130 1
503 267 0
410 736 0
527 446 0
418 593 1
372 273 0
75 967 0
552 840 0
891 224 0
616 967 1
292 332 1
682 796 1
293 375 0
346 625 0
35 737 1
774 155 0
66 180 0
302 138 1
857 503 1
325 442 1
616 729 0
221 566 0
219 541 0
35 712 1
402 384 1
330 628 1
797 539 1
272 973 1
482 451 1
430 541 0
594 137 0
535 486 1
891 886 0
960 590 0
88 225 1
166 824 1
699 992 1
474 870 1
304 137 0
991 750 1
114 132 1
144 420 0
431 109 1
652 386 1
283 946 0
413 508 1
529 421 0
731 500 1
901 837 1
796 769 1
361 192 0
595 906 1
444 600 1
508 305 1
324 543 0
313 922 1
699 23 0
476 45 0
415 549 1
633 337 0
691 191 1
54 133 1
10 120 1
755 950 0
50 514 0
296 296 0
989 636 1
145 149 0
719 942 1
172 985 1
847 504 0
659 341 1
64 745 1
941 885 1
466 945 0
765 90 1
521 690 0
93 889 0
328 916 1
846 498 0
673 684 1
873 364 1
479 371 1
151 610 0
28 726 1
649 451 0
327 793 0
81 137 1
853 271 0
531 797 1
904 602 1
98 949 0
282 390 0
937 23 1
822 846 0
799 246 0
578 407 1
30 183 0
386 308 0
792 653 0
334 888 0
818 985 0
300 861 1
820 872 0
613 417 0
867 600 0
863 110 1
920 329 1
905 582 1
635 372 1
182 789 0
153 621 0
934 702 1
414 528 1
876 860 0
51 353 0
550 922 1
57 192 1
387 120 1
878 611 1
775 194 0
301 810 0
140 448 0
246 709 1
869 366 0
337 31 1
169 834 0
42 57 0
286 157 0
439 475 1
714 3 0
741 643 1
376 805 1
216 408 0
99 562 0
56 898 1
603 817 1
897 495 0
318 492 1
631 435 0
331 946 1
624 728 1
154 151 1
75 862 0
837 577 1
780 138 1
796 690 0
106 201 0
481 32 1
543 607 1
477 148 0
636 188 1
267 853 0
585 171 0
940 566 0
47 952 1
610 594 1
30 645 1
909 152 1
689 671 1
35 954 0
786 671 0
245 829 0
818 696 0
891 942 0
782 631 0
50 14 1
603 341 1
308 862 1
241 427 0
418 801 0
827 842 0
345 850 0
417 575 0
860 349 1
419 448 0
606 411 0
21 773 0
186 29 1
55 879 0
177 507 1
366 941 0
275 341 1
806 257 0
172 849 0
69 408 0
785 262 1
966 807 0
71 830 0
883 121 0
553 609 0
207 986 1
897 526 0
489 424 0
979 354 0
581 705 0
443 664 1
577 982 1
973 153 1
735 126 0
434 616 0
892 175 0
868 249 1
745 504 0
940 703 1
986 992 1
684 146 0
669 643 1
373 623 0
117 659 0
794 929 1
772 306 0
836 249 0
174 631 0
374 625 0
591 318 0
534 37 0
390 919 0
787 249 1
237 986 0
647 634 1
700 421 0
63 308 1
298 838 0
608 113 0
402 8 0
179 19 1
774 435 0
983 102 0
538 476 0
363 700 0
188 107 0
750 629 0
466 956 1
645 636 1
25 791 1
466 183 0
841 753 1
574 811 0
367 892 1
92 5 1
808 807 1
244 709 1
26 448 1
311 537 1
433 104 0
853 85 0
729 69 1
579 48 0
532 106 0
965 63 1
131 71 1
274 301 0
217 294 1
187 194 0
521 227 1
378 355 0
825 395 1
779 304 0
73 815 0
257 922 1
425 689 0
136 387 0
990 871 0
536 707 1
110 175 1
334 739 1
430 74 1
825 207 1
273 587 1
627 73 0
328 534 0
312 8 0
279 654 1
338 975 0
346 468 1
510 127 1
55 928 1
721 883 1
269 371 1
497 385 0
594 570 1
650 128 0
353 514 0
904 135 0
730 570 1
611 628 1
917 426 1
87 67 0
208 954 0
138 263 1
934 136 1
762 577 1
762 100 0
676 864 0
886 195 1
734 953 0
776 634 0
578 622 0
188 415 1
831 115 0
10 270 1
613 806 1
113 122 0
31 954 0
359 41 1
161 853 1
32 885 0
25 577 1
693 691 1
857 405 1
291 529 0
872 716 1
587 698 1
853 535 1
923 252 0
516 118 0
606 536 0
682 653 1
93 597 1
639 913 0
654 731 0
154 26 0
278 108 1
313 336 0
460 756 1
918 205 1
820 545 0
36 784 1
301 512 0
523 645 1
547 794 1
697 393 1
949 934 0
55 577 0
486 253 0
356 341 0
192 473 1
907 947 1
446 756 0
728 408 0
18 447 1
354 613 0
970 725 0
512 806 0
858 646 0
134 867 0
724 316 0
274 81 0
103 292 0
656 798 1
252 561 0
15 587 1
758 520 0
229 92 1
227 495 0
648 109 0
690 745 0
289 672 1
672 730 1
143 131 1
712 424 1
458 860 0
25 815 1
138 728 0
177 814 1
412 989 1
381 54 1
448 103 1
747 165 1
890 504 0
688 752 1
943 322 0
573 318 0
295 854 1
15 567 1
757 645 1
916 18 0
714 361 0
176 747 1
658 462 1
655 421 1
31 205 0
453 615 0
882 507 0
586 158 0
657 415 1
515 308 0
377 609 0
412 576 0
789 582 0
261 430 0
716 426 0
769 331 0
621 813 1
436 750 1
921 599 0
589 616 0
243 7 0
141 311 0
272 150 1
72 658 0
348 540 1
602 531 0
993 692 1
410 609 1
841 632 0
572 316 1
767 951 1
575 922 1
751 554 0
566 157 1
82 765 1
263 978 0
71 774 1
446 670 0
166 669 0
193 968 0
93 882 1
738 442 1
133 805 0
825 929 1
852 820 1
652 163 1
705 373 1
871 878 0
815 415 0
769 320 1
573 537 1
86 75 0
146 797 1
880 437 0
594 524 1
742 789 1
463 220 1
359 744 1
498 12 1
87 69 0
520 490 1
519 555 1
393 512 0
269 778 0
674 542 0
645 390 1
927 609 0
982 217 0
350 420 1
119 581 1
596 441 1
12 386 1
958 964 0
377 892 1
815 246 0
894 410 0
531 971 1
699 62 1
476 968 0
553 644 1
514 970 1
361 609 0
986 432 0
839 335 1
854 649 0
297 490 1
427 691 0
833 288 0
182 827 0
171 831 0
275 164 0
840 516 1
698 606 0
336 495 0
712 500 1
403 901 1
521 935 1
404 908 0
114 628 0
232 256 0
779 124 1
708 101 0
977 394 1
339 190 1
606 469 0
531 788 0
774 52 1
157 608 1
932 387 1
888 732 1
425 909 0
171 267 0
201 271 0
613 387 1
441 949 0
356 994 0
26 431 0
103 750 1
917 970 1
916 88 1
517 416 1
843 874 0
967 57 0
594 708 0
67 939 1
892 842 0
441 167 1
671 614 0
192 325 0
140 479 0
706 866 0
897 683 1
523 830 0
54 264 0
242 789 0
428 489 1
92 56 0
761 956 0
368 553 1
872 155 1
799 226 0
139 966 1
840 879 1
708 260 0
498 181 0
144 897 1
874 228 1
168 778 0
15 87 1
371 666 0
715 354 1
838 992 1
271 176 0
404 926 1
905 737 1
857 227 1
466 553 1
556 40 1
834 155 1
206 691 0
38 609 1
658 515 0
784 714 1
664 853 0
110 66 0
572 844 0
101 664 0
632 94 0
865 629 0
361 37 1
843 803 0
729 18 0
477 509 0
748 737 0
427 791 1
66 421 0
837 158 0
811 918 1
398 829 1
585 657 0
428 315 0
213 115 1
428 982 0
48 747 1
91 382 1
87 505 1
347 562 0
130 645 1
198 919 1
907 534 0
310 574 1
928 148 1
639 93 0
629 823 0
1 236 0
981 105 1
707 171 0
277 7 1
431 758 1
725 882 0
262 212 0
254 70 0
785 210 1
270 518 1
764 679 1
526 571 1
754 346 1
7 832 0
79 591 0
90 172 1
808 25 1
273 424 0
960 493 1
722 610 1
590 426 1
577 670 0
782 281 1
967 83 1
888 375 0
102 34 0
658 144 1
15 49 0
305 418 1
436 407 0
736 718 1
747 199 0
162 304 1
930 240 0
237 368 0
465 697 1
238 344 0
184 240 0
400 796 1
287 782 1
974 821 0
844 719 0
419 548 1
144 509 0
416 928 1
829 323 0
253 512 0
349 634 1
20 408 0
619 444 1
16 610 0
884 155 0
898 471 0
641 557 0
366 123 0
76 86 1
239 102 1
656 238 0
70 921 0
557 123 0
6 100 1
990 355 0
535 393 1
6 906 0
750 773 0
396 442 1
581 569 0
68 185 1
700 74 0
919 251 0
627 779 0
943 380 0
479 378 0
335 976 1
484 915 0
195 754 0
350 715 1
470 725 0
304 275 0
763 570 0
840 117 0
704 240 0
871 617 1
118 805 0
598 317 0
682 173 1
602 990 0
631 664 0
591 917 0
514 137 0
285 39 1
650 277 0
49 825 1
254 409 1
451 514 1
859 29 0
524 346 1
45 312 1
640 718 0
808 358 0
230 19 0
533 799 1
267 914 1
158 499 0
631 312 1
641 255 0
890 264 1
452 923 0
59 822 0
735 730 0
993 773 0
146 309 1
847 255 0
942 540 1
750 620 1
152 233 0
415 35 1
259 447 1
570 988 0
699 216 0
13 474 1
711 396 1
292 464 1
972 972 0
523 760 1
129 340 0
516 279 0
416 974 0
587 973 0
226 48 0
941 932 1
567 657 1
569 415 1
265 218 0
185 990 0
619 662 0
591 501 0
420 69 1
251 232 0
753 689 0
496 425 0
840 864 1
249 566 0
323 557 0
620 201 0
953 952 0
309 690 0
730 304 0
689 125 0
526 565 0
98 25 0
492 136 1
726 556 0
872 363 1
393 663 1
524 648 1
306 889 0
768 633 1
909 416 1
702 954 0
213 2 1
428 596 0
759 405 0
620 408 0
732 312 0
576 194 0
543 436 0
555 660 1
137 526 0
296 168 0
883 806 0
440 400 0
599 777 0
199 304 0
313 384 0
74 165 0
463 181 0
786 524 1
383 627 1
966 424 1
285 231 1
834 877 0
773 67 1
122 84 0
867 484 1
323 391 0
799 935 1
389 364 1
174 119 1
444 784 0
945 30 0
659 506 0
140 658 1
626 218 0
709 283 0
873 857 1
87 120 1
317 55 0
507 905 0
851 939 0
987 45 0
549 513 1
990 479 0
827 632 0
701 433 1
773 41 1
559 433 1
568 104 1
359 114 0
903 52 1
488 935 0
505 44 1
678 271 0
455 480 0
470 663 0
810 901 1
20 508 0
697 314 1
818 660 0
593 436 1
649 661 1
923 729 1
174 173 1
117 334 0
671 326 1
260 186 0
624 540 1
485 950 1
529 339 0
849 180 0
641 94 1
591 132 1
697 713 1
723 622 0
415 38 1
389 65 0
630 139 0
404 336 1
970 704 0
146 207 1
793 59 1
2 127 1
492 311 0
64 365 0
953 541 1
988 171 1
488 254 1
529 599 1
551 778 1
450 149 1
694 138 1
751 801 1
892 718 1
639 812 0
954 640 1
45 260 1
841 185 1
925 624 1
106 115 0
592 126 1
648 557 0
641 877 0
134 567 1
987 348 1
944 701 0
678 532 0
186 127 1
30 520 0
428 317 0
626 904 1
538 976 1
12 56 1
94 185 0
352 71 1
652 632 0
246 904 1
624 605 0
126 77 1
800 555 0
981 886 1
835 451 1
67 308 1
645 772 0
702 86 1
997 652 1
471 388 0
616 915 0
41 45 0
16 710 0
792 558 1
767 657 1
485 221 0
836 831 0
186 517 0
384 355 0
608 672 0
323 171 1
467 661 1
162 497 1
511 461 0
457 23 1
51 512 1
764 728 1
535 435 0
423 477 1
830 868 0
49 803 0
292 50 0
152 910 1
723 229 0
699 213 1
636 482 0
342 953 0
518 909 1
273 987 1
310 937 0
545 904 0
734 652 0
271 500 0
338 145 1
200 299 0
955 823 1
222 201 0
746 529 1
442 795 0
825 197 1
206 388 0
325 86 1
747 806 0
966 699 0
280 468 0
771 547 1
20 844 0
520 139 1
940 244 0
884 968 0
459 784 1
451 554 1
336 679 1
445 535 0
121 73 0
799 238 1
559 322 1
667 920 0
562 737 1
346 303 1
361 473 1
504 315 1
677 923 1
532 450 1
782 110 1
886 170 0
745 149 0
233 249 0
364 403 1
707 266 0
875 945 0
771 681 1
764 865 0
153 476 1
695 669 0
118 650 1
260 688 0
372 790 1
508 764 1
231 615 1
767 139 1
230 561 1
268 464 0
475 799 1
240 368 1
758 776 0
388 281 0
578 922 1
573 432 0
795 211 1
138 529 0
451 348 1
702 121 1
276 978 0
369 314 0
589 987 0
982 66 0
722 355 0
882 349 0
206 100 1
156 442 1
775 644 0
298 416 1
329 646 1
499 274 0
724 184 1
1 356 1
189 451 0
20 575 0
591 426 1
691 648 0
589 818 0
649 899 0
906 265 0
321 976 0
728 299 1
681 474 1
949 326 1
704 448 1
661 623 0
344 395 0
179 374 1
228 732 1
22 780 0
345 374 0
30 406 0
817 736 1
202 579 0
136 108 1
530 990 0
581 455 0
265 771 1
765 126 0
703 656 0
208 980 1
437 94 0
790 747 0
736 163 1
480 25 1
23 627 1
416 239 0
333 851 0
542 465 1
416 127 0
258 684 0
912 238 1
104 665 0
514 277 0
307 609 0
223 110 0
268 631 0
54 683 1
544 967 1
917 793 0
964 381 0
765 163 0
955 287 1
403 730 1
501 493 0
42 870 0
52 404 0
941 80 0
762 952 1
748 184 0
638 53 0
709 660 1
3 483 1
156 241 1
553 517 0
719 742 0
210 853 1
159 221 1
492 553 1
370 420 0
192 148 0
514 921 1
756 418 1
593 839 0
4 145 0
99 213 1
126 566 0
292 340 0
536 531 1
217 775 0
807 26 1
756 554 1
480 712 0
589 867 1
325 331 0
654 202 0
898 767 1
866 411 0
40 573 1
78 128 0
574 38 0
432 118 0
531 322 1
424 988 1
56 79 0
280 524 1
205 71 0
311 872 1
848 668 0
110 964 0
146 510 1
365 287 0
980 384 1
895 366 1
988 455 1
320 840 1
312 727 1
211 923 0
553 440 0
253 748 0
706 807 0
751 922 1
313 760 1
665 39 1
940 674 1
109 662 0
733 956 1
417 219 1
853 657 1
889 83 0
179 552 1
123 991 1
236 798 0
997 703 1
512 410 1
889 156 0
572 25 1
3 893 1
328 501 1
360 630 1
769 504 1
620 47 1
178 312 0
127 393 0
623 234 0
441 893 1
107 303 1
346 966 1
25 305 1
942 843 0
164 834 1
350 28 0
535 494 0
331 430 0
831 125 0
362 980 0
446 875 1
906 861 1
760 395 1
899 824 0
155 340 1
363 394 0
889 536 1
966 695 1
784 333 1
816 84 1
357 350 0
671 35 1
780 932 0
379 603 1
516 220 0
866 655 1
503 975 0
195 277 0
724 401 1
626 329 1
11 72 0
398 345 1
132 165 1
512 629 1
109 702 0
56 644 0
92 743 0
975 953 0
209 300 1
