614012913
807006460
403503230
201751615
600875811
800437909
900218958
450109479
725054743
862527375
931263691
965631849
982815928
491407964
245703982
122851991
561425999
780713003
890356505
945178256
472589128
236294564
118147282
59073641
529536824
264768412
132384206
66192103
533096055
766548031
883274019
941637013
970818510
485409255
742704631
871352319
935676163
967838085
983919046
491959523
745979765
872989886
436494943
718247475
859123741
929561874
464780937
732390472
366195236
183097618
91548809
545774408
272887204
136443602
68221801
534110904
267055452
133527726
66763863
533381935
766690971
883345489
941672748
470836374
235418187
617709097
808854552
404427276
202213638
101106819
550553413
775276710
387638355
693819181
846909594
423454797
711727402
355863701
677931854
338965927
669482967
834741487
917370747
958685377
979342692
489671346
244835673
622417840
311208920
155604460
77802230
38901115
519450561
759725284
379862642
189931321
594965664
297482832
148741416
74370708
37185354
18592677
509296342
254648171
627324089
813662048
406831024
203415512
101707756
50853878
25426939
512713473
756356740
378178370
189089185
594544596
297272298
148636149
574318078
287159039
643579523
821789765
910894886
455447443
727723725
863861866
431930933
715965470
357982735
678991371
839495689
919747848
459873924
229936962
114968481
557484244
278742122
139371061
569685534
284842767
642421387
821210697
910605352
455302676
227651338
113825669
556912838
278456419
639228213
819614110
409807055
704903531
852451769
926225888
463112944
231556472
115778236
57889118
28944559
514472283
757236145
878618076
439309038
219654519
609827263
804913635
902456821
951228414
475614207
737807107
868903557
934451782
467225891
733612949
866806478
433403239
716701623
858350815
929175411
964587709
982293858
491146929
745573468
372786734
186393367
593196687
796598347
898299177
949149592
474574796
237287398
118643699
559321853
779660930
389830465
694915236
347457618
173728809
586864408
293432204
146716102
73358051
536679029
768339518
384169759
692084883
846042445
923021226
461510613
730755310
365377655
682688831
841344419
920672213
960336110
480168055
740084031
870042019
935021013
967510510
483755255
741877631
870938819
935469413
967734710
483867355
741933681
870966844
435483422
217741711
608870859
804435433
902217720
451108860
225554430
112777215
556388611
778194309
889097158
444548579
722274293
861137150
430568575
715284291
857642149
928821078
464410539
732205273
866102640
433051320
216525660
108262830
54131415
527065711
763532859
881766433
940883220
470441610
235220805
617610406
308805203
654402605
827201306
413600653
706800330
353400165
676700086
338350043
669175025
834587516
417293758
208646879
604323443
802161725
901080866
450540433
725270220
362635110
181317555
590658781
795329394
397664697
698832352
349416176
174708088
87354044
43677022
21838511
510919259
755459633
877729820
438864910
219432455
609716231
804858119
902429063
951214535
975607271
987803639
993901823
996950915
998475461
999237734
499618867
749809437
874904722
437452361
718726184
359363092
179681546
89840773
544920390
272460195
636230101
818115054
409057527
704528767
852264387
926132197
963066102
481533051
740766529
870383268
435191634
217595817
608797912
304398956
152199478
76099739
538049873
769024940
384512470
192256235
596128121
798064064
399032032
199516016
99758008
49879004
24939502
12469751
506234879
753117443
876558725
938279366
469139683
734569845
867284926
433642463
716821235
858410621
929205314
464602657
732301332
366150666
183075333
591537670
295768835
647884421
823942214
411971107
705985557
852992782
426496391
713248199
856624103
928312055
964156031
982078019
991039013
995519510
497759755
748879881
874439944
437219972
218609986
109304993
554652500
277326250
138663125
569331566
284665783
642332895
821166451
910583229
955291618
477645809
738822908
369411454
184705727
592352867
796176437
898088222
449044111
724522059
862261033
931130520
465565260
232782630
116391315
558195661
779097834
389548917
694774462
347387231
673693619
836846813
918423410
459211705
729605856
364802928
182401464
91200732
45600366
22800183
511400095
755700051
877850029
938925018
469462509
734731258
367365629
683682818
341841409
670920708
335460354
167730177
583865092
291932546
145966273
572983140
286491570
143245785
571622896
285811448
142905724
71452862
35726431
517863219
758931613
879465810
439732905
719866456
359933228
179966614
89983307
544991657
772495832
386247916
193123958
96561979
548280993
774140500
387070250
193535125
596767566
298383783
649191895
824595951
912297979
956148993
978074500
489037250
244518625
622259316
311129658
155564829
577782418
288891209
644445608
322222804
161111402
80555701
540277854
270138927
635069467
817534737
908767372
454383686
227191843
613595925
806797966
403398983
701699495
850849751
925424879
962712443
981356225
990678116
495339058
247669529
623834768
311917384
155958692
77979346
38989673
519494840
259747420
129873710
64936855
532468431
766234219
883117113
941558560
470779280
235389640
117694820
58847410
29423705
514711856
257355928
128677964
64338982
32169491
516084749
758042378
379021189
689510598
344755299
672377653
836188830
418094415
709047211
854523609
927261808
463630904
231815452
115907726
57953863
528976935
764488471
882244239
941122123
970561065
985280536
492640268
246320134
123160067
561580037
780790022
390395011
695197509
847598758
423799379
711899693
855949850
427974925
713987466
356993733
678496870
339248435
669624221
834812114
417406057
708703032
354351516
177175758
88587879
544293943
772146975
886073491
943036749
971518378
485759189
742879598
371439799
685719903
842859955
921429981
960714994
480357497
740178752
370089376
185044688
92522344
46261172
23130586
11565293
505782650
252891325
626445666
313222833
656611420
328305710
164152855
582076431
791038219
895519113
947759560
473879780
236939890
118469945
559234976
279617488
139808744
69904372
34952186
17476093
508738050
254369025
627184516
313592258
156796129
578398068
289199034
144599517
572299762
286149881
643074944
321537472
160768736
80384368
40192184
20096092
10048046
5024023
502512015
751256011
875628009
937814008
468907004
234453502
117226751
558613379
779306693
889653350
444826675
722413341
861206674
430603337
715301672
357650836
178825418
89412709
544706358
272353179
636176593
818088300
409044150
204522075
602261041
801130524
400565262
200282631
600141319
800070663
900035335
950017671
975008839
987504423
993752215
996876111
998438059
999219033
999609520
499804760
249902380
124951190
62475595
531237801
765618904
382809452
191404726
95702363
547851185
773925596
386962798
193481399
596740703
798370355
899185181
949592594
474796297
737398152
368699076
184349538
92174769
546087388
273043694
136521847
568260927
784130467
892065237
946032622
473016311
736508159
868254083
934127045
967063526
483531763
741765885
870882946
435441473
717720740
358860370
179430185
589715096
294857548
147428774
73714387
536857197
768428602
384214301
692107154
346053577
673026792
336513396
168256698
84128349
542064178
271032089
635516048
317758024
158879012
79439506
39719753
519859880
259929940
129964970
64982485
532491246
266245623
633122815
816561411
908280709
954140358
477070179
738535093
869267550
434633775
717316891
858658449
929329228
464664614
232332307
616166157
808083082
404041541
702020774
351010387
675505197
837752602
418876301
709438154
354719077
677359542
338679771
669339889
834669948
417334974
208667487
604333747
802166877
901083442
450541721
725270864
362635432
181317716
90658858
45329429
522664718
261332359
630666183
815333095
907666551
953833279
976916643
988458325
994229166
497114583
748557295
874278651
937139329
968569668
484284834
242142417
621071212
310535606
155267803
577633905
788816956
394408478
197204239
598602123
799301065
899650536
449825268
224912634
112456317
556228162
278114081
639057044
319528522
159764261
579882134
289941067
644970537
822485272
411242636
205621318
102810659
551405333
775702670
387851335
693925671
846962839
923481423
961740715
980870361
990435184
495217592
247608796
123804398
61902199
530951103
765475555
882737781
941368894
470684447
735342227
867671117
933835562
466917781
733458894
366729447
683364727
841682367
920841187
960420597
980210302
490105151
745052579
872526293
936263150
468131575
734065791
867032899
933516453
966758230
483379115
741689561
870844784
435422392
217711196
108855598
54427799
527213903
763606955
881803481
940901744
470450872
235225436
117612718
58806359
529403183
764701595
882350801
941175404
470587702
235293851
617646929
808823468
404411734
202205867
601102937
800551472
400275736
200137868
100068934
50034467
525017237
762508622
381254311
690627159
845313583
922656795
961328401
980664204
490332102
245166051
622583029
811291518
405645759
702822883
851411445
925705726
462852863
731426435
865713221
932856614
466428307
733214157
866607082
433303541
716651774
358325887
679162947
839581477
919790742
459895371
729947689
864973848
432486924
216243462
108121731
554060869
777030438
388515219
694257613
847128810
423564405
711782206
355891103
677945555
838972781
919486394
459743197
729871602
364935801
682467904
341233952
170616976
85308488
42654244
21327122
10663561
505331784
252665892
126332946
63166473
531583240
265791620
132895810
66447905
533223956
266611978
133305989
566652998
283326499
641663253
820831630
410415815
705207911
852603959
926301983
963150995
981575501
990787754
495393877
747696942
373848471
686924239
843462123
921731065
960865536
480432768
240216384
120108192
60054096
30027048
15013524
7506762
3753381
501876694
250938347
625469177
812734592
406367296
203183648
101591824
50795912
25397956
12698978
6349489
503174748
251587374
125793687
562896847
781448427
890724217
945362112
472681056
472681056
236340528
118170264
59085132
29542566
14771283
507385645
753692826
376846413
688423210
344211605
672105806
336052903
668026455
834013231
834013231
917006619
958503313
979251660
489625830
244812915
622406461
811203234
405601617
702800812
351400406
175700203
587850105
793925056
793925056
396962528
198481264
99240632
49620316
24810158
12405079
506202543
753101275
876550641
938275324
469137662
234568831
617284419
808642213
904321110
452160555
726080281
863040144
431520072
215760036
107880018
53940009
526970008
263485004
131742502
65871251
532935629
766467818
383233909
691616958
345808479
672904243
836452125
918226066
459113033
729556520
364778260
182389130
91194565
545597286
272798643
636399325
818199666
409099833
704549920
352274960
176137480
88068740
44034370
22017185
511008596
255504298
127752149
563876078
281938039
640969023
820484515
910242261
955121134
477560567
738780287
869390147
934695077
967347542
483673771
741836889
870918448
435459224
217729612
108864806
54432403
527216205
763608106
381804053
690902030
345451015
672725511
836362759
918181383
959090695
979545351
989772679
994886343
997443175
998721591
999360799
999680403
999840205
999920106
499960053
749980030
374990015
687495011
843747509
921873758
460936879
730468443
865234225
932617116
466308558
233154279
616577143
808288575
904144291
952072149
952072149
952072149
976036078
488018039
744009023
872004515
936002261
968001134
484000567
742000287
871000147
935500077
967750042
483875021
483875021
741937514
370968757
685484382
342742191
671371099
835685553
917842780
458921390
229460695
614730351
807365179
903682593
951841300
475920650
237960325
618980166
309490083
654745045
827372526
413686263
706843135
853421571
926710789
963355398
481677699
740838853
870419430
435209715
717604861
858802434
429401217
714700612
357350306
178675153
589337580
294668790
147334395
573667201
786833604
393416802
196708401
598354204
299177102
149588551
574794279
787397143
893698575
946849291
973424649
986712328
493356164
246678082
123339041
561669524
280834762
140417381
570208694
285104347
642552177
821276092
410638046
205319023
205319023
602659515
801329761
900664884
900664884
450332442
225166221
225166221
612583114
612583114
306291557
653145782
326572891
663286449
831643228
415821614
207910807
603955407
801977707
900988857
950494432
475247216
237623608
118811804
59405902
29702951
514851479
757425743
878712875
939356441
969678224
969678224
484839112
484839112
242419556
121209778
60604889
530302448
265151224
132575612
66287806
66287806
33143903
516571955
758285981
879142994
439571497
719785752
359892876
179946438
89973219
544986613
772493310
386246655
693123331
846561669
923280838
461640419
730820213
865410110
432705055
716352531
716352531
858176269
929088138
464544069
732272038
366136019
366136019
683068013
841534010
841534010
420767005
710383506
355191753
677595880
338797940
169398970
84699485
542349746
271174873
635587440
635587440
317793720
158896860
79448430
39724215
519862111
759931059
879965533
939982770
469991385
734995696
734995696
367497848
183748924
91874462
45937231
522968619
761484313
880742160
440371080
220185540
110092770
55046385
527523196
263761598
263761598
131880799
131880799
131880799
565940403
782970205
891485106
445742553
722871280
361435640
180717820
90358910
45179455
522589731
761294869
880647438
440323719
720161863
860080935
860080935
860080935
930040471
965020239
982510123
991255065
995627536
497813768
248906884
124453442
124453442
62226721
62226721
62226721
531113364
265556682
265556682
132778341
132778341
566389174
566389174
283194587
283194587
641597297
820798652
410399326
205199663
205199663
602599835
801299921
900649964
450324982
225162491
612581249
806290628
403145314
403145314
201572657
600786332
300393166
300393166
150196583
575098295
787549151
893774579
946887293
973443650
973443650
973443650
973443650
973443650
486721825
743360916
371680458
371680458
185840229
592920118
296460059
648230033
824115020
412057510
412057510
206028755
603014381
603014381
603014381
801507194
400753597
700376802
350188401
350188401
675094204
337547102
168773551
584386779
792193393
792193393
792193393
896096700
448048350
448048350
224024175
612012091
806006049
903003028
451501514
451501514
451501514
225750757
612875382
306437691
306437691
306437691
306437691
653218849
826609428
826609428
413304714
413304714
206652357
603326182
603326182
301663091
301663091
301663091
650831549
825415778
412707889
706353948
706353948
353176974
353176974
176588487
176588487
176588487
588294247
794147127
794147127
897073567
948536787
974268397
987134202
493567101
746783554
373391777
686695892
343347946
171673973
585836990
292918495
646459251
823229629
823229629
823229629
911614818
455807409
727903708
727903708
727903708
727903708
727903708
363951854
363951854
181975927
181975927
181975927
590987967
795493987
897746997
948873502
474436751
474436751
737218379
868609193
868609193
868609193
934304600
467152300
467152300
467152300
467152300
233576150
116788075
558394041
779197024
389598512
194799256
194799256
97399628
48699814
48699814
24349907
512174957
756087482
378043741
689021874
689021874
344510937
672255472
672255472
672255472
336127736
336127736
168063868
168063868
168063868
84031934
42015967
42015967
521007987
760503997
880252002
440126001
720063004
360031502
180015751
180015751
590007879
795003943
897501975
948750991
974375499
987187753
993593880
496796940
496796940
496796940
248398470
248398470
124199235
562099621
781049814
390524907
695262457
847631232
423815616
211907808
105953904
52976952
26488476
26488476
13244238
6622119
503311063
751655535
875827771
875827771
937913889
937913889
968956948
484478474
242239237
621119622
310559811
655279909
655279909
827639958
413819979
706909993
853455000
853455000
426727500
213363750
213363750
106681875
553340941
776670474
388335237
388335237
388335237
388335237
388335237
694167622
347083811
673541909
836770958
836770958
418385479
418385479
709192743
854596375
927298191
963649099
963649099
963649099
981824553
981824553
990912280
495456140
495456140
247728070
123864035
123864035
561932021
780966014
390483007
390483007
390483007
390483007
390483007
695241507
695241507
847620757
923810382
461905191
730952599
730952599
865476303
932738155
932738155
932738155
932738155
932738155
932738155
966369081
966369081
983184544
983184544
491592272
245796136
245796136
245796136
245796136
245796136
122898068
61449034
30724517
515362262
515362262
515362262
257681131
628840569
628840569
814420288
814420288
407210144
407210144
203605072
203605072
203605072
101802536
101802536
50901268
25450634
25450634
12725317
506362662
253181331
626590669
813295338
813295338
406647669
406647669
703323838
703323838
351661919
675830963
837915485
837915485
918957746
459478873
729739440
364869720
364869720
364869720
364869720
364869720
364869720
182434860
91217430
45608715
522804361
761402184
761402184
380701092
380701092
380701092
190350546
190350546
95175273
547587640
547587640
273793820
273793820
273793820
136896910
136896910
136896910
136896910
68448455
68448455
68448455
534224231
767112119
767112119
767112119
767112119
767112119
767112119
767112119
883556063
941778035
941778035
970889021
985444514
492722257
492722257
492722257
746361132
746361132
746361132
746361132
373180566
186590283
186590283
186590283
593295145
593295145
796647576
796647576
398323788
199161894
199161894
99580947
549790477
549790477
549790477
774895242
774895242
387447621
693723814
693723814
693723814
693723814
346861907
673430957
673430957
836715482
836715482
418357741
709178874
354589437
354589437
354589437
677294722
677294722
338647361
338647361
338647361
338647361
338647361
338647361
669323684
334661842
167330921
583665464
291832732
145916366
145916366
72958183
72958183
72958183
536479095
536479095
536479095
768239551
768239551
768239551
768239551
768239551
0
0
0
0
0
0
0
0
0
0
0
0
0
0
0
0
0
0
0
0
0
0
0
0
0
0
0
0
0
0
0
0
0
0
0
0
0
0
0
0
0
0
0
0
0
0
0
0
0
0
0
0
0
0
0
0
0
0
0
0
0
0
0
0
0
0
0
0
0
0
0
0
0
0
0
0
0
0
0
0
0
0
0
0
0
0
0
0
0
0
0
0
0
0
0
0
0
0
0
0
0
0
0
0
0
0
0
0
0
0
0
0
0
0
0
0
0
0
0
0
0
0
0
0
0
0
0
0
0
0
0
0
0
0
0
0
0
0
0
0
0
0
0
0
0
0
0
0
0
0
0
0
0
0
0
0
0
0
0
0
0
0
0
0
0
0
0
0
0
0
0
0
0
0
0
0
0
0
0
0
0
0
0
0
0
0
0
0
0
0
0
0
0
0
0
0
0
0
0
0
0
0
0
0
0
0
0
0
0
0
0
0
0
0
0
0
0
0
0
0
0
0
0
0
0
0
0
0
0
0
0
