1250 8 1250
1143 47 853 56 15 316 165 820
768 1167 447 1006 696 621 491 431
301 1068 674 1050 1107 235 256 499
702 264 364 1158 959 489 450 966
972 83 910 399 944 744 202 196
433 893 553 1010 13 847 917 296
199 788 380 1018 442 1066 1064 1059
1206 686 399 975 298 730 439 781
964 398 283 449 241 788 788 337
402 1101 1026 109 392 766 913 1056
751 483 861 921 299 153 437 781
871 757 998 971 329 553 414 530
1182 736 544 284 128 1203 1083 235
531 168 771 1066 548 277 966 14
1034 497 1184 241 389 305 1209 860
1137 933 1161 428 961 78 14 819
349 753 235 904 920 4 508 764
647 677 948 200 649 1041 568 591
124 607 254 468 63 427 90 45
149 738 538 552 749 936 560 321
743 79 907 927 918 656 343 114
355 756 608 197 908 771 768 753
609 1212 139 590 277 492 1095 6
135 941 1175 676 1242 195 87 694
993 47 345 968 26 165 404 745
863 1241 470 192 622 19 744 214
87 1136 1122 549 843 514 917 545
861 254 1231 447 560 1036 301 460
92 951 151 874 1067 437 294 806
594 72 814 825 407 297 962 795
1101 861 140 712 853 1226 1141 396
725 1249 682 1151 108 884 251 1062
608 719 845 232 898 100 191 799
556 93 286 310 167 187 1249 17
95 223 453 902 1188 795 1041 65
836 303 1122 730 1230 488 462 627
773 719 354 287 686 667 161 864
1171 701 1066 960 555 1050 107 342
587 431 375 251 748 936 1224 163
425 308 914 1220 208 1111 933 807
746 1027 373 766 1044 491 295 905
638 397 510 923 859 1237 699 1194
960 552 263 90 758 250 989 1130
463 737 781 954 568 310 770 637
1246 117 431 903 758 265 615 1180
679 319 1195 596 317 879 38 1246
843 479 634 577 1228 860 914 167
383 1128 1129 379 605 90 644 1149
465 195 370 229 846 759 455 694
1172 1204 609 941 861 1160 996 756
1218 744 1155 145 12 743 1016 859
898 385 689 282 264 443 1163 328
1146 887 209 841 905 344 840 342
621 935 480 741 706 371 1211 723
854 738 429 214 254 1155 1215 605
244 927 352 1140 960 1193 414 864
1067 253 132 308 160 864 376 580
847 1124 530 120 692 440 377 462
830 589 645 707 1071 299 1097 1028
530 840 953 662 709 344 214 415
135 901 954 447 259 864 1054 579
759 1009 152 540 38 219 122 905
451 590 1008 975 774 1166 655 213
280 340 1180 304 174 310 948 1155
23 327 308 1014 290 548 846 328
177 701 1188 1048 135 951 403 893
39 343 166 94 828 700 133 436
577 1223 661 188 237 650 453 66
910 200 1152 808 809 1106 302 590
761 707 485 302 782 906 487 1040
46 342 1244 219 973 41 1173 1004
142 1084 680 646 911 228 482 1172
972 1097 397 342 768 237 454 291
416 819 946 989 752 25 319 551
359 22 404 322 1150 710 982 362
975 312 148 1177 263 958 843 358
548 1138 1106 513 193 333 929 730
159 960 686 361 738 813 891 1046
743 342 28 1143 514 263 889 583
500 336 1057 1144 1199 149 672 835
235 1186 178 648 1026 825 399 1041
213 1150 718 1145 383 753 676 294
921 147 27 854 949 928 1000 365
463 748 1057 97 511 50 1094 1180
1133 1160 654 105 398 809 384 789
947 957 532 259 146 1181 575 701
661 496 687 1003 10 472 910 413
273 443 792 776 861 70 839 147
88 196 595 736 451 1062 386 533
31 228 242 140 688 1247 255 149
719 162 977 277 269 322 709 468
751 486 174 874 129 512 611 535
118 1169 900 1227 155 416 997 252
482 828 116 840 470 655 529 1075
463 1162 839 1174 586 108 620 256
1130 629 515 965 1123 1046 633 1203
534 377 499 1025 39 642 6 1048
896 1032 918 892 126 876 897 340
440 503 1026 637 994 440 977 213
894 436 539 279 613 1195 26 529
188 946 560 571 62 1248 1210 459
865 209 1118 241 930 840 1078 916
412 352 1160 34 448 392 561 186
501 491 1162 147 782 637 1005 696
216 150 433 737 481 356 1083 1079
981 1192 185 283 1058 241 985 644
302 589 673 906 769 87 3 1000
845 983 910 385 785 369 443 743
174 240 1220 860 85 38 191 1160
615 1104 368 364 971 876 653 22
621 1101 1155 578 168 274 996 369
901 654 1081 838 1055 622 109 268
732 124 627 1054 502 420 602 688
48 1050 1044 1155 1217 957 556 1149
1181 87 250 728 245 1242 511 333
862 80 160 938 554 98 328 718
765 893 36 254 777 200 449 281
413 797 868 482 717 63 1037 867
740 407 401 368 1148 1163 936 1088
805 566 106 511 1061 380 290 427
616 1131 352 400 483 1197 652 334
525 1153 1046 850 1133 921 551 705
132 778 700 805 1124 59 1176 627
468 135 595 337 560 1235 707 1048
722 43 1062 1186 1063 637 423 38
244 64 721 722 1216 515 1074 379
1137 1142 871 945 858 1051 825 531
1021 190 1153 667 369 833 933 810
961 291 1247 1149 1165 281 456 978
213 562 228 777 1171 957 59 857
909 50 418 1004 840 686 1190 651
172 1246 597 921 652 665 295 919
658 601 160 226 653 85 282 54
518 598 938 981 1043 358 744 539
362 1161 519 900 538 39 1230 252
936 722 459 811 443 1092 31 1136
186 773 1014 834 366 491 828 784
908 106 570 903 880 1096 403 1053
946 765 245 1179 422 1091 989 1191
1166 158 85 361 760 1208 702 785
93 798 789 208 531 164 465 809
27 701 1239 1015 213 1190 219 525
616 618 1235 249 944 162 473 6
581 1202 815 507 648 1228 1064 473
1220 836 223 235 238 922 72 1207
1101 881 696 848 360 996 633 442
933 1024 487 780 1116 400 746 132
610 406 983 324 26 771 222 227
738 848 343 191 13 671 543 74
396 716 1218 341 697 1031 1132 1111
1009 605 462 1164 691 125 1139 571
1222 177 706 1115 980 752 486 772
546 836 939 280 796 1035 225 941
950 185 133 370 992 512 1222 1041
1128 1199 484 1067 1130 994 974 606
1208 621 1024 129 569 59 1213 515
760 693 450 789 826 595 476 634
722 802 1050 282 66 105 424 857
775 640 674 357 437 507 1184 16
103 1020 889 306 1204 276 249 690
758 591 193 1062 574 548 27 574
314 1078 509 50 955 290 699 157
1189 220 441 434 109 383 434 1069
735 15 925 1095 201 172 991 898
839 988 36 658 985 497 1089 613
629 445 413 411 1212 446 879 675
1032 332 845 597 92 18 585 161
1083 846 918 1229 451 738 1177 99
118 833 1156 382 317 178 1129 1168
761 264 235 581 907 187 1078 1210
150 587 159 372 10 987 617 280
975 1104 27 731 372 397 25 487
945 795 764 423 167 920 93 573
488 368 277 1244 720 196 588 1006
678 109 743 1175 729 83 702 390
1230 1166 211 107 724 125 928 1086
1058 681 795 28 611 684 1125 193
60 1143 450 150 718 466 1142 1105
394 935 919 1188 1036 304 176 1180
788 242 644 1069 910 142 96 1063
53 368 149 617 1247 932 594 72
650 956 1198 892 1240 398 335 107
604 966 208 1021 428 1250 122 28
1082 1139 313 1162 283 715 1104 513
614 1130 489 477 452 34 643 812
39 130 1081 814 650 805 937 1070
676 790 330 741 841 582 1072 164
798 325 113 913 276 947 224 50
628 310 208 877 1029 793 1222 706
481 781 175 298 120 598 570 248
269 513 430 679 109 651 805 1105
459 619 240 16 127 760 159 506
1163 239 143 1073 65 753 659 38
761 287 481 247 1059 1129 1152 963
27 138 557 139 1085 1249 1118 888
508 434 22 146 557 1152 806 827
814 1057 503 885 190 839 468 1026
220 94 325 936 1106 312 601 707
1 222 1060 785 1036 552 200 1154
510 1049 1077 908 1012 941 914 1151
1137 528 1124 1103 518 234 915 392
156 1017 685 1192 781 121 600 701
855 324 916 24 151 929 1227 632
95 77 1020 136 76 559 699 987
331 248 1068 28 1235 1134 144 1240
710 665 721 614 533 824 1112 189
535 901 1239 362 1213 583 599 877
296 1054 654 655 491 640 471 282
43 713 337 709 298 78 737 659
961 504 430 904 989 1167 662 813
1239 473 1245 1183 411 101 385 210
242 1202 655 214 313 1165 401 476
1221 357 477 1186 585 348 985 52
98 106 444 260 1146 687 846 175
92 6 1210 511 518 810 468 490
1131 273 751 1158 1100 743 934 520
657 400 748 1132 1099 675 1103 679
1026 42 178 973 213 1227 246 802
7 827 221 1080 291 1101 979 484
111 751 1076 810 9 1101 1179 461
665 992 290 337 227 1096 107 148
1154 949 1039 1043 226 498 830 672
676 334 36 1216 885 1073 668 19
169 246 234 942 407 168 711 805
1104 755 1124 440 1087 1006 498 415
1067 19 464 675 371 487 91 1051
746 540 93 496 498 700 1080 1224
99 71 823 20 299 1223 547 1094
825 411 1193 969 306 140 798 152
350 613 783 198 463 187 168 1209
1038 53 1232 1035 1164 775 98 1024
458 170 258 905 1089 261 103 456
309 643 1186 867 1093 964 459 257
72 1054 1232 618 847 68 1224 136
331 940 894 771 1083 492 515 1051
9 1185 1120 462 436 256 722 1236
321 21 254 151 751 240 577 931
368 606 787 294 22 996 536 678
796 87 727 710 390 331 909 926
159 135 492 1183 517 1142 765 796
269 1038 513 424 314 1082 637 233
485 118 793 434 309 781 790 741
713 845 883 6 604 501 799 458
1178 627 1095 983 120 835 196 217
513 695 126 1182 912 979 16 954
133 1214 1126 449 167 394 1156 782
736 470 852 630 756 278 1080 462
573 266 32 1043 546 196 1036 486
1017 496 645 245 1047 622 1000 849
1142 1184 243 277 1180 1226 707 28
209 845 629 1129 333 1063 617 10
778 918 78 927 912 1032 912 164
743 762 803 396 902 792 68 1021
676 230 1137 935 1102 586 7 138
114 544 95 1080 121 210 638 713
1233 506 328 618 461 1057 753 1046
194 636 881 318 869 981 1021 1210
320 776 1002 610 443 704 970 428
162 17 1236 821 859 44 1202 903
1156 553 63 1241 951 1010 843 356
679 195 1071 691 234 216 1100 210
634 680 584 491 490 694 883 1047
872 121 314 1111 18 843 897 1196
732 361 982 1126 618 418 313 772
884 912 537 797 638 1074 528 61
1191 728 346 7 537 464 675 576
975 1217 304 851 1063 668 567 1166
634 516 181 133 967 29 283 833
438 556 587 1227 395 1032 247 44
772 456 1174 1065 561 770 927 349
983 878 1096 1209 1250 100 332 661
924 741 698 945 551 343 1034 1169
1103 985 271 1214 1069 1241 857 1238
656 997 162 102 683 816 420 567
208 898 592 1168 1009 1215 918 444
1035 356 675 320 572 1134 301 763
900 443 732 1225 896 59 723 1201
933 864 1170 68 274 373 15 436
734 1039 240 233 202 62 197 329
312 1018 208 797 1194 80 619 436
832 325 271 1154 448 139 316 843
316 850 568 1223 28 229 116 270
345 244 354 978 881 911 355 623
566 39 663 712 1229 725 890 173
997 1017 689 442 265 644 875 594
250 530 39 332 1153 483 222 533
460 868 616 364 596 68 766 1239
647 711 612 856 1184 983 947 623
75 284 1129 1122 803 322 873 764
398 690 121 268 438 1152 220 362
376 263 965 801 775 160 182 608
59 1175 924 1144 248 763 742 278
147 601 806 936 247 929 318 112
952 747 955 293 482 1161 22 1130
766 263 248 848 323 143 748 1015
90 517 373 692 787 466 1001 1017
179 1047 822 726 1106 125 212 774
26 752 314 230 13 122 20 572
329 893 372 330 862 196 880 1028
838 544 224 1129 280 341 25 991
1139 898 467 481 262 50 84 1009
432 1026 765 496 1232 707 1228 296
1128 89 555 855 1181 859 462 723
232 1200 242 1245 931 719 628 459
1149 346 606 545 88 1025 259 334
905 1242 148 798 822 926 780 1092
1159 326 857 367 777 142 113 176
103 1026 396 506 442 272 268 145
615 650 688 1172 248 656 285 602
701 246 34 529 1057 1151 920 240
204 482 331 129 987 915 903 232
1169 297 859 116 304 1021 721 96
1170 385 378 23 754 1088 1012 479
953 956 466 729 167 811 74 473
842 507 878 1042 297 40 492 1116
272 268 534 652 837 680 23 1146
1029 476 1022 726 428 1191 435 332
125 1182 1230 372 735 440 993 489
862 845 525 1209 653 72 1052 195
85 331 483 912 680 795 545 68
595 323 1057 1001 325 407 859 42
1054 510 336 837 208 350 156 76
134 1049 528 281 1225 389 517 427
521 1102 25 1199 681 740 181 1078
1072 1199 466 1243 520 253 880 1177
696 561 212 110 252 706 272 5
139 714 1160 683 1190 241 29 942
664 982 520 263 724 880 208 908
117 831 844 943 1083 448 467 860
302 47 304 976 1171 814 348 630
119 1101 977 352 452 654 328 989
360 981 684 291 571 552 765 840
388 474 915 1175 62 774 507 192
147 1171 299 388 643 174 290 432
1216 151 536 935 99 855 1012 475
725 1149 200 1030 589 597 348 1132
669 1192 67 675 272 623 566 179
96 688 1168 1057 80 186 1140 605
543 254 863 552 1109 1046 778 872
288 125 528 1127 137 1016 811 470
364 780 1203 161 709 484 308 424
804 390 173 568 1171 524 111 228
848 275 609 1099 1200 905 83 479
899 1188 948 891 569 797 683 627
739 483 446 903 879 1077 1098 165
355 605 1244 457 1078 120 391 467
849 963 278 5 787 1179 1234 189
289 7 550 942 522 252 1046 730
932 500 1192 1225 1028 204 856 898
1066 918 825 668 674 275 593 754
338 252 393 1219 104 15 1050 211
650 844 486 928 1196 64 640 408
122 140 21 1116 188 661 461 833
479 849 326 483 189 293 463 390
437 160 773 103 1017 377 528 866
711 518 889 297 156 1202 525 295
862 521 272 624 127 759 248 246
902 657 830 502 67 971 1137 953
906 1052 266 55 327 1065 1185 442
755 910 520 220 1216 196 203 753
363 1218 854 183 559 320 775 361
1124 106 1005 1076 155 515 667 457
864 635 124 499 909 1179 300 944
924 522 221 73 957 495 1223 882
8 134 995 607 850 659 603 172
312 823 1079 116 257 845 7 1225
786 530 504 1134 203 43 1076 1011
916 524 1015 1190 226 124 843 216
433 1119 253 172 320 673 366 55
312 1117 1167 139 381 983 941 834
1001 159 19 787 885 619 196 253
571 202 235 113 295 7 946 911
951 357 699 113 522 648 750 309
641 569 571 34 731 1143 298 76
613 561 1243 421 633 210 309 1163
1063 728 1086 758 924 493 840 525
286 491 59 884 461 1042 112 1140
346 841 773 659 1177 1054 237 920
1075 447 811 220 37 1104 362 2
1002 1202 813 1221 1110 52 490 1018
778 596 959 1001 137 726 67 395
963 353 884 41 810 43 574 330
967 793 78 1022 399 108 272 150
533 263 103 540 97 481 1081 103
370 898 231 944 1181 75 119 648
689 88 612 267 384 1081 728 776
380 1039 618 1029 951 638 681 871
78 358 32 505 74 636 406 1187
846 753 228 45 703 935 1211 86
353 690 399 803 885 129 1166 1021
601 622 1112 979 2 793 1198 699
707 847 1036 847 550 1084 444 322
336 715 12 1245 1076 1124 988 177
610 211 384 199 83 1016 224 1021
572 973 727 1033 1219 291 731 243
609 592 190 684 819 3 636 1191
270 1124 922 973 466 252 182 1091
559 690 283 460 713 805 1012 1011
257 1239 970 782 1193 894 1123 267
498 1192 640 638 490 764 316 1027
903 838 350 165 523 288 230 171
793 130 369 130 1183 364 375 277
933 686 752 976 131 323 462 948
1168 216 581 811 36 199 660 1208
105 8 1250 444 1001 157 246 1005
1070 658 399 1007 81 680 857 1235
1226 709 704 55 755 39 947 1018
344 14 370 679 298 550 231 925
112 79 269 191 1085 278 13 97
572 82 216 599 825 222 615 816
224 1099 20 265 131 97 856 557
599 528 927 867 259 756 881 800
233 874 318 1246 937 23 138 463
235 322 84 589 762 125 351 1161
875 287 586 268 8 378 275 864
400 329 597 631 41 1211 152 28
468 859 103 742 118 585 71 156
345 139 932 75 675 473 233 323
532 520 32 833 1115 403 215 506
829 1121 708 502 87 1178 1023 940
225 160 57 28 254 939 710 115
1222 132 899 1070 905 471 787 76
184 933 601 1145 861 738 91 135
24 195 127 279 211 630 872 986
206 1175 1126 467 339 465 416 938
909 872 912 327 319 1036 1175 1177
521 165 622 1168 216 1116 731 1099
652 1132 784 512 984 530 904 461
1049 582 1100 48 225 37 1250 217
67 1201 881 346 227 461 866 16
52 435 1244 479 1050 1055 1105 129
1059 830 415 58 1203 621 613 1048
992 408 828 117 777 27 234 1096
645 388 845 271 814 1088 821 582
1122 266 258 129 734 711 237 3
1160 1029 1219 1242 514 949 421 281
523 150 909 735 873 1170 755 323
737 359 909 617 654 593 269 558
529 84 651 436 374 498 733 122
85 1094 692 929 1191 995 51 550
597 489 908 503 675 827 958 1151
739 235 1047 244 330 92 51 738
866 1235 203 507 694 373 513 402
160 1125 13 1192 802 771 823 458
676 421 1149 591 1163 468 1216 924
842 879 344 616 379 268 863 1085
719 55 1088 200 528 687 135 720
584 63 403 747 384 382 640 1176
177 295 12 785 115 66 430 813
52 624 1207 954 574 1090 606 316
1232 232 412 1025 426 1177 168 210
724 432 87 755 803 1063 1181 139
557 1157 342 642 671 294 676 198
732 797 89 112 512 882 430 835
364 1182 19 1002 1030 701 806 81
1104 43 425 502 643 446 1060 123
380 258 149 958 856 579 923 480
467 167 16 103 190 913 823 480
437 121 997 101 945 510 443 1079
93 570 414 1124 1029 352 90 99
347 571 768 238 804 307 592 227
1239 363 224 48 277 292 1207 885
1190 1222 392 414 601 131 339 931
149 403 840 9 673 262 1108 896
635 181 402 1057 1151 520 134 941
130 451 195 47 627 533 1149 160
1085 843 308 417 620 268 861 275
423 813 974 1068 1107 227 223 409
902 195 1225 1135 742 1110 1016 982
384 586 939 868 1027 255 667 119
416 501 1047 1069 528 606 1235 1208
478 1019 739 239 825 284 578 1186
517 1181 672 866 423 325 614 837
800 929 562 57 466 485 738 706
69 1118 362 750 791 1120 1140 927
682 773 480 13 777 782 847 1194
737 618 753 137 719 792 466 1116
863 1116 57 533 1168 75 95 91
657 642 79 800 153 909 851 594
247 580 502 1079 541 483 463 692
371 1219 153 191 1176 417 533 1155
162 990 953 666 248 289 833 230
663 686 867 310 490 679 937 619
1213 597 685 886 105 698 503 806
707 908 294 1181 1173 630 1233 1167
1001 1099 1178 631 1077 239 682 595
1146 348 683 898 706 970 962 1086
718 805 511 321 885 17 91 268
387 852 878 763 857 581 161 820
185 73 391 652 817 748 1105 636
251 1229 813 650 382 746 905 799
817 595 1173 625 859 765 408 478
917 195 775 851 918 418 759 182
561 258 520 1081 201 798 447 173
1044 1205 844 581 1125 1055 104 995
693 616 861 1025 1123 777 520 546
346 104 594 346 948 745 958 1125
65 109 584 421 377 993 1143 505
807 512 1108 865 583 1044 1177 1040
685 311 169 257 317 1096 545 703
106 521 915 176 470 283 1007 1186
248 857 199 6 916 625 1225 197
177 411 438 948 1217 935 378 592
775 153 289 1136 366 511 292 1074
740 679 482 630 919 1198 736 915
1200 634 978 616 853 1199 818 1214
395 528 859 60 905 859 708 515
410 153 178 759 854 384 658 456
66 1217 152 1146 1141 10 323 748
599 1097 499 577 286 1229 1008 182
461 491 1205 62 1008 620 1005 1223
592 188 713 276 194 569 1136 1240
721 1048 499 732 803 602 1155 995
19 1182 678 200 763 375 883 1051
106 901 1106 67 245 457 711 974
33 875 16 153 284 93 905 964
349 1202 1207 479 484 124 527 463
843 313 97 464 8 442 940 1070
427 151 44 847 180 477 507 1178
1012 9 717 686 450 1053 1036 751
1133 603 77 386 899 423 1047 232
382 11 877 334 483 1175 473 157
539 594 152 354 434 957 704 69
1172 1108 62 1203 888 13 122 336
765 857 579 1162 1024 556 327 190
423 1041 952 838 138 412 567 701
1160 548 100 954 640 1136 785 447
383 368 761 1246 782 945 810 499
689 122 295 143 95 858 498 1175
648 1014 16 131 951 251 375 967
335 472 583 246 923 1179 851 926
497 574 774 1006 914 512 418 1004
679 779 114 692 870 685 847 718
924 448 249 910 313 784 488 803
973 1240 1094 411 3 890 605 860
461 15 74 194 958 58 1183 14
682 945 98 479 357 177 919 567
555 320 746 265 920 562 611 685
401 1046 34 597 265 1193 899 211
347 887 358 517 999 4 235 860
126 1154 768 1072 598 1101 1181 236
173 1148 694 126 323 518 620 101
723 342 311 488 659 209 527 478
223 863 723 730 1193 1190 500 1177
625 219 1092 1006 886 1090 834 876
442 810 58 26 1233 1078 519 796
1032 117 518 523 1199 730 351 894
48 625 989 1027 915 535 809 753
1104 56 1127 628 4 230 228 979
135 364 1181 742 202 1005 1049 1069
737 1029 20 120 149 226 1143 645
1008 472 892 990 957 328 221 62
548 1115 699 169 663 1182 1248 1049
726 36 333 577 971 780 1194 1017
861 578 898 599 310 363 1146 654
142 21 955 608 472 429 905 435
439 989 391 657 536 709 414 1125
982 690 509 954 329 874 910 1019
558 380 640 65 761 220 866 1102
470 486 954 597 931 1246 887 821
490 807 997 476 721 237 1201 442
1160 116 509 865 347 1217 33 978
934 736 250 173 506 214 820 516
594 1157 914 822 21 871 1135 114
365 420 171 727 161 51 106 90
158 621 403 635 1099 431 1163 1235
1156 292 254 640 114 82 478 229
122 4 939 506 1185 42 148 838
541 814 388 857 1188 132 788 657
845 158 339 463 1102 396 323 236
1128 1148 422 1047 1027 363 1036 1249
1011 252 62 1235 482 350 1091 759
1238 1009 24 795 812 580 482 964
925 647 1015 644 429 806 942 261
23 234 621 235 633 851 572 838
683 1113 433 603 222 725 75 678
517 305 354 1122 1119 245 1065 1035
48 396 205 939 100 1124 73 675
551 733 246 230 634 26 97 137
489 122 1212 1180 580 1176 65 131
1174 30 888 712 760 26 1164 781
522 8 308 1153 1078 622 976 454
74 406 1248 951 314 608 673 739
626 1086 736 1135 94 1170 189 356
520 52 1183 1244 938 487 366 1135
206 118 474 77 830 57 673 1041
266 202 1247 771 478 274 1226 1112
1111 708 1226 431 963 1120 58 201
1029 689 658 1109 753 411 1210 1108
1 269 922 1015 999 1080 1113 545
630 705 224 1073 580 675 1083 601
76 145 1020 800 694 1 1141 953
1119 441 783 1172 379 894 1110 428
438 594 634 552 1192 488 898 698
559 1099 456 479 1109 1103 1158 326
666 565 301 118 120 818 907 591
837 697 789 1000 1219 979 147 355
585 776 179 1106 917 198 1216 1203
1203 253 875 262 135 998 633 572
289 334 702 370 350 415 42 1060
709 813 38 929 382 513 910 239
785 1017 1053 335 472 261 440 1042
870 452 47 310 474 450 372 201
875 829 615 496 626 92 939 550
418 452 530 555 418 188 781 938
271 1054 690 580 880 897 572 73
400 533 177 817 385 989 274 1195
1039 767 1037 219 328 709 900 511
1093 1081 1093 962 385 881 124 695
1205 821 1123 967 812 249 411 396
633 727 908 22 713 1132 1001 1114
1211 982 1026 559 202 91 656 688
1201 1184 271 1188 375 857 371 505
678 1069 555 927 965 921 424 1037
227 867 721 1031 641 154 1172 600
273 1245 693 385 1114 681 1201 320
813 353 72 9 311 322 440 298
1118 1225 486 181 877 601 954 226
386 163 254 126 545 91 570 174
57 240 552 290 31 733 1123 320
1179 907 1122 568 828 325 223 634
145 935 853 158 357 411 485 714
341 501 700 851 319 32 28 721
872 1249 23 162 517 641 865 769
330 1219 921 673 317 255 542 882
988 1164 793 1045 1208 216 284 784
1237 325 518 145 831 1227 1148 391
772 662 617 508 219 985 1066 829
564 450 1237 969 627 1027 880 733
185 152 1155 707 157 396 164 401
169 694 445 328 126 91 1238 605
12 96 914 1073 426 1067 24 41
958 663 20 590 408 843 733 403
755 224 273 588 837 428 969 671
1027 1205 652 322 295 610 1218 438
1006 236 680 498 407 995 699 873
585 435 287 839 274 828 41 1121
924 1198 1017 455 594 304 386 1191
422 796 675 414 635 1058 828 1073
804 637 538 368 298 906 916 195
758 218 377 1001 1215 351 205 1004
431 355 909 401 364 223 561 294
715 665 1071 570 335 1114 903 512
375 468 130 1002 689 639 489 82
238 753 751 1119 1069 954 745 943
581 331 708 401 872 218 852 466
1070 265 168 1142 994 885 710 729
677 1231 1030 923 1197 221 714 761
560 101 282 565 930 1053 943 97
743 628 881 1052 521 1048 833 679
297 110 732 917 481 1082 1222 373
476 375 880 120 263 1075 387 1230
164 231 548 532 538 521 947 1061
1061 387 5 446 926 633 855 73
346 1071 901 705 1148 672 1120 90
450 1112 1214 812 442 518 350 737
819 1199 621 417 1168 790 1148 63
883 108 852 500 68 497 472 986
1224 713 834 1165 789 223 644 1073
1132 848 1101 1212 1112 772 31 905
256 1161 1208 1020 73 893 615 612
1171 112 6 337 394 500 686 684
427 211 219 541 86 513 554 551
1229 241 635 173 649 932 222 32
940 403 659 1129 799 278 1190 863
21 773 509 1129 628 737 212 1137
1192 171 175 647 225 348 898 1250
215 69 1101 748 426 423 211 132
135 42 175 1074 962 185 293 1078
476 329 1030 104 537 557 1073 83
435 682 36 1001 540 755 1113 184
594 1243 766 169 296 759 1046 334
852 658 46 608 816 505 581 734
876 1084 1111 1171 417 29 1012 813
1032 943 730 184 749 350 333 247
718 890 1227 36 903 158 312 258
653 459 544 102 539 1141 610 879
575 868 641 512 1220 1153 232 1001
795 1052 966 520 479 683 71 1245
366 286 80 1012 597 1142 738 299
1175 50 274 411 858 46 712 457
407 1155 1033 1123 658 826 1212 1099
726 590 775 357 600 1155 219 662
569 99 881 462 856 667 1217 864
921 208 791 326 1210 696 1198 826
1089 117 878 308 621 526 109 567
844 455 864 912 250 854 666 622
1231 478 1249 433 421 525 637 97
1121 1041 80 426 264 1115 950 760
552 907 849 979 33 1194 1120 757
1018 369 496 373 303 932 464 973
677 866 595 176 1032 850 1129 366
285 733 785 777 861 520 447 1025
361 365 999 1180 1005 393 1120 585
166 948 50 1005 1104 367 858 1013
661 96 677 202 1205 215 765 473
957 435 338 995 731 1166 178 503
449 977 1116 70 1140 302 158 122
1130 949 405 519 1065 957 987 50
334 35 1118 1108 891 776 290 938
565 824 48 521 601 172 1169 134
1216 200 758 862 358 59 782 472
863 744 370 454 1096 574 933 48
567 770 293 177 968 1172 816 1107
98 707 1041 651 1022 623 700 429
1157 162 216 566 588 515 140 74
1232 368 562 1010 21 658 801 569
998 1099 236 381 368 853 1211 132
238 1025 41 527 866 893 522 1160
999 837 1138 1046 1017 1103 691 531
59 75 797 730 720 413 148 862
315 630 641 329 1247 263 305 207
554 1108 234 1090 809 786 119 591
358 932 51 236 640 532 629 557
1143 1066 1084 76 460 185 375 525
335 281 615 944 1198 326 804 262
1215 895 1114 521 1069 397 1154 524
878 654 467 536 1240 749 520 820
251 341 353 964 484 671 967 13
74 1177 347 145 909 931 63 1213
33 66 84 360 643 256 704 813
962 478 1187 113 518 213 235 702
1236 348 1065 647 208 698 1232 761
870 663 1127 440 1210 952 676 997
77 537 1045 1225 1189 10 525 997
576 494 26 970 746 529 531 613
430 108 120 468 81 363 1248 1244
1005 166 34 646 1075 1237 272 432
1012 1226 1219 186 444 774 602 417
533 495 660 1182 992 415 667 794
170 1179 774 163 1156 896 301 495
532 1174 763 973 754 54 301 852
563 696 802 547 1082 90 1040 541
1033 615 246 896 1185 1199 1003 1116
935 543 398 203 1082 45 747 565
589 1028 410 1239 95 20 1171 1163
572 704 732 836 527 920 10 1001
151 669 128 971 241 170 500 395
136 715 403 1040 331 2 560 180
750 578 268 577 295 492 965 1139
146 904 371 301 969 528 919 754
992 1114 210 1247 953 78 1111 184
159 294 613 600 321 368 241 5
1166 456 1224 505 1178 655 1067 1150
689 496 126 1076 1156 928 377 224
539 35 901 616 51 800 585 537
1034 833 798 462 723 836 324 1009
77 223 1138 1241 148 247 1229 135
559 333 559 126 522 861 842 324
895 1181 395 552 767 347 927 588
1140 513 355 122 666 654 1138 65
449 1096 478 319 326 287 792 607
496 278 83 314 162 1195 204 111
728 980 249 1011 159 926 55 1006
642 1156 964 176 940 37 183 518
613 651 1152 114 58 215 87 1037
712 25 258 749 1063 701 1203 752
260 94 887 106 1210 1115 547 184
887 470 719 99 193 1048 398 561
978 1008 849 56 570 411 725 428
819 1175 182 1137 736 922 1168 395
1220 319 1158 429 615 276 408 962
1135 832 697 841 590 1185 437 1177
494 865 765 955 973 1058 698 1027
240 71 1217 766 5 424 752 470
1231 104 1141 18 248 280 482 1042
107 1118 299 355 972 12 1043 581
909 301 1107 1144 792 1098 91 125
217 366 260 834 1174 1027 874 714
1030 33 520 609 298 545 575 16
312 11 695 88 1167 915 417 1066
500 373 460 277 683 168 143 381
16 304 1250 890 584 355 128 434
334 455 252 554 791 162 240 789
102 1236 524 493 1186 963 845 80
329 1120 977 115 953 330 18 757
566 1080 29 333 737 314 746 1047
368 1011 710 532 42 195 108 616
920 212 149 1118 854 1021 25 908
95 1239 795 484 1103 521 965 71
884 1216 782 35 388 134 635 326
747 919 921 868 460 842 897 493
248 827 1145 1188 141 805 680 1148
649 1215 1105 333 130 775 739 46
479 87 246 251 1018 814 1203 837
961 106 964 336 724 110 170 733
31 231 345 1123 1173 1195 184 717
1075 194 537 14 808 976 621 356
2 9 384 513 741 1198 194 620
493 475 452 910 62 180 813 983
812 841 884 1216 1051 396 78 643
1064 441 1110 1056 383 791 533 1055
411 64 428 778 652 955 518 814
783 703 986 20 898 652 674 1075
1119 105 425 756 313 658 1055 515
773 1058 449 427 303 305 539 635
501 331 837 389 84 1201 807 852
1176 534 1126 376 925 627 359 470
1188 678 523 643 345 507 25 450
854 185 1003 151 1092 634 537 1074
1244 898 22 167 346 1038 497 1240
1248 173 651 426 1060 1057 218 276
965 433 251 285 896 479 1172 961
593 482 140 294 1165 1215 246 422
2 755 434 88 664 949 452 447
547 1051 591 896 1060 727 190 713
307 1045 202 169 502 635 299 988
219 356 1137 556 815 723 842 403
478 1185 1060 931 292 50 670 861
854 460 294 234 884 1218 436 193
182 1130 24 702 525 1165 40 235
819 485 270 970 1067 94 618 198
215 129 783 383 219 453 843 606
614 71 328 836 105 103 1144 580
259 795 865 78 238 51 463 833
141 839 345 701 23 579 81 502
138 104 219 429 1044 910 607 149
995 429 784 495 121 933 455 1155
1033 78 555 380 202 252 126 1218
741 607 252 281 175 643 90 308
817 233 657 354 1102 750 501 448
987 770 1250 823 752 107 1107 932
829 656 949 627 719 50 195 171
445 576 549 379 304 1230 683 152
320 340 578 590 304 622 582 59
111 693 764 403 617 8 962 400
951 972 1153 1156 355 906 887 865
82 994 688 71 62 553 835 747
885 453 1169 449 500 576 931 140
1037 771 266 909 1070 1233 806 1155
674 466 194 326 1186 396 1033 190
972 1228 37 149 546 800 106 786
376 661 98 555 157 1105 651 1117
233 773 117 526 672 1172 328 988
1234 389 13 888 416 1095 79 188
64 823 51 534 1123 1122 941 483
311 759 1024 800 808 333 930 1121
703 194 904 1245 100 825 827 533
1037 739 892 396 763 784 654 878
1182 464 1190 984 799 141 754 723
709 875 1089 54 1014 770 516 649
551 748 146 120 44 730 478 300
1176 31 361 256 532 84 46 779
130 646 1211 365 129 214 280 600
258 74 1075 1030 76 125 1058 600
847 645 39 786 227 350 534 270
637 655 108 751 1046 920 832 592
221 861 704 548 963 1141 1208 279
484 263 1197 208 1019 521 382 317
938 352 890 1210 501 949 180 193
724 239 1138 852 272 1221 589 562
851 636 848 539 1 756 815 845
393 691 303 1237 1119 130 397 86
355 523 1067 1136 1129 92 1074 510
913 442 113 281 310 1168 1127 205
68 325 707 27 424 531 105 656
729 225 1227 256 950 57 613 757
202 917 251 173 725 569 606 1194
1105 193 90 673 1080 445 684 1216
436 460 1065 1036 918 506 567 129
455 83 1018 907 583 917 646 1144
727 47 236 1059 87 698 343 639
606 912 287 729 32 349 275 205
966 292 1233 1054 697 1094 185 68
1090 591 936 1123 871 641 1071 906
880 291 1118 984 552 647 330 1110
1099 871 36 1097 749 150 247 1045
435 888 237 1052 603 471 401 560
807 340 329 1237 1186 398 397 726
353 128 224 426 418 764 373 30
890 659 783 981 578 691 1213 807
534 553 5 518 97 1137 1172 994
934 754 888 281 187 1095 1034 670
961 679 226 471 471 502 1 342
822 733 1164 582 734 916 577 849
124 295 732 523 509 979 487 787
581 210 49 190 1142 356 1181 909
1188 474 870 906 155 781 719 80
1121 873 967 651 1045 72 87 227
138 189 240 560 887 66 242 1006
1056 306 196 18 324 1216 892 917
935 1242 338 727 48 265 34 412
233 735 143 781 326 472 825 274
139 656 424 597 1231 989 658 360
641 242 1070 553 493 310 1019 916
1003 975 895 1196 384 1122 234 581
408 7 922 981 962 1167 869 487
494 79 1029 45 259 183 1247 276
399 1118 414 1159 227 314 875 541
276 997 300 223 1091 202 1193 724
788 1020 981 1030 456 668 422 806
2 812 37 1190 702 344 389 576
391 29 740 936 941 711 563 773
212 729 1011 1150 408 804 519 1036
736 1176 1130 668 515 392 971 446
168 860 559 1113 263 797 12 770
840 539 459 1086 429 674 852 643
357 725 180 786 557 686 616 1161
982 15 61 131 304 558 78 73
735 134 697 249 500 445 748 245
299 964 848 966 260 840 749 250
289 489 1010 61 782 1038 386 417
410 788 1142 173 100 328 757 549
14 1062 297 613 603 1004 856 1114
484 890 207 64 134 22 759 453
49 526 627 1178 630 1214 752 939
1173 827 814 17 292 1009 660 534
343 737 1168 59 1125 484 378 906
486 204 683 1120 966 1024 640 1150
598 1114 216 256 356 446 1168 1223
568 615 220 1036 141 398 212 301
59 293 460 692 272 486 462 1039
218 30 695 40 27 254 1226 1203
256 66 349 379 354 952 116 929
189 541 1015 1004 626 625 723 921
266 1216 608 432 23 1134 1115 1105
906 1139 1195 967 42 24 454 1131
112 470 915 811 524 565 836 133
591 1003 604 733 422 1238 302 936
72 531 544 203 162 865 518 159
443 313 327 859 405 352 808 393
1021 159 648 133 803 363 869 674
1100 809 1198 418 1242 290 212 140
528 969 930 253 178 1026 475 121
1131 539 1086 409 907 244 715 1100
741 844 784 545 340 542 968 672
1148 1153 469 988 1217 450 855 374
638 961 1219 897 830 616 336 449
689 757 1189 448 295 1034 831 1022
513 1059 18 365 555 579 61 674
179 532 1187 761 1190 1100 732 386
1157 828 970 744 371 327 482 196
465 437 533 82 348 2 752 125
1043 112 466 922 525 156 1203 395
1091 365 97 275 642 1146 87 1043
184 1107 861 184 956 1062 193 1171
443 358 925 424 394 685 698 805
996 947 1153 1232 847 1170 144 1027
1101 188 819 537 316 1203 121 951
339 52 398 641 520 779 106 566
786 545 838 1243 925 824 451 1104
1013 508 788 602 1093 771 442 725
694 1015 1076 300 1098 277 173 1032
847 335 1013 319 743 1248 52 1087
552 338 129 367 994 635 367 720
590 403 754 92 701 906 1162 1247
216 1146 55 321 1212 159 44 169
1000 1066 399 490 1021 764 929 228
497 583 738 1222 1012 425 363 989
292 277 145 581 669 894 697 166
762 315 208 260 718 209 850 440
353 829 594 228 1021 711 1152 366
775 810 1117 762 92 1214 10 86
370 746 660 277 373 1145 974 837
996 897 757 572 293 146 730 380
85 1180 1011 438 532 1039 84 1166
1151 426 96 869 980 1228 627 470
23 220 1170 652 1060 167 397 274
881 569 70 329 1118 1104 686 952
343 118 922 41 1228 53 366 826
122 838 648 303 624 1115 687 1134
146 836 1084 1008 1050 190 547 581
1173 1012 72 214 182 1135 405 651
324 318 1042 79 1179 93 108 45
761 330 867 266 1167 232 869 474
1058 1212 1101 215 144 907 199 407
1056 111 370 332 345 30 439 613
123 729 1154 352 894 172 823 586
1190 327 638 1031 992 865 1013 1191
162 1040 894 692 7 126 320 648
642 1201 579 795 615 608 964 1095
776 94 114 196 955 1152 243 155
311 826 200 421 770 78 631 381
154 174 445 56 934 441 586 420
498 844 1169 217 373 698 990 786
297 1147 1060 453 159 835 417 611
965 882 374 81 938 1095 1160 661
16 673 564 341 755 470 484 1109
90 474 1212 1223 578 1174 480 967
984 154 472 1210 1221 706 522 682
99 1019 727 1063 745 1102 864 837
1007 600 739 1117 63 985 349 666
876 1236 202 765 183 301 47 750
550 578 841 74 187 387 228 1183
1108 809 1063 533 309 192 685 731
137 959 827 156 498 438 716 60
472 18 1161 530 195 1098 123 439
700 1047 1095 986 373 572 600 1114
191 1075 896 1006 823 581 245 802
660 1179 934 112 245 948 1167 659
963 991 321 894 509 1228 313 1233
175 63 231 432 277 608 419 1142
671 326 516 602 756 226 1140 1219
1164 565 211 710 983 794 1071 1197
188 293 653 941 524 29 123 445
35 1204 315 174 1239 515 544 756
867 473 296 1040 805 715 171 898
204 1245 707 794 534 788 1170 584
921 1067 605 310 540 608 685 397
1141 1089 623 758 1186 613 677 369
541 1201 478 271 545 273 678 545
864 613 1132 1068 226 537 1018 526
296 415 311 83 852 608 901 563
463 24 367 449 55 641 1205 106
341 82 414 1051 1094 907 196 25
3 777 306 871 942 188 240 1148
504 96 1227 280 413 1133 982 513
962 341 686 104 681 892 570 152
259 65 171 959 516 547 180 569
1095 35 806 69 1234 955 348 496
1050 1057 620 153 745 736 34 842
1195 854 354 123 1009 749 703 443
356 1013 891 391 205 392 538 958
212 330 1042 462 293 139 1239 1134
255 1084 344 825 890 816 563 1204
615 69 488 77 511 501 741 493
764 39 294 26 379 204 1066 1080
699 954 842 212 1067 827 260 665
771 146 480 1236 63 167 272 956
702 1111 221 760 304 995 280 619
315 575 990 1185 439 161 449 618
951 738 221 755 223 640 175 254
987 421 1058 302 102 193 215 1116
711 406 249 669 581 33 133 350
564 631 999 634 103 603 143 880
168 1060 10 836 919 971 944 684
757 288 637 201 970 81 656 821
771 252 708 181 721 1035 909 536
633 448 78 291 1105 996 1202 273
1200 978 648 374 1239 769 90 300
174 316 978 264 1208 1204 399 545
615 7 410 1146 1066 178 70 598
951 69 480 487 564 304 625 505
1165 1115 903 690 659 29 1145 48
649 1061 732 684 1114 158 283 882
1177 678 985 115 823 770 1064 633
583 30 294 1140 174 462 307 226
594 326 92 28 663 437 339 55
1230 1077 906 279 1240 225 957 972
288 831 164 103 44 978 401 622
1067 670 59 610 85 1081 361 569
381 643 325 146 334 448 262 402
239 1061 147 235 852 560 636 400
161 911 158 355 409 740 1120 647
1205 587 522 403 25 890 1035 250
490 348 31 1140 996 12 150 942
445 861 1244 775 775 518 869 1104
624 1210 129 14 110 218 791 9
700 364 1210 476 631 1139 573 502
120 1243 1183 423 711 1030 668 281
81 546 301 328 1032 726 565 94
132 222 964 556 293 353 591 280
1126 317 122 1116 623 569 355 851
1058 104 845 645 368 661 515 512
1130 988 870 552 62 632 855 795
174 233 824 1198 799 264 29 88
255 863 701 486 239 1182 1162 124
284 696 111 4 592 530 1023 115
70 438 807 998 419 457 879 110
264 75 396 839 1250 1097 1138 832
592 759 5 675 750 111 468 1040
542 1134 103 491 1216 446 670 185
697 267 1048 970 534 954 422 1154
348 567 848 240 964 844 387 389
341 161 127 585 959 1137 55 409
249 1052 498 57 208 278 234 749
558 1113 299 942 142 862 1164 337
920 990 1194 876 430 563 161 1215
1140 1165 1093 36 942 156 949 372
980 203 414 595 11 599 628 486
762 334 1146 375 435 1162 691 265
802 294 1110 186 456 221 619 1204
737 486 527 274 1236 134 620 400
406 220 544 1242 345 1249 1248 213
1139 200 335 463 293 1091 202 892
469 594 565 296 332 1118 560 396
973 1202 748 738 734 335 560 880
961 281 782 377 596 528 751 1096
608 876 179 1164 899 267 860 1132
29 316 1205 277 524 422 530 1245
756 409 1222 877 554 1081 60 574
44 347 1137 332 786 471 639 697
1245 777 1161 65 56 458 1159 145
320 1000 248 1138 951 1093 175 1220
800 448 676 256 413 145 1005 547
570 1091 1059 362 901 209 186 735
937 1152 148 611 286 293 75 1109
723 709 604 264 1062 600 359 380
1231 639 195 445 629 343 485 323
521 427 390 379 259 428 1125 1164
427 404 935 8 514 856 767 519
1237 1007 113 480 54 575 65 183
174 822 711 585 748 983 402 138
969 361 684 198 25 378 744 285
1185 19 1010 496 1220 842 239 885
543 343 617 91 372 311 693 701
650 1067 1110 674 975 118 98 1167
258 3 928 1031 858 536 1044 1210
883 79 1168 699 594 1004 1206 662
601 383 36 1167 85 513 815 541
1084 582 308 150 402 570 887 220
251 745 670 250 1108 211 723 580
49 230 912 485 680 626 619 1188
793 568 1135 487 880 796 1051 1066
339 614 312 86 358 273 763 482
849 162 965 688 996 377 1081 51
815 449 1162 165 125 41 860 481
987 504 1132 510 625 345 85 1030
562 252 451 866 428 201 1053 593
708 1031 147 336 752 1025 1176 5
793 625 1048 70 260 290 705 1128
604 1159 326 307 108 1086 133 448
446 531 771 15 161 467 932 824
964 767 916 481 240 140 947 252
416 1084 881 294 515 530 309 22
587 689 305 260 101 391 205 587
173 630 33 1180 729 1250 532 80
855 489 287 641 113 915 1146 283
645 523 268 62 1064 336 1083 560
1020 89 415 627 725 495 1226 1090
927 339 1121 364 280 1241 654 1208
411 345 1140 980 774 712 1163 1006
1025 1250 102 672 883 276 947 89
123 666 840 246 97 835 774 657
192 1045 1193 1233 510 947 1172 500
878 931 193 260 779 639 837 1084
1136 120 1078 1018 1199 499 182 862
868 779 1213 641 136 1000 1077 626
244 69 227 1140 621 151 550 728
83 771 759 595 1237 370 129 606
1071 762 1147 743 1241 1176 800 692
1047 247 995 195 912 3 515 834
993 607 59 1222 1011 375 722 137
576 824 935 553 522 484 341 1163
756 630 376 1133 504 501 284 59
83 791 247 952 113 90 1048 1220
144 355 1028 351 1141 918 300 842
872 844 172 547 617 50 518 792
740 868 383 742 207 933 568 1087
186 780 1036 573 1179 112 334 738
636 257 963 135 103 443 1025 279
576 375 539 403 921 247 411 178
224 616 1128 1154 623 714 325 1238
102 399 712 396 1174 211 979 573
144 7 1075 125 772 797 1033 1121
736 18 129 239 61 1113 165 1099
325 901 224 778 1055 447 234 1126
224 190 933 871 506 809 368 731
305 617 938 1086 1145 43 365 1003
180 1052 497 58 923 409 418 285
591 883 598 44 1068 967 23 669
906 757 502 617 718 626 313 962
913 748 928 1029 464 833 610 642
1011 62 881 724 557 550 507 492
93 598 1058 1147 4 565 612 1188
817 598 379 341 3 208 59 1022
686 921 1087 1144 338 356 778 327
624 831 64 616 677 759 1094 1083
510 698 1230 1068 829 888 996 149
854 758 675 1051 756 71 420 394
1071 116 99 395 85 716 917 1055
958 423 394 213 338 105 733 658
573 183 741 693 1059 5 860 974
1124 91 826 343 248 1007 47 1193
847 1187 761 772 1106 402 1124 1108
783 69 682 710 756 117 14 1007
553 353 974 1228 528 669 765 1138
604 1234 744 35 671 659 488 1057
853 121 667 1117 257 732 801 688
197 31 188 1234 114 1179 1056 227
305 668 712 353 394 351 427 981
465 96 597 961 1206 78 480 1040
81 55 909 1196 511 916 131 567
745 406 189 818 404 248 1049 698
623 1245 569 952 905 203 257 43
230 726 359 126 559 773 939 615
403 218 1052 628 1077 668 321 250
1017 663 747 863 49 621 730 77
1019 1032 960 850 729 1026 777 1231
673 746 725 1127 1210 442 1152 930
120 517 838 922 989 1240 439 140
80 1032 1038 527 823 407 700 723
1013 305 389 154 520 935 746 464
1019 605 860 919 215 391 509 97
1020 441 1181 108 772 282 286 773
939 190 797 656 1013 875 310 404
940 509 1018 999 171 501 215 423
179 338 619 1051 613 4 837 1005
737 689 713 304 273 644 337 299
1072 861 914 600 412 1148 389 928
86 221 665 804 466 401 513 149
126 327 396 156 2 339 728 1009
743 1238 439 575 372 171 1059 472
1217 1020 346 1143 601 454 76 927
924 216 80 1051 345 969 993 930
648 983 352 1157 1012 1034 181 852
580 559 898 877 294 625 242 963
276 536 282 951 1024 456 339 993
601 26 1198 469 104 372 1039 229
901 303 1198 182 842 1130 722 988
749 98 218 671 632 477 546 989
250 86 45 345 518 720 1005 550
291 228 584 38 235 690 1021 1061
580 1127 882 451 166 526 187 639
1078 231 1066 258 33 1051 398 1060
648 493 44 1205 425 1079 802 146
665 642 533 1109 937 54 4 51
54 287 1135 161 771 169 763 729
175 526 730 1220 685 920 1072 992
92 818 1123 226 988 559 886 530
679 291 174 1113 21 836 576 861
787 178 547 886 228 278 1037 879
355 210 413 329 1234 523 538 996
13 44 967 926 931 762 340 1052
1232 1103 480 62 552 412 571 1123
803 1139 1176 1197 332 43 55 92
950 1074 1101 172 495 573 576 163
363 451 78 56 703 388 301 93
101 971 546 116 1160 967 353 1008
1249 321 562 604 577 1034 1098 476
845 1235 882 502 468 1113 597 118
670 1060 546 161 879 134 639 195
738 229 312 479 790 724 204 296
953 1202 1132 17 370 544 982 797
158 851 646 224 1050 1132 494 467
819 694 379 1126 390 985 431 344
294 1160 899 653 372 830 170 1123
1210 678 473 1120 889 801 549 1219
555 272 626 320 494 82 192 828
147 1088 896 1242 721 557 176 762
681 1055 641 774 75 498 214 701
833 694 675 177 202 1147 233 1027
1231 281 524 322 1179 270 930 751
146 55 372 891 480 310 1028 1105
1186 760 160 500 406 518 150 297
881 734 935 887 506 141 601 664
292 874 104 76 807 40 764 632
1238 558 745 1228 420 619 1152 822
271 320 249 1085 255 478 244 118
902 66 798 1187 674 379 946 1139
123 849 950 754 690 847 409 622
844 647 5 716 636 518 303 12
606 588 420 130 283 378 372 170
359 163 467 744 806 1218 166 89
1083 1004 542 1145 619 1127 10 267
1160 661 1108 256 183 241 1154 157
496 1201 681 969 1132 460 358 335
746 860 1163 372 141 545 261 612
326 156 938 866 1081 1210 401 421
1109 643 471 280 619 1012 534 1116
