156 64 156
29 104 122 93 114 102 62 151 145 125 155 109 97 116 62 72 83 122 60 109 125 19 14 101 80 125 76 155 123 128 123 57 7 154 36 60 123 36 19 89 12 3 29 36 145 66 9 13 132 26 97 89 4 95 92 19 86 140 33 89 55 5 102 119
148 71 119 10 75 47 27 30 4 109 92 63 55 28 2 156 3 123 84 10 60 13 5 93 125 97 61 123 122 21 71 78 75 156 150 4 27 154 90 62 122 33 33 127 127 52 28 155 113 109 156 104 78 123 29 93 47 3 27 125 25 109 21 25
30 87 45 150 85 52 125 60 150 143 4 76 10 123 29 123 19 83 123 151 125 19 109 150 61 104 40 90 125 6 89 81 123 30 114 140 156 119 47 41 62 36 6 49 128 133 89 6 3 128 55 104 57 12 156 90 109 128 85 123 3 88 3 155
14 66 3 133 96 136 150 123 3 60 63 6 80 134 95 85 32 109 155 104 19 86 151 125 143 104 13 119 83 89 143 156 95 41 7 60 92 95 156 2 118 87 94 109 145 145 106 27 97 86 119 29 101 47 80 78 2 145 118 13 156 151 60 6
75 140 63 60 150 6 114 151 47 123 6 116 85 19 30 140 46 21 129 62 106 109 116 143 102 60 81 55 46 80 72 156 59 114 46 148 29 4 155 140 136 80 62 40 47 156 128 75 3 76 42 155 7 3 89 52 92 58 143 84 30 150 49 27
119 71 57 106 89 148 87 151 133 89 84 118 10 156 62 71 129 133 101 6 116 151 41 132 76 148 78 2 6 101 90 41 58 62 125 41 41 108 49 86 41 84 76 82 92 72 89 60 5 92 151 125 106 60 30 29 21 6 3 96 156 78 151 129
84 47 116 95 113 28 52 143 93 90 104 85 62 104 13 125 143 122 66 96 123 86 102 41 129 19 26 3 27 83 55 28 156 58 119 109 14 33 66 92 3 76 90 30 55 27 26 41 87 7 151 140 2 102 76 57 52 102 14 125 101 114 29 109
89 10 89 3 6 122 40 127 19 156 89 4 89 125 4 123 71 118 122 128 13 88 6 94 4 102 84 62 154 90 95 60 113 6 100 4 6 42 129 96 85 89 155 140 32 156 143 97 97 3 9 9 82 125 87 41 85 25 125 125 89 13 109 101
125 13 125 30 60 2 143 32 59 30 7 106 12 156 123 2 101 125 114 123 121 155 88 101 122 119 87 151 90 42 33 12 72 150 104 151 66 109 89 60 25 27 30 84 2 75 109 60 78 125 104 145 60 133 154 116 121 129 21 145 30 94 143 145
62 60 134 49 101 27 14 28 57 129 97 80 45 89 13 96 60 21 29 36 26 109 28 21 59 21 13 60 7 62 119 89 78 12 145 58 148 75 95 133 151 128 151 89 36 6 123 3 122 100 128 150 87 133 92 114 3 136 60 127 108 61 109 7
109 6 28 60 155 145 45 6 155 119 63 151 62 66 2 60 78 136 14 133 143 46 40 101 84 114 92 80 42 80 13 123 6 76 109 60 2 60 96 121 36 59 4 143 104 57 128 109 6 78 29 12 109 121 151 12 89 125 76 143 155 125 154 62
76 10 29 5 155 151 81 84 10 33 109 109 133 47 76 57 116 2 156 49 86 89 148 29 143 41 10 2 78 27 125 87 19 143 21 7 97 106 93 128 127 154 53 92 26 108 80 123 60 89 26 36 95 12 140 36 80 14 145 89 128 102 9 122
133 151 7 40 125 57 58 30 78 156 60 151 14 154 12 122 136 100 72 62 109 5 58 145 114 75 83 85 119 85 66 36 156 140 123 128 3 60 47 66 101 108 21 123 71 32 81 92 6 83 114 62 82 21 109 9 19 92 2 9 63 125 95 90
85 2 80 42 60 85 143 42 140 150 145 95 60 104 151 154 151 93 101 90 5 60 155 57 46 101 57 101 21 92 123 13 87 89 150 125 28 27 5 86 92 78 123 41 27 125 13 62 36 106 143 19 155 127 45 155 29 80 90 32 125 86 121 62
6 89 113 106 62 76 101 21 12 45 151 83 104 41 42 87 151 155 86 76 76 7 71 5 5 9 154 128 148 21 41 140 92 12 97 60 113 140 2 104 156 93 113 58 104 66 28 60 104 47 3 71 28 33 122 97 143 87 60 101 138 6 133 151
27 104 53 9 125 121 123 60 86 87 75 116 155 140 61 143 90 85 27 80 102 104 41 92 32 156 87 86 155 46 90 128 125 101 129 86 6 30 109 133 2 127 116 62 21 45 81 123 101 83 155 13 128 140 136 89 138 5 80 145 100 36 95 80
86 136 4 89 101 89 4 6 86 4 72 122 113 81 60 2 88 132 125 29 49 154 156 4 156 114 72 128 125 123 41 125 3 72 89 86 75 140 95 101 2 47 86 123 2 30 83 46 32 125 113 60 101 156 125 92 62 80 33 19 123 140 92 123
128 156 109 60 93 93 122 138 75 150 93 41 85 94 61 145 90 129 47 63 80 143 145 104 14 60 97 85 94 80 2 100 119 145 60 89 128 119 49 123 13 13 156 129 156 5 6 53 60 123 136 28 63 12 80 140 21 52 62 87 121 108 145 119
93 156 118 156 76 86 109 80 143 27 27 140 156 40 97 155 60 84 92 145 96 133 140 62 83 121 36 42 92 80 66 63 132 33 92 122 6 60 29 151 52 75 100 129 27 4 128 71 86 104 90 123 13 84 123 61 19 145 9 62 30 125 140 27
138 19 47 114 123 102 75 52 10 36 96 104 85 136 27 150 96 88 63 134 100 109 58 76 86 89 27 83 59 30 60 21 119 151 123 109 60 125 101 30 145 49 60 92 30 2 7 75 66 87 60 76 138 29 109 143 109 30 46 82 129 45 26 101
4 36 61 156 129 133 75 6 3 4 29 134 134 93 143 71 29 97 136 92 134 75 40 6 87 6 85 143 76 36 27 60 104 86 57 62 108 104 75 125 95 7 3 76 45 123 140 84 21 123 101 143 60 60 62 128 75 143 97 21 86 88 84 84
128 95 45 145 143 109 42 60 109 26 7 12 102 58 121 154 148 92 75 4 108 118 6 47 97 150 55 66 21 94 122 151 72 156 84 129 101 76 66 46 156 134 118 156 87 89 60 26 89 145 156 49 62 86 21 12 122 84 125 76 129 90 86 81
41 155 72 81 93 97 36 143 32 13 30 109 41 61 71 109 133 109 101 86 27 95 33 123 88 106 123 150 75 125 13 13 5 123 86 21 129 114 72 118 155 10 52 156 80 49 108 21 84 28 21 84 96 138 123 62 41 13 75 2 133 75 19 101
63 101 63 138 76 92 60 92 5 27 85 19 102 59 89 89 119 97 93 145 114 94 94 76 21 87 30 133 66 154 125 104 90 113 96 60 6 143 49 85 82 53 59 62 84 82 27 62 45 78 128 87 109 90 3 59 19 95 6 60 145 156 90 30
3 62 92 154 125 41 60 150 123 155 72 145 143 12 134 123 125 123 143 46 63 6 45 19 3 60 145 63 52 6 145 151 53 96 113 123 92 132 155 94 80 138 82 60 32 32 2 6 148 96 88 40 93 6 27 83 123 86 41 61 27 45 62 75
6 13 2 96 30 42 109 154 75 156 82 58 97 89 3 143 82 84 89 72 90 92 80 83 33 87 10 86 125 145 151 145 101 58 95 143 62 60 87 87 52 143 41 108 145 36 36 145 143 81 128 81 13 123 151 41 143 94 86 127 62 72 81 14
84 63 108 155 80 61 40 104 109 143 62 118 47 13 19 80 108 125 121 75 93 104 82 66 93 97 27 102 81 46 80 60 150 109 145 129 32 101 94 140 49 109 104 156 132 89 46 133 119 57 80 92 109 101 109 75 87 26 127 125 6 9 30 128
129 55 116 90 119 36 104 3 6 145 151 150 42 63 6 140 145 60 102 143 92 12 129 156 29 101 140 80 55 75 94 33 134 58 116 3 66 62 5 148 127 145 122 28 125 90 123 62 136 122 78 4 90 156 151 123 86 143 30 2 125 41 4 86
114 29 4 14 13 127 13 84 36 155 55 90 93 19 156 4 125 154 55 88 25 84 86 101 19 140 143 90 109 138 75 151 3 5 123 6 88 155 53 89 94 145 75 4 27 156 61 80 59 80 156 21 47 60 101 49 36 125 66 40 143 9 86 128
28 14 7 155 102 62 89 156 155 9 151 92 61 40 3 89 119 155 143 96 3 123 156 27 122 92 75 29 29 94 53 125 72 123 114 13 155 92 29 128 127 136 27 140 90 14 140 21 102 134 30 109 128 75 122 148 143 82 75 95 148 62 6 123
12 100 76 145 60 114 127 156 41 97 121 145 118 36 4 128 52 78 132 40 154 108 127 26 93 27 4 12 97 21 97 129 95 155 47 27 82 93 96 7 59 97 104 42 93 129 21 89 6 143 53 81 62 81 125 133 75 134 36 129 62 46 104 30
25 42 113 123 109 156 143 5 5 156 109 109 83 84 145 92 104 89 30 72 49 75 93 33 155 156 2 151 133 45 155 83 148 14 75 75 128 95 42 41 89 89 155 156 29 89 128 136 90 55 133 114 80 151 28 21 92 72 29 4 10 21 136 93
134 128 138 125 36 104 27 109 45 104 58 52 3 75 62 93 101 78 125 19 75 41 123 4 132 87 53 80 150 3 143 40 6 89 132 123 60 82 118 102 26 104 113 123 75 106 109 138 88 60 25 90 116 62 151 97 76 61 27 101 94 109 63 76
104 90 151 85 90 125 127 41 71 102 116 136 90 101 114 89 76 100 49 27 133 32 60 156 123 106 13 143 85 41 26 28 28 134 13 119 42 87 36 128 28 95 123 76 2 47 138 6 82 41 3 59 42 140 145 100 88 123 62 6 58 109 29 32
118 13 46 97 62 138 136 13 118 41 2 150 75 104 60 21 101 132 122 125 122 76 62 82 2 29 75 123 154 30 132 3 42 41 143 19 33 109 83 109 36 95 104 86 108 132 123 60 116 89 109 140 41 125 42 143 129 86 84 62 2 138 156 13
109 63 123 30 84 57 29 145 75 2 145 151 104 143 101 47 2 85 75 76 93 52 21 53 14 155 155 123 102 85 26 53 14 150 27 83 148 76 25 62 108 13 129 36 3 62 84 140 132 66 90 3 109 21 71 104 89 42 61 26 92 88 143 128
78 143 95 109 140 116 60 93 10 47 60 125 93 6 109 156 145 81 121 143 148 21 14 154 88 93 132 108 156 145 28 129 101 59 114 27 52 87 47 122 92 97 140 14 97 80 156 28 87 156 138 132 100 45 143 29 106 6 3 13 93 148 89 6
4 60 6 92 133 140 106 94 93 95 25 2 3 123 19 95 10 60 61 81 32 29 71 14 36 84 145 71 30 143 71 113 60 14 90 151 60 151 122 59 90 6 121 95 75 96 125 62 122 136 150 27 89 123 119 86 76 140 93 92 33 109 59 123
118 53 140 118 36 60 125 6 60 29 89 30 133 26 90 145 60 3 138 88 86 86 109 61 78 109 93 60 60 150 93 134 150 104 145 128 125 156 101 28 89 150 36 97 59 109 109 128 55 140 26 59 86 53 140 52 122 89 85 57 45 129 143 87
101 2 62 89 113 61 87 109 121 3 151 133 71 41 13 151 104 28 53 155 29 92 2 3 121 123 62 60 123 19 88 129 45 53 87 49 55 104 143 5 108 14 62 128 21 138 41 133 59 3 6 6 76 62 84 128 134 87 25 41 156 156 41 47
90 109 3 80 104 93 136 26 10 121 27 29 156 113 60 151 109 125 72 138 129 80 29 104 122 27 108 143 12 6 154 47 87 27 81 155 82 136 143 145 6 21 86 12 3 32 93 114 75 133 75 42 13 151 41 21 28 128 156 12 3 62 145 66
132 97 109 71 33 13 52 6 155 21 76 113 101 156 100 85 62 90 42 3 129 129 32 156 118 109 42 97 145 9 60 123 27 127 89 156 101 62 7 106 81 88 119 95 3 128 76 46 96 60 88 6 28 87 118 36 85 145 6 6 84 109 134 123
90 156 42 94 128 60 58 25 3 41 2 4 97 32 81 41 45 114 125 6 123 6 36 19 4 94 3 55 45 109 100 125 41 87 47 125 4 21 155 150 71 123 10 136 60 84 85 32 86 41 92 13 90 121 123 29 143 29 41 101 97 27 41 3
2 10 138 6 145 134 123 109 155 90 132 109 7 62 140 4 136 125 66 128 62 80 29 78 75 121 119 60 63 136 154 80 40 89 41 3 41 109 46 128 125 60 75 89 145 129 145 78 133 84 101 29 62 118 104 106 71 78 96 104 90 21 84 125
145 87 156 40 49 156 33 53 121 58 114 150 3 151 62 41 89 86 90 27 87 125 80 123 62 133 10 21 63 86 55 121 100 101 59 60 132 92 42 80 21 80 156 36 92 3 100 123 45 36 90 138 151 4 49 76 81 155 55 119 45 106 148 94
123 89 27 80 29 95 4 101 71 55 93 29 2 96 10 41 125 127 123 143 86 156 83 59 13 41 132 156 19 42 3 100 49 125 143 41 62 60 78 156 140 92 140 13 136 13 145 27 30 9 109 145 62 129 71 97 106 53 84 3 84 60 123 28
75 97 106 60 6 154 45 6 62 33 140 143 29 143 3 2 104 6 62 7 87 47 21 75 87 82 104 155 5 123 6 19 57 5 132 154 86 45 84 109 127 127 19 123 123 92 151 85 143 3 32 145 41 5 90 60 128 7 60 12 29 128 143 134
156 101 49 9 62 95 13 90 151 156 3 125 97 90 97 13 60 84 150 122 21 9 90 108 95 145 151 30 76 89 96 106 136 7 104 36 9 123 6 76 28 90 6 29 29 143 109 97 140 155 87 52 49 82 89 42 27 2 94 108 123 30 9 104
96 42 12 102 29 55 2 122 49 55 2 60 60 76 104 83 134 84 32 76 101 9 101 151 71 140 101 21 75 151 150 9 97 41 148 143 55 116 109 36 42 3 7 113 82 129 143 125 32 101 19 12 148 9 33 2 88 25 106 4 2 129 55 3
101 104 122 29 5 41 125 109 122 128 76 89 29 32 28 32 106 85 60 143 134 150 80 125 128 52 122 109 143 13 6 7 62 5 29 59 132 143 80 3 145 27 41 60 19 145 140 154 2 145 32 155 27 75 58 10 80 154 19 19 75 78 80 28
123 125 121 26 100 13 155 109 87 95 55 148 10 125 96 90 52 95 116 92 12 58 59 82 83 42 92 30 121 154 30 104 36 143 86 57 46 86 49 109 86 26 155 84 108 60 125 30 75 6 128 121 92 156 94 30 143 53 80 87 125 93 57 60
88 104 129 136 116 36 10 9 122 109 57 27 60 116 2 2 7 6 30 80 2 114 10 101 132 76 127 80 123 2 113 156 85 102 66 4 94 143 90 2 83 57 41 46 156 125 129 155 90 143 90 6 101 45 93 13 156 101 6 57 41 143 155 76
129 76 102 86 123 150 6 76 19 76 93 19 140 4 125 13 89 90 114 36 140 4 101 25 143 2 88 109 109 21 62 52 25 92 57 60 85 140 13 145 108 3 156 145 21 62 3 60 93 41 95 140 97 90 94 41 28 123 83 19 92 60 101 125
97 119 143 134 2 80 145 5 30 41 155 93 66 145 108 47 93 140 101 101 109 41 84 6 87 104 145 116 10 101 76 108 102 145 66 21 133 122 104 75 119 80 118 150 27 47 92 94 101 140 127 27 95 36 145 49 109 154 90 40 143 6 2 140
87 156 21 127 32 87 4 143 60 82 123 55 119 87 101 7 95 125 123 72 2 19 104 123 13 75 134 45 4 10 125 62 3 45 143 41 156 84 92 86 145 136 84 143 60 66 94 133 3 108 78 82 41 6 96 76 145 29 122 32 2 92 128 109
93 87 108 101 92 151 129 148 72 125 150 87 123 10 6 27 86 32 29 78 25 19 154 76 138 89 89 132 25 143 36 93 6 49 125 29 81 155 84 60 52 123 125 4 104 80 150 143 132 143 6 10 47 145 58 90 13 80 46 88 106 49 4 60
123 36 134 81 156 150 89 62 102 151 148 42 29 97 136 102 82 123 30 32 53 123 125 60 83 87 93 140 122 41 95 93 106 97 109 121 7 25 6 60 101 52 75 10 101 84 71 145 136 88 84 60 58 80 7 71 75 85 41 83 122 7 2 21
97 125 86 40 125 104 116 97 62 46 26 88 62 155 40 75 143 62 4 36 118 89 150 3 61 7 125 123 133 76 143 33 145 145 75 29 156 113 72 106 116 60 123 2 29 78 109 97 36 90 72 57 92 3 155 140 62 138 154 27 62 46 104 133
109 80 101 29 134 87 119 42 21 49 46 52 106 133 57 143 3 143 106 19 87 133 6 60 58 118 145 123 86 90 26 30 156 89 42 89 62 92 3 13 72 104 76 133 84 127 3 81 89 140 12 32 143 101 119 148 75 60 123 78 143 150 13 156
3 155 106 128 125 29 19 41 97 47 13 87 123 30 36 92 123 150 101 123 97 10 55 145 76 125 59 104 92 33 95 30 30 113 53 123 150 2 82 93 86 145 58 94 86 102 60 90 104 143 95 125 25 13 6 60 101 150 3 78 46 66 155 136
87 87 122 6 108 133 95 84 116 123 133 154 14 30 53 7 5 32 81 133 143 148 145 14 60 36 154 36 104 40 125 136 25 53 122 45 151 127 93 53 145 60 109 41 127 76 125 72 6 123 143 155 10 88 75 36 123 89 109 41 52 125 155 145
60 40 84 57 134 81 21 30 47 33 3 155 4 100 58 127 4 7 60 151 32 129 63 93 100 3 78 84 27 49 94 88 128 95 14 58 13 4 12 143 87 109 97 6 41 5 28 100 36 3 86 134 33 145 118 49 45 59 3 27 122 140 145 27
128 86 156 93 59 116 89 122 21 109 95 136 100 10 60 143 106 42 5 151 155 5 76 93 60 106 106 4 148 4 145 27 125 9 62 150 3 132 108 29 13 128 151 148 87 60 93 123 90 72 143 72 26 125 58 86 125 21 133 52 156 21 3 148
123 94 60 150 80 30 95 92 12 7 36 58 49 58 89 122 63 95 62 62 27 6 25 122 60 129 101 106 97 41 60 89 19 155 10 123 134 32 12 27 102 2 123 100 49 101 96 29 122 14 75 156 125 87 151 60 140 97 129 156 12 19 156 143
10 71 41 2 128 40 4 14 13 52 140 29 125 2 97 30 93 72 3 75 2 2 78 53 134 13 3 93 55 60 122 82 6 49 100 87 28 143 21 92 150 156 84 62 108 125 101 143 61 76 145 21 66 30 62 92 133 92 101 123 118 87 129 30
46 123 72 101 122 109 116 28 76 32 49 6 125 32 10 97 92 52 27 9 62 71 41 62 60 30 86 30 2 123 6 6 97 6 63 36 127 125 125 58 94 59 62 3 75 40 145 12 41 101 128 30 82 60 129 83 119 118 2 6 156 6 14 29
90 89 125 82 13 21 45 90 92 156 93 29 19 60 95 2 42 30 127 3 100 9 129 30 25 101 125 5 86 150 4 134 76 80 28 60 13 145 143 95 89 125 33 62 46 118 109 143 143 10 71 145 101 129 89 62 33 47 156 2 100 123 42 154
25 95 143 72 95 61 32 52 84 40 30 7 132 62 13 75 76 72 62 33 145 93 59 45 92 6 5 2 63 143 97 92 41 72 80 85 47 128 60 96 47 145 102 9 97 29 140 87 29 132 33 143 90 114 143 83 87 156 76 136 114 30 60 9
60 101 145 40 129 121 150 156 101 62 97 52 101 27 52 143 41 33 123 101 123 36 123 36 145 93 6 30 118 57 62 150 62 89 143 150 7 9 101 145 60 114 60 116 109 123 62 19 133 123 104 36 2 118 87 123 63 136 41 125 119 138 123 109
145 59 55 27 46 25 96 13 154 53 125 76 118 132 154 121 81 119 76 19 100 109 123 151 140 151 29 116 133 129 25 57 2 62 27 25 41 33 140 62 155 4 95 87 45 148 40 32 29 3 145 104 75 133 81 145 90 12 93 106 60 100 60 2
60 143 84 125 97 87 121 13 19 101 109 90 145 128 148 6 30 156 62 61 155 101 89 121 155 129 84 122 156 155 66 19 150 89 6 155 138 109 58 52 148 125 133 62 10 133 88 12 128 26 19 113 25 109 53 109 78 19 52 90 61 88 4 89
55 129 89 116 102 19 143 13 109 127 29 76 13 114 100 148 106 2 93 80 95 145 4 151 143 71 90 125 84 60 75 75 47 88 21 104 81 41 92 89 61 109 14 3 60 127 75 81 13 113 85 46 113 75 4 156 80 29 75 109 82 106 86 150
101 145 108 114 113 76 102 156 143 60 114 71 60 145 14 19 63 95 57 113 143 3 86 122 28 109 101 36 85 52 104 76 83 14 93 155 6 89 83 60 121 108 26 128 32 86 76 92 116 30 96 89 12 4 123 148 125 2 76 5 80 133 136 109
104 127 5 45 60 154 155 13 125 109 156 41 145 29 6 122 140 7 93 66 125 60 87 26 122 49 82 101 61 89 13 143 27 84 97 127 114 19 78 5 47 4 76 109 42 63 2 104 134 29 104 140 4 3 101 61 46 151 27 78 66 21 155 95
101 87 3 76 118 95 127 143 3 66 151 145 156 116 123 104 106 30 29 92 140 3 86 42 66 138 128 36 5 25 95 96 96 136 80 138 62 53 148 95 93 82 52 116 6 60 136 138 95 60 132 96 26 148 90 19 6 134 3 30 57 86 83 109
30 138 75 129 14 125 33 104 84 89 143 123 27 119 87 92 41 59 14 123 6 109 29 145 156 86 55 2 21 26 5 6 88 3 80 151 109 9 82 122 129 133 93 62 89 90 94 128 19 108 82 27 95 93 109 62 136 27 84 133 72 60 109 145
96 92 27 143 14 92 87 60 13 125 90 62 55 6 60 155 86 46 89 123 109 123 76 143 13 60 129 133 4 93 60 97 80 55 116 151 55 89 60 156 21 84 75 97 154 148 27 143 28 143 89 26 26 155 122 140 78 92 133 87 41 41 129 30
27 109 102 3 21 86 2 62 81 52 6 42 113 32 102 87 143 140 156 89 29 14 45 19 109 125 80 58 76 62 60 108 145 13 41 28 41 6 7 109 109 13 89 62 71 128 61 156 61 47 143 13 52 7 25 119 2 125 49 60 29 7 100 75
62 57 145 113 97 109 59 145 128 123 156 60 133 123 60 72 95 60 83 156 156 14 101 134 127 155 13 156 21 122 60 3 72 36 19 143 6 60 133 101 155 145 145 132 80 104 21 125 26 62 41 89 97 3 101 148 89 76 92 145 4 41 138 104
82 78 84 100 30 83 3 29 125 145 21 125 29 55 125 4 62 75 93 86 58 27 151 3 96 30 36 84 13 30 66 119 151 134 143 116 19 102 125 40 14 88 113 114 125 132 6 12 87 27 102 101 145 122 86 78 156 66 102 134 128 118 75 133
86 78 2 55 60 85 100 93 33 27 145 88 3 84 59 13 140 4 6 154 52 119 95 81 145 60 101 4 57 2 57 156 95 101 133 12 58 129 151 2 26 66 60 47 122 89 75 119 123 95 83 53 109 60 122 82 40 57 3 125 148 4 41 143
109 129 3 12 97 154 97 109 104 60 114 118 4 155 62 95 89 60 96 143 10 19 118 104 72 104 80 102 133 80 3 129 155 55 132 25 92 138 123 125 148 28 93 3 114 29 118 27 6 13 81 27 129 92 156 133 83 100 108 87 119 122 6 136
129 3 97 19 125 156 118 89 55 121 140 155 62 100 14 41 127 145 150 156 100 19 53 41 82 21 151 63 127 30 106 101 109 106 97 155 81 89 143 83 59 138 30 59 123 129 133 125 9 123 30 88 125 75 95 29 93 55 109 86 59 9 90 118
145 75 30 63 122 60 27 57 125 60 26 63 36 6 125 41 156 92 100 80 57 63 86 89 145 150 6 6 101 143 30 4 127 6 88 41 87 10 84 119 140 84 119 125 155 94 40 3 145 123 108 128 76 60 4 45 41 4 47 154 101 93 86 3
96 97 94 123 6 118 2 29 90 150 93 58 6 89 41 57 25 60 27 29 94 155 41 78 41 129 33 116 76 125 33 26 62 66 93 27 145 129 6 151 84 3 57 21 128 60 108 125 140 49 89 10 62 55 81 32 47 156 89 90 4 26 109 145
156 138 3 122 123 95 86 134 30 125 52 133 25 62 78 96 96 55 109 156 128 62 106 94 3 60 10 129 143 72 66 85 96 57 154 29 87 133 72 84 140 3 156 13 90 94 109 59 118 89 61 104 2 46 10 148 133 84 41 92 96 94 33 60
123 154 151 28 41 62 41 93 109 108 29 62 154 71 101 151 52 140 136 42 60 145 21 101 140 80 3 87 113 25 32 75 60 57 90 101 6 75 86 2 80 76 60 88 132 108 12 101 46 19 140 89 129 138 88 101 76 47 28 75 145 6 132 143
62 116 129 41 28 58 82 123 60 36 83 114 140 80 145 83 133 60 93 66 138 60 29 60 88 84 29 132 133 121 66 86 45 133 143 125 28 109 53 151 121 3 41 19 156 140 60 60 101 150 123 60 28 87 109 14 60 134 62 6 109 32 25 45
89 3 128 40 2 62 80 150 76 32 75 76 86 109 129 13 97 58 45 61 60 75 104 156 121 83 151 106 60 123 25 138 3 150 95 86 109 145 114 62 87 86 86 3 150 75 7 109 122 41 122 143 148 12 60 128 71 145 26 150 26 101 100 118
154 19 52 155 89 57 75 127 118 151 122 83 150 78 125 97 26 33 85 133 125 102 83 101 33 3 62 101 76 45 93 143 12 123 118 28 71 101 125 28 40 121 136 123 3 90 88 85 87 93 125 89 72 21 60 9 29 6 62 21 101 155 60 97
123 119 156 119 92 113 3 101 76 29 71 140 97 109 100 156 3 140 104 97 90 3 87 30 82 71 84 106 58 81 127 9 71 104 41 129 27 25 13 140 151 114 3 155 95 71 89 134 129 132 42 96 123 66 4 95 32 13 78 86 61 145 109 140
57 49 102 29 36 3 97 122 46 106 125 46 109 26 109 55 26 2 93 80 140 41 60 60 85 3 12 19 123 151 133 90 28 41 41 125 55 36 101 75 155 123 62 6 82 125 122 2 129 123 101 108 154 87 133 47 86 102 156 123 87 40 128 100
60 156 80 119 63 84 62 143 32 60 140 122 86 133 97 30 122 71 101 154 45 101 143 123 151 154 41 116 3 21 109 136 59 109 63 6 36 26 21 75 89 123 47 9 57 59 41 93 89 122 36 52 145 62 109 5 86 88 129 93 148 83 143 102
53 123 53 93 4 106 92 25 145 151 72 30 133 58 83 81 5 84 104 97 28 83 63 95 125 90 80 113 80 151 55 125 128 129 109 114 102 25 128 156 72 114 104 102 52 13 127 114 6 45 134 129 21 89 92 30 19 87 114 60 49 21 123 84
87 95 13 109 138 76 36 125 30 150 83 92 143 2 87 100 4 88 21 84 41 46 26 116 3 53 95 156 118 151 84 80 72 156 95 108 84 101 96 13 122 129 41 4 140 19 3 89 101 6 113 143 125 21 109 106 19 143 140 89 4 155 13 122
104 5 86 109 28 116 134 2 101 93 155 60 95 21 62 145 62 27 62 145 42 47 121 60 134 47 95 53 109 60 87 145 108 42 30 12 90 106 6 151 41 143 154 29 63 7 72 86 41 83 134 128 145 93 41 156 60 25 151 53 109 90 156 113
90 113 100 80 128 10 102 101 53 80 30 100 25 62 102 121 41 66 10 128 36 60 101 60 57 102 150 33 101 55 57 3 104 89 156 109 104 97 114 66 133 5 109 123 14 87 125 116 150 136 151 49 143 66 150 36 13 143 113 108 106 128 6 100
6 62 66 13 82 95 6 87 129 86 104 6 150 30 40 92 109 4 127 85 97 151 113 109 62 60 143 89 55 29 83 52 114 40 19 143 143 123 113 83 6 30 90 30 85 2 75 72 6 104 19 122 121 5 122 9 109 132 84 155 14 14 127 53
62 72 63 53 118 4 151 60 95 89 125 59 9 151 7 154 58 36 113 125 58 93 4 106 145 12 150 94 155 80 49 101 60 143 90 4 97 122 156 96 4 62 95 101 113 101 102 5 41 26 13 106 155 29 100 102 133 27 90 71 78 12 86 33
104 5 9 125 133 21 90 104 156 36 101 4 109 27 136 123 109 10 42 125 133 143 92 109 82 76 140 119 138 80 87 143 4 129 86 116 76 123 155 19 93 63 125 3 136 95 102 84 26 60 123 113 81 143 93 21 133 78 96 101 30 60 30 89
59 29 109 109 122 28 128 123 118 62 29 41 143 78 36 148 129 125 125 129 151 148 97 150 19 116 66 87 84 100 123 62 62 60 156 113 119 89 49 33 3 63 60 26 125 57 10 96 2 151 143 155 127 83 88 13 109 71 94 109 136 140 13 89
119 145 129 96 92 140 27 129 87 133 154 127 150 76 155 145 28 145 41 154 40 3 25 61 87 29 95 95 133 94 19 93 45 121 19 2 33 101 33 86 88 156 21 116 52 129 55 140 123 25 86 53 13 155 122 109 143 138 140 19 150 36 52 118
41 60 94 123 123 140 41 128 40 84 78 27 61 36 123 104 12 40 109 90 93 3 143 82 62 46 118 13 89 83 3 95 88 75 41 108 156 66 36 133 122 6 7 156 26 49 95 47 106 72 156 97 42 123 151 30 4 47 75 125 125 125 76 128
128 60 125 143 93 90 75 42 155 89 6 12 80 57 46 155 33 88 12 143 145 63 10 12 121 60 76 127 101 63 4 145 133 122 78 80 76 121 27 19 52 5 121 106 123 123 60 27 58 90 102 6 155 123 55 27 101 150 125 30 123 145 13 27
93 119 97 101 19 60 36 59 128 128 61 53 116 72 145 85 3 9 109 46 156 145 61 84 81 78 13 86 155 33 82 41 143 148 36 125 62 156 134 87 32 47 30 41 140 114 90 148 3 5 145 84 125 151 6 30 128 118 129 33 27 156 156 87
125 102 123 80 90 63 101 138 89 46 89 129 14 2 121 89 93 46 145 125 156 90 116 129 41 93 84 4 2 3 145 80 109 95 57 9 122 114 82 129 109 122 113 143 45 30 150 125 122 25 109 150 104 61 19 138 122 87 60 125 154 82 109 143
133 75 75 42 41 132 19 61 106 125 4 151 59 14 28 60 63 150 61 109 60 63 41 13 36 125 46 55 133 132 116 148 3 55 76 30 143 87 72 156 7 140 36 125 129 143 154 140 122 123 145 26 6 97 134 116 36 27 3 52 89 27 19 45
129 33 156 89 41 84 80 108 88 41 90 62 100 93 155 30 2 109 102 86 76 19 36 101 128 83 145 140 109 100 89 133 104 57 145 138 119 145 97 143 60 29 4 129 125 140 76 6 33 62 41 93 12 129 32 78 3 62 89 109 140 138 121 60
63 36 143 41 128 104 129 84 155 138 93 95 89 125 19 21 13 2 128 83 128 143 145 93 133 9 143 101 66 88 60 123 125 36 125 26 36 87 155 123 60 123 89 95 32 125 132 60 151 125 60 123 36 9 140 95 93 45 95 80 78 62 95 5
30 84 125 3 25 125 60 3 80 85 12 86 85 59 76 143 109 133 90 122 89 156 104 60 143 86 85 62 76 156 46 143 128 87 58 101 119 123 128 75 19 143 66 101 4 104 128 95 72 150 26 128 84 81 36 6 134 123 80 133 21 151 29 75
36 145 89 150 114 76 80 41 4 12 150 151 59 29 47 62 71 132 53 128 83 63 104 13 148 109 87 19 133 27 145 114 36 21 133 21 102 72 89 92 89 84 114 29 123 122 3 93 80 134 36 125 109 27 61 2 125 133 46 41 19 41 92 92
102 143 19 96 89 132 136 60 78 109 82 6 29 94 89 87 148 36 60 122 140 125 40 19 138 59 143 108 90 101 28 2 143 150 95 29 97 47 93 55 71 32 109 95 72 150 45 140 47 148 90 123 47 21 62 101 155 95 58 45 6 3 81 104
87 136 136 47 154 41 63 60 46 150 49 150 76 95 102 122 95 156 97 128 104 80 59 93 13 122 40 45 62 143 82 19 128 62 60 86 86 71 123 155 138 13 82 97 53 150 52 156 60 156 92 6 66 89 81 113 4 80 125 27 30 156 140 109
25 109 2 121 80 46 94 133 36 80 96 6 97 2 53 122 150 3 97 89 80 100 58 29 62 127 86 62 151 108 49 40 132 19 21 151 150 84 90 40 83 62 6 58 89 143 41 90 78 84 148 92 125 106 3 140 84 150 28 63 76 9 41 28
123 30 25 53 102 129 76 143 104 80 61 109 129 129 93 76 55 140 125 132 4 41 4 128 133 62 127 150 29 86 150 125 76 27 78 25 143 41 19 119 143 45 60 41 25 12 140 140 46 21 93 80 125 123 138 10 123 125 156 41 123 42 114 95
140 13 27 101 90 104 76 123 41 125 19 101 60 125 97 46 83 156 109 88 138 3 89 90 122 4 118 76 140 21 106 92 49 125 9 104 128 93 97 41 125 47 36 40 57 104 10 113 155 81 101 4 122 143 132 19 140 156 36 41 134 63 52 61
10 97 63 49 104 154 45 19 101 132 28 128 62 41 26 84 145 86 101 13 87 53 29 19 60 119 109 125 6 49 30 109 116 127 75 60 52 60 125 125 57 154 66 88 143 5 59 76 36 151 76 60 46 75 127 102 90 32 46 122 136 156 94 92
108 30 133 150 14 151 133 19 128 76 92 90 109 58 109 143 97 2 3 143 19 96 97 13 92 116 82 76 25 94 143 148 150 133 2 89 123 6 21 151 143 89 9 101 52 76 60 49 109 136 89 62 133 132 156 57 27 6 156 150 150 40 10 59
46 143 143 83 155 21 60 75 92 125 138 114 104 58 19 127 81 122 108 154 94 87 80 92 45 41 127 125 119 109 128 61 143 133 125 75 97 97 76 58 156 3 80 75 104 109 4 81 4 61 83 60 95 19 71 94 62 27 143 150 3 155 7 123
27 119 29 125 7 60 2 118 78 93 122 155 46 150 92 61 13 101 125 32 5 95 100 82 2 123 150 49 41 40 6 102 109 87 100 129 4 128 60 127 19 87 47 109 7 122 143 143 60 27 116 101 30 87 6 25 7 95 41 96 60 114 122 4
60 122 114 29 122 123 61 7 75 4 93 122 33 133 109 145 84 36 90 30 156 53 86 33 140 41 118 138 92 27 89 4 53 3 97 125 84 82 36 76 101 3 125 63 143 132 140 129 122 36 121 14 151 66 145 92 96 71 9 6 89 61 89 90
106 143 125 102 28 154 9 151 113 128 25 12 6 122 58 25 21 97 155 118 63 80 21 123 10 60 80 148 89 96 113 2 150 95 132 125 92 29 84 140 123 129 81 62 82 9 129 140 151 156 53 9 49 29 95 122 156 121 145 60 129 123 89 84
19 13 4 81 27 57 86 78 119 154 129 32 76 36 94 104 89 26 89 104 21 155 109 113 106 66 49 21 89 84 60 3 4 123 156 41 40 140 61 10 71 58 122 53 101 29 30 156 32 60 119 21 27 13 59 100 19 122 57 41 9 106 3 58
45 114 121 41 40 101 71 14 28 125 100 150 19 53 121 45 61 41 87 41 106 58 125 155 123 90 128 19 84 148 108 72 66 129 155 125 66 140 41 86 10 151 9 128 108 13 7 145 97 145 30 94 84 132 52 42 95 82 62 29 95 96 156 92
81 47 138 101 92 156 88 85 53 150 150 109 113 121 36 116 89 61 86 93 101 2 2 14 49 85 82 150 71 28 82 26 33 151 46 113 86 93 90 59 150 88 21 123 30 83 150 60 60 62 30 59 3 123 140 76 92 100 150 83 13 97 36 42
122 60 143 138 62 27 45 150 100 55 145 90 81 6 76 59 125 145 58 10 41 85 97 143 136 21 61 156 109 27 113 80 32 36 101 87 33 59 6 145 133 101 13 118 134 92 101 84 154 109 123 41 57 42 86 108 93 118 40 93 109 60 94 101
140 151 151 33 6 143 83 122 60 150 46 93 36 59 78 84 9 21 80 47 138 33 29 47 87 138 3 143 86 151 87 129 28 109 156 60 14 133 33 101 71 5 128 145 71 4 53 2 89 13 60 12 133 129 57 21 134 36 140 129 100 63 41 93
133 29 60 80 41 109 94 10 127 125 125 62 21 92 88 143 140 143 133 21 125 26 75 12 151 78 118 4 63 46 90 87 143 122 114 84 25 150 40 40 75 109 25 87 59 86 150 62 60 80 92 4 62 109 36 61 66 151 13 143 83 116 136 30
128 29 97 101 133 32 145 60 45 109 93 83 123 92 57 14 140 45 80 40 36 143 21 78 121 143 80 86 41 109 84 13 109 122 14 125 129 21 19 60 108 123 101 145 27 138 97 19 128 36 84 118 116 60 41 143 61 83 49 6 59 127 101 92
13 10 33 62 45 150 58 145 122 87 121 41 81 58 6 136 36 97 134 128 140 89 123 90 88 143 97 7 116 138 156 125 151 53 94 134 30 123 86 145 128 29 95 46 55 82 129 21 123 58 84 60 145 57 85 84 123 122 13 75 61 134 143 84
104 97 109 129 127 101 128 6 41 138 125 151 2 45 19 95 80 96 148 143 42 36 95 101 71 86 143 6 125 123 21 94 3 113 85 29 109 62 32 3 3 95 3 134 13 46 75 145 3 21 19 89 85 132 113 143 118 41 62 140 87 150 85 75
123 90 53 21 75 33 60 52 108 150 104 94 36 143 4 101 104 40 66 101 89 133 150 28 102 127 4 36 102 143 88 62 86 60 7 76 100 41 90 150 150 109 29 133 49 109 151 71 5 109 134 156 116 97 40 78 104 60 143 75 155 128 27 143
123 66 75 145 25 125 33 109 109 21 86 100 6 42 148 5 6 28 55 93 151 29 13 41 75 133 101 80 93 72 123 94 109 78 123 62 14 6 92 76 129 132 55 2 89 57 26 62 40 89 25 80 89 155 9 86 76 61 148 93 143 2 100 13
122 61 82 88 27 62 26 13 132 96 134 150 88 118 145 82 63 140 5 59 4 4 122 114 41 109 19 36 154 87 100 66 125 143 129 87 125 125 106 81 3 21 89 60 88 143 59 114 60 61 109 53 76 4 125 121 101 93 101 29 40 28 80 60
122 32 156 19 41 125 19 19 143 145 53 155 40 143 41 93 134 5 80 12 60 76 4 106 156 7 109 9 60 129 101 94 75 119 86 41 88 156 84 119 41 32 90 60 46 93 134 75 87 40 138 4 123 133 76 121 109 75 42 27 97 156 63 32
89 30 123 114 96 47 151 156 82 156 57 21 59 95 100 21 62 25 81 143 155 109 14 97 72 14 92 109 122 132 125 88 33 33 104 72 76 132 3 128 55 6 89 9 156 19 85 32 155 109 62 26 122 3 62 60 21 121 84 129 101 60 156 71
129 101 60 62 125 81 4 109 81 30 85 138 106 97 132 29 90 21 116 101 87 76 75 143 133 104 93 19 53 136 80 123 42 27 97 42 10 3 81 36 133 41 80 89 125 123 119 60 41 72 143 97 109 123 123 3 49 75 75 81 62 127 150 36
132 33 84 29 123 151 143 143 82 101 6 155 3 123 156 63 29 101 62 93 101 96 72 7 128 100 109 42 143 101 3 26 125 46 75 4 14 90 60 81 148 85 62 60 80 104 96 14 89 150 55 156 129 58 143 45 143 41 95 60 116 129 62 96
9 101 125 101 143 6 125 156 7 49 127 66 3 47 97 156 3 6 150 40 145 41 97 151 150 2 27 96 60 129 61 134 133 14 97 5 121 123 13 32 29 3 122 140 97 132 113 125 87 75 123 58 80 60 125 86 150 108 109 109 90 155 113 75
25 57 109 7 123 123 104 29 143 116 36 30 89 101 13 113 143 81 26 60 57 9 2 82 90 123 13 12 61 80 104 9 143 84 41 145 94 136 30 5 109 76 53 143 96 90 87 121 60 30 113 154 114 121 113 4 101 59 60 97 52 29 97 101
59 125 4 100 36 95 109 9 86 93 19 133 25 90 85 145 95 148 19 40 118 53 156 62 55 89 95 90 6 58 29 109 109 13 4 122 156 89 6 3 5 25 13 133 60 60 88 85 3 92 21 84 140 19 49 127 45 60 41 19 10 6 129 25
109 75 122 93 125 62 134 55 155 13 148 26 90 6 96 95 4 9 121 3 119 154 4 118 125 81 123 19 109 104 102 90 21 89 61 71 93 122 80 19 45 60 109 108 133 29 27 129 60 60 106 41 26 108 89 76 136 41 46 71 5 125 125 100
133 75 26 90 7 63 13 89 87 61 57 60 100 143 76 129 52 97 2 116 57 76 60 7 4 6 128 10 122 150 58 58 143 5 156 6 40 102 123 19 114 140 101 33 12 92 148 85 26 7 104 46 92 61 80 125 94 93 121 90 29 2 60 101
145 108 85 10 10 3 53 118 129 121 109 119 123 87 41 72 9 63 12 62 9 101 36 94 87 10 136 125 108 138 30 89 6 86 13 156 60 119 133 133 97 150 41 138 113 45 60 123 62 101 28 123 76 46 58 30 62 123 97 145 2 101 89 29
123 114 150 138 93 89 2 129 127 125 29 49 109 116 36 128 109 95 52 109 76 133 127 97 87 140 108 6 27 41 134 89 59 80 95 30 42 84 5 128 71 6 6 82 109 3 41 134 47 123 60 21 121 3 63 97 102 145 155 2 89 6 123 3
61 84 94 71 143 89 118 156 32 116 143 113 25 122 125 95 40 143 106 133 121 90 41 47 150 30 125 95 101 72 125 125 62 129 40 27 84 109 41 13 36 123 116 76 88 4 129 7 7 21 5 81 12 121 143 40 82 3 89 155 92 63 14 2
94 28 95 134 84 71 97 123 88 89 156 123 2 143 106 104 47 96 155 128 2 156 55 143 86 3 138 87 148 86 45 95 12 125 55 55 92 151 125 97 60 60 108 109 106 60 104 81 86 145 95 5 129 61 132 33 62 92 128 6 143 129 148 4
60 113 85 59 93 21 109 53 49 151 125 84 60 128 7 95 5 109 30 10 113 86 72 14 109 78 116 133 154 21 2 87 25 155 136 6 143 57 143 150 14 128 82 133 52 151 143 19 36 2 42 143 136 128 80 84 36 136 76 133 60 26 21 21
62 92 104 95 36 28 101 42 41 89 80 119 122 128 14 108 13 143 76 32 46 84 125 6 60 10 84 75 49 88 6 133 4 119 60 109 30 30 122 62 109 143 88 2 109 143 78 5 123 122 102 89 118 59 100 123 85 122 118 90 109 140 123 75
71 145 3 129 84 41 45 49 40 85 143 41 95 66 21 30 60 62 6 4 83 71 27 92 27 125 125 49 92 3 145 60 96 140 106 138 6 58 129 21 136 133 78 122 60 155 101 19 25 30 132 89 42 104 101 92 150 132 150 4 60 143 60 156
122 6 86 27 145 55 150 2 118 66 128 2 96 89 92 84 4 63 75 63 93 123 26 133 97 93 145 3 36 49 19 55 14 133 145 128 89 84 90 52 60 87 145 27 92 7 121 75 27 108 94 90 145 86 47 84 62 9 55 58 89 4 5 84
123 132 151 145 129 27 49 41 145 80 33 9 72 125 133 125 2 6 4 40 36 155 151 150 46 83 52 29 133 123 41 134 3 36 60 127 119 6 114 66 52 72 32 14 89 66 125 57 60 114 129 3 114 128 155 109 60 129 87 133 132 148 62 12
61 151 46 59 89 3 123 133 143 52 125 129 97 156 113 122 29 2 134 151 41 101 150 134 41 3 85 60 5 89 46 89 109 60 95 90 143 42 94 88 95 136 53 4 128 108 60 92 86 3 136 30 123 145 41 53 80 12 154 104 58 81 60 156
63 116 75 84 140 125 80 85 122 140 71 123 42 27 3 60 19 7 127 138 27 145 66 60 109 86 94 6 92 32 92 109 3 143 78 150 45 14 21 72 84 60 30 109 155 30 30 123 21 42 151 118 87 66 62 47 116 36 59 95 36 127 123 62
143 30 123 128 19 151 95 14 41 81 60 123 36 145 136 21 101 36 72 9 4 123 81 62 108 145 95 62 108 150 92 60 145 87 95 52 148 71 42 97 133 143 125 94 40 92 123 129 109 155 84 109 30 81 33 128 82 27 63 25 30 123 12 3
109 76 7 128 7 93 80 19 95 3 104 132 83 101 27 128 101 123 150 143 113 154 19 41 71 84 3 123 97 6 27 86 72 13 36 113 104 104 75 109 3 60 76 95 2 53 155 33 143 6 86 63 84 3 123 19 123 151 78 143 61 6 52 27
