351898985
929441117
296207103
58763062
666974722
323939763
788062168
80899545
540935235
943635452
223445507
504220803
88569549
141017892
639082172
701926128
148721088
377591121
567495731
875119904
180451705
860716453
554102697
225329529
902828296
29503817
158537594
382710480
24803433
471417218
192600763
208753372
683086083
56208872
898418409
577177148
507294656
781993196
433045759
18746833
682540537
71563792
74904594
52191094
849694869
32028533
844494821
500648131
446374252
453896165
862779698
413129353
226535435
4862963
149226986
615968686
979711590
135218057
623669203
704010860
960055990
331693220
36417274
765304732
928251213
308668396
936216706
532835515
925282842
316556391
479426791
796860957
657191082
331676330
831149661
51552275
679407206
419854365
857559282
777771501
550065517
16167660
904846391
982587192
667117599
750282457
550845716
17874490
554846012
780253569
234491456
35556153
277502550
998147830
14716537
525535405
965095522
645493471
918416446
28952361
703948878
121334317
770081331
908549216
221361234
345267834
433722463
323692836
884832544
119779064
151455028
252882454
751094741
58835331
469993708
252065795
422340390
219625855
648895353
839910611
714456189
650518006
433626498
127469219
944330719
585336215
787819643
973985141
599366441
629054837
727138246
362714536
762348500
753883823
930613356
613084494
858248281
610067804
265741621
841487360
618170758
365139729
160740715
914990536
467897276
550144756
3110661
153132190
235602018
288189232
198687796
71688036
301753641
946465608
146653551
696761519
442294184
462769630
87148475
373964174
669581988
888459440
174370542
780472576
661146970
480493275
51388181
592066602
174509547
727386604
154150759
762623592
457820614
322499952
518216668
975904885
386053411
644690513
256905117
251817219
798021828
155856144
516728982
730533816
995438724
665674699
894174745
705963504
831639881
656725975
48657729
962877465
464340233
508063977
842595889
510381589
776315382
818961627
778634471
890273238
138849225
939598968
811802348
365769379
388584271
956244701
818332823
805611048
393026490
214151283
739959532
180801711
853524654
664187646
723878593
828218177
743209787
929216504
441992951
936095299
716180499
67639195
254835012
558130073
768071088
174695179
759455576
846658613
882969455
403633709
530539888
510223628
296734524
44777067
699078587
690772003
41283950
889356924
288464055
466468309
85678962
366889474
205153341
658870762
222840100
342750827
33025285
689131037
164622822
994417170
63998128
230624827
798327453
182788689
372768848
510522149
268100540
878590623
506438451
870355142
79555531
892684045
69832759
42889943
982786837
752740683
934255629
586317844
967681452
100858307
625730067
777362074
414687752
255418423
425985629
617082846
419510250
492833802
504334705
308529240
231159782
247239101
427959284
698219625
660696911
302934693
933907513
955484176
101856844
587951762
396443309
560052642
159580
994176161
815208455
76583413
855142069
627743682
40101927
250276136
618451008
545229450
339676070
516349630
219888444
602112935
19753991
335245020
926179403
210162664
84567903
5248955
756161085
55372825
731337195
881139779
744919787
40720176
225743314
335652373
26897691
840514432
294624651
651220994
55505674
382665803
286594146
384494547
752693655
394903370
238588957
570119279
27349947
989629664
104867148
885757000
737137163
717079939
891470734
833429368
781781280
955971781
287285592
873918916
47988141
362896945
562669106
483557596
570895678
530066879
313428745
491197806
522893691
365454683
325997761
804380443
406368753
222596177
338707331
85586188
320698921
775783148
340947638
314528917
859736111
166959659
80884521
801072150
642724852
903249612
629290375
15063359
984367978
664263994
435027228
134118588
64442037
878641658
58108473
374089313
36161441
243212699
962462631
880304020
560726612
355030142
164031034
277732917
732010203
158321233
239837687
85778296
393215761
71949327
594215583
127006590
793675067
745197298
362383033
528653824
726423418
14242344
858793057
879637238
520315485
895253
636647314
378943391
97303730
159667388
797021055
98527603
417291755
402291028
358134551
902842637
72514166
189958423
568895293
701579049
984735079
126545975
462973476
250094639
352338463
858220411
820880442
23008673
616648302
579968349
770250891
214249554
859789969
896176863
254511078
383242733
849179235
133189112
26316987
907359111
813058982
865792067
599886182
285987609
790077170
138767504
357671655
877184822
306705524
766639808
242787207
33464130
132548753
822840149
803506416
854442377
996762342
95209270
173687054
65713854
703702284
385038800
739943230
417821054
952559618
770980361
208112989
946792403
529378954
511441485
598924334
533120150
340590455
711374387
290776822
307575163
283942793
591841669
477153108
332564801
220946753
201495335
898928567
616552051
12222364
232894010
707562872
182869634
413547710
794371081
775291694
629309330
7353603
930854800
844769893
811100317
187138385
77937630
144888219
357457142
435476288
161689086
36482830
355787402
938106310
948437549
13204795
457325716
802847198
325500979
367461769
901670248
31987369
190088495
298156974
345973394
342907073
293111573
438084189
970874956
797968771
487614211
591330484
475708004
646829755
575244821
377025187
341026809
746238073
151830091
885771228
727497552
698862992
209829280
242031726
236197162
228951220
790584337
757663967
356640295
395712651
858437963
441593634
904703382
957029387
180809834
638832835
300932958
70057806
603472249
692848918
23060109
435933638
356306691
9242381
533295536
652393297
843527496
707779169
185762693
801309923
865767474
168840937
163468043
723267322
213245105
493468766
68718038
579252568
523035942
198262518
155566653
590920931
432206396
996030416
832075462
306222444
192386484
951932443
129980655
993068431
732904818
225257311
500318421
895476292
645345738
849821204
844535055
150802976
463761486
58530317
530219755
775846471
640887593
615148809
343766962
795757160
895800190
404388146
257090251
819975564
227073237
393653615
881600870
180685400
685449387
465379923
191546643
151613871
171251806
126327360
918003792
178046606
743922026
145587031
79448854
324543439
79868443
659052989
16182659
745786909
937229066
50998331
819638553
19642796
999780342
280791105
442790655
482543826
618968183
543946559
478379690
640970305
874551181
431402338
659991505
241790663
788993946
842844233
967043527
518944902
151965257
497063489
159022522
119122276
738981882
249344810
571743711
60883238
698868340
28145518
974509218
585263985
839443713
783900231
267464220
383445390
702111064
236199590
517122300
626828057
853683282
615374687
317165000
614245828
389183709
690078968
999058553
508042092
442995130
58249415
897708017
34247850
367240104
151877714
496038534
644718913
818411209
311292862
94620159
799311265
468037399
347950859
403554554
177698150
448287676
492202683
868264707
233314647
83015557
842386144
740654573
927576942
149991316
867736928
141523649
932553904
758663183
628527707
913266435
735210438
489663033
827791069
96017606
756299217
112462849
175754931
237181079
489694039
210233218
460932069
431351
67647467
817698523
736154744
452603414
551678645
877896675
858188578
861007152
203643364
357913598
402848041
577349555
606729888
896623536
677589567
855149069
420460037
333962724
760085974
284749539
192128007
151183716
182360786
76596264
590965444
275493149
483375845
277990491
42789056
12447563
244917376
143551903
84365303
239673783
541350747
414807576
808481995
916929018
969763464
425920496
659002521
270246612
471224221
702710455
261874814
685443414
982946325
131352429
210397286
974971683
686703309
495977634
667578721
436690813
898458934
362894264
423804219
264738249
279477541
461353459
273397244
962358349
439293682
88677523
348467261
192720005
645109061
791332529
962164748
678853839
608005774
188914234
330049448
640909692
580002535
89639954
816369281
479534161
901599104
33738581
868361129
463514933
851617535
570115095
925404276
395489199
254923920
999945981
280849808
829410763
208456380
196252090
766555571
225327604
960193573
450176711
419979549
635529759
517565062
5695702
381604131
364102189
342885904
322404433
738180588
223346443
770555534
309126556
202651955
501745483
2484732
897300347
496486833
824380846
314259544
833471875
921503953
76678875
420396704
930911661
103814684
842354537
35978899
450381234
102825540
554045477
84202281
174485072
929168898
737792032
26853644
137328091
859838425
263739353
762671182
688036794
883439863
945590228
739013330
751550791
959011491
462881282
71164642
124014098
686472055
966055956
672444605
881115975
865533466
374127731
114510365
647934804
173910038
987781277
982151534
879691105
351951031
160528947
489420367
364739881
478523845
558933956
763691270
378582504
344540260
139552565
161269351
228237263
8787239
563774175
67187685
404174360
693627721
822232154
489911394
957704615
797076729
99094887
851580659
344303591
489194939
107687169
322124997
41020030
57092153
615735322
828432182
905337047
349136900
976077016
305856555
339611236
460527800
77699513
907755523
639534108
11741753
628558682
61838704
712813871
897679783
503345354
884123850
432327920
2973788
882050425
576245284
349015801
662890256
87964525
862992107
594903153
560643091
97083696
973216294
130810417
178710618
747451570
151898622
33856873
79742577
613463819
757253918
654202392
741015453
256498249
690899205
230938033
677006545
387451501
954793149
3837545
137732431
830970740
426099371
744078468
256399462
927981016
358203882
455990149
268361557
798980778
126151127
464203637
68353130
138625321
354777698
843130532
241093538
128457924
850789245
675452790
281134478
109399112
411594345
969778180
474938477
512275319
792141523
765845793
513981036
18896295
326398139
688815487
158445847
899977615
597001591
905429353
718348157
583314873
554370182
163275566
887254011
288259882
598749860
208175823
658523263
472424584
628230831
649761330
503657250
960723599
544698640
96523651
756881832
288790657
904861801
989213955
580934872
29890417
748872970
168422656
691820210
684218405
714690611
724554159
86469598
85829481
880269925
841192192
251472055
830700743
787656575
495063138
167628315
15166940
770229949
491872259
912001814
184634502
400905741
263136002
158092528
861991299
983914911
891746127
875801233
576167165
259795755
738661832
37684586
664454983
322705965
984387741
721980954
10816240
293007516
491182132
819617161
828316685
485348408
802697991
926335892
929892783
586919766
41911384
412752563
142577765
43385433
222325506
697007279
813015658
348021658
767143985
919073274
28422757
454475966
419044100
401298994
176219389
18564135
211526603
451737091
250001569
2852340
337748790
618328251
348578817
350782311
756313149
796216416
771036250
994520822
693033749
748092225
402542949
127796480
181480891
665041918
837822906
754777714
746707753
631627952
17336071
882041782
61372548
725881103
427550271
714682261
848418487
176260209
232404846
411237798
314438822
490572479
467173631
529218229
546933401
527353766
186279768
922883396
25122674
865535087
75174379
340731739
799798301
554737057
376753979
56198862
220123251
410712346
166767623
284401330
643948526
639680555
491498601
567015675
74055904
730224773
275752422
999545114
214413950
551575170
52220656
446411731
515528627
130181667
286027205
154157700
581876714
188045198
316121622
41427014
233546904
588307456
17375344
590707671
42323384
613975228
649933067
103850671
656798864
67971835
630739469
226144755
284357327
858289441
571184932
461632671
682251235
440751065
424545099
195561359
563239017
450622118
122521904
558277002
600995853
107116861
998411808
486840821
342131273
812645892
893887258
972426368
506408684
684197155
372796868
178829423
339170953
875366729
741698620
830821680
203115559
608452343
782885532
482138952
616459459
262448925
977506684
702990440
13897342
421081802
726866605
304014561
713772989
713837232
742236404
330728468
318798074
886981716
962539713
43701059
920656744
508593623
762475986
149741521
278900129
70088492
526928358
97767523
491579821
47538788
19111160
265401513
501825988
351450891
148588950
731493490
9430197
708468364
520717860
133872703
457138828
463333994
209824612
605201931
956155745
759705049
653933346
2515736
913503148
197757093
797775096
120520471
316623546
771223521
109764993
382671745
940649572
86544464
503331293
153162788
577857853
849968743
588678669
45780907
561425919
982056663
749554049
604475870
784133366
401471406
926483574
364924863
134629535
5720204
502810246
569628984
4360625
863410301
248207455
42644234
851804252
848740883
966931835
181563144
104411640
797509455
734627541
241700542
48761014
4200986
852162001
987323489
87572116
370752201
560818511
748058975
847634129
171596677
574686385
274484524
681786348
407395931
549936337
221359378
233862396
872326143
117238372
211880987
880808935
829228092
739354349
696215967
375986983
695733741
300094528
854581314
593724251
30713768
132442739
883189231
151210459
98322544
24203294
553123282
510794548
354525805
435928785
375061031
221646780
68714743
833142929
371836942
248084493
308846602
402794346
366215819
260793810
667063255
423996187
504957170
572508327
679603843
363444611
408274385
310886624
852346283
936736471
354524013
832395105
669070240
599407494
182362706
348084973
532969667
487227259
573217109
5889122
649094559
8391144
704426288
32405750
961869207
827852167
962731201
868772372
517137677
381730876
318324416
467803168
936536190
281847745
589882853
112350201
196014982
542628186
972919126
402519589
906461760
253186179
919667224
172419878
233114293
40939217
247709282
678417555
462638720
97403783
312604387
89911375
413363968
958102786
655751915
409202312
301826390
239305967
190846683
303004712
373583550
853748896
558836671
865384898
41629081
85816339
424776788
342113112
113012098
535382212
394696961
43571644
74290778
820051677
561103045
131452333
488322424
514223705
818108583
593154004
699367653
687309127
272486039
320328932
64024468
750725015
725891586
868232781
484233542
54191889
894672929
259690913
292004084
954087630
869732755
15774458
864022802
726213052
841834168
233006284
784186276
396019006
117960133
57630516
460941969
664143584
187701334
798688197
139846345
857506671
546972014
773230549
238755466
321239944
191523415
138104203
715815066
320177307
90790531
507956659
103235578
182876053
404724674
16261493
453853140
609526062
391633200
170721054
833159682
337009900
456660620
179084768
287570114
126496715
822940955
817583905
502152552
452875879
751119911
258033865
765754758
488081601
207865707
434270839
59572327
576972983
931581028
112688313
725707248
723019927
442582381
472958487
730335252
699871716
21448734
732938114
765658625
743372735
813103809
674310100
662175676
289380002
480035627
489197638
717062989
648864389
905116741
986924822
7669639
311342703
806168749
659314763
653758969
38481101
594028041
668227242
354654670
82041767
54482264
495021138
63214635
689140930
189406094
660646088
606204799
89061335
863991394
554144789
721628333
907540919
869865070
951998135
404690265
980816094
473192689
32035151
443917513
163900665
392892788
950662613
703308155
292764036
853184363
729046388
557651860
845863896
607248983
632150587
980455062
627884825
56551452
848539265
726461077
885781900
211786979
733017182
698037875
717553827
805243334
160084989
570857144
155417294
851147036
289137161
593089663
793797760
737171242
588671705
61776220
316368713
248319905
141093756
847006695
237658831
997058914
970596934
209678895
743725091
28245986
528698139
230376973
414028006
881147469
347172242
501590288
257645124
969320085
557964362
841806793
49928729
994970283
887227591
630877392
277853094
328779212
161875409
227925221
46908620
33781107
964040771
477886916
820331223
491620763
900004793
979472736
693853567
998226923
498800326
226817556
791716287
463348859
87159348
429030429
601404031
667555224
238398506
42362259
791661323
511483069
800182741
545360967
443072158
229226874
733589046
595322992
687577993
851214422
54935226
288349554
237894881
220428479
271602589
401829833
960110185
605102738
976532914
910449437
936505658
560931792
596751339
855306437
961083201
791727458
929749611
529650891
684288527
792825540
898890309
496993465
939764610
33245905
26814972
775585917
821345290
755961455
989026055
656052978
831003955
215495636
127828095
810962274
26265849
774170098
253995244
13632907
716438665
849297446
183227329
886621219
536252776
94224054
949599296
116136421
910278859
603021939
839424813
62215885
459034946
300503390
900154547
999366438
233646124
229925364
826144613
529110195
86575057
626330814
345577250
664293372
193315187
927114914
627517456
481710087
78864239
702906595
901681975
180486441
347320641
524944899
451538752
672192160
552407680
883550905
221363677
333840204
519273963
734014095
310803107
524755742
35216256
567187425
193284478
704105294
780787642
740414270
806946993
437145482
435096797
44651759
505947092
544762798
616774246
730334925
376114762
207135413
874452057
898684838
224200556
362456369
391655240
519298485
587127646
531911775
935939143
948248140
534582233
492898608
463205367
11647194
547038832
970217344
831069367
906762247
226816673
274865127
202598575
406892548
272302980
772232537
146418359
956415716
990040339
115760439
960450484
380040946
797041174
326808462
654602758
951234822
266191620
46887382
906049718
898959706
217815235
612017400
420989512
112316945
965098867
864369374
764952779
16012570
926853893
677300068
853637463
642133104
338220543
453011139
920988133
688340004
254321011
711027722
958078821
800377627
290369955
471582245
433045702
108573599
888523936
202556847
196690935
189987848
28598714
576568859
789856697
497158920
375177486
59597391
712841408
314846595
427289775
501757690
639827926
953485999
1501354
713271034
456878554
489577994
294471375
795254590
602254018
977031698
669566647
666686101
33239084
366469637
692699447
933849100
176295148
313592580
443570484
17308798
61003998
198631082
977361427
409494036
953372318
312255125
721685090
1661077
540643065
284718108
692454793
51376975
644365125
980808996
73147692
984556405
94128174
385348155
682339098
771480175
936520368
15760928
587303782
235004927
311050706
824988838
815711025
57217158
715209182
846195023
736872931
266191692
572325190
250865612
391005476
979838135
715682724
854672280
458037037
876748370
930152038
217546139
634231509
453616126
266213559
263716431
539050695
13563716
569807355
863924436
621922419
343272892
374172173
658856702
239390234
133487185
257739553
435537357
254958261
602752770
139307621
846274803
891526192
852477625
835710560
521194611
410659217
496500078
693747037
624704689
524820890
736174851
712352102
155585409
497798740
992829157
652362865
131274342
833833364
804930723
268082474
124296021
908819398
13180994
838536508
80168340
694067433
155690317
778824110
935946374
858723100
154349444
832646288
77118302
253173970
8004889
489400144
957517965
827913575
580571734
597696644
474955944
690817810
80600950
513894637
18348648
594410401
827453608
908484143
588808884
109353948
32357069
94332209
809452423
733079012
887640433
603604311
343977843
376862236
203336155
872059736
429313923
965371477
930741096
688012130
4043451
348605209
53465317
641494200
4464452
883153493
141090027
257120460
971806249
525266770
834960268
215586862
618867114
22105117
937450
220158322
274861707
583428606
533935718
420290836
378396025
368668109
31687026
784179326
399230585
726008051
969357626
886410341
555986894
18062907
275225255
771210506
611107459
638240556
423004912
399877929
19855975
587967619
348063926
258453810
996025280
888785397
662384611
770042759
866144623
361908699
322638092
979543072
850259087
93181390
843779639
642789409
604645414
362643823
673546986
345249943
730335800
346522312
325740292
867150236
97916693
558925189
202997136
879289804
830852051
869232447
978752807
698385092
624180608
102838428
320612765
729399444
245064051
953183522
350165748
768756260
383833167
440241820
183699459
485725670
391884881
838300816
584115284
799494639
7548520
47869221
873329336
939453120
870826381
900221394
371889063
865168570
646049873
742768407
204349264
406537982
617798905
162625790
2423221
746958140
141904400
358211615
479485484
883169471
479189317
50097035
737944029
849629744
416669641
663399155
38101132
189148854
430778237
427375483
277790616
746819427
850652375
510582923
586358183
195538059
344099927
10634149
206351248
241312656
216782353
160536438
751776603
723958946
370297709
48728373
797872315
997895449
759172067
444477396
773888569
60026503
733223428
534515731
697015149
228048691
534280202
869904315
849689021
909808057
274225411
533178957
957976784
928244682
852199454
853761278
411497575
222084103
132605977
213359803
547315497
838179178
704966120
816118728
218570723
433948791
271541427
642042620
919899160
138256831
394395564
410119749
802722593
384722422
5402916
936788709
979810138
642787894
760332035
667913183
404057604
312514175
591552729
526561018
256774298
345495252
636298406
716465824
415763551
133545985
864360565
629150010
938398349
121187793
811703585
112838395
916545261
358565364
408204926
965738283
252053543
520778192
258025333
329674473
561112049
520189714
759370179
168993944
571232783
831914803
113449947
882700862
3248016
566225106
376119132
257830981
426940683
358204495
44933388
400448332
735303648
606198476
343921587
267819646
767539752
145623419
365785875
553871986
708570869
710613112
361015333
523158517
132801309
774970780
923043376
821611630
341243337
723266764
269626603
515535867
274037778
902476453
732698727
708546114
549701455
528247660
134427582
724165585
294677248
517240562
500683664
881248031
726247973
947119933
636327013
689790830
921756687
304778736
851687799
571130234
838233893
12758601
269961396
473064209
494993372
321693614
179519585
338190671
186895727
986476719
568371993
222412311
164115815
665609503
356362725
221176156
411707144
56711724
985629792
288288344
712227084
789334647
872835683
852254197
546453238
255788533
851926505
571002638
492534158
538794273
280862521
832766933
7096375
273167360
473289251
621501774
612941846
710567838
405087472
180810333
19284133
61196444
106578222
36980662
403457451
601647897
695860211
991083606
109246501
325214050
828669091
775260562
926889689
276868106
381936459
363402589
808271202
265589873
457114785
346836469
634296364
935421298
890168650
733006400
950290895
846165004
775003127
642245663
889159581
784918172
185539595
14627492
61923554
154399047
489064870
121555794
888608094
633420918
182969054
783076084
919972356
810819742
353685236
134158606
290857360
579847536
49616947
465249965
288314930
72240303
112115600
541034474
33135240
562715727
47263214
377395792
847910695
382178504
319529554
494155085
945567833
139292021
243033450
785529321
900405788
313598379
272369418
156116861
679397498
366334478
134951502
39519933
971499383
687091759
166760949
455583930
697721874
328215605
151375351
289946185
460880145
578991838
905118466
847951947
371280924
27382084
655282154
586393902
390089043
287620837
223654597
187876516
984237294
490059859
241486604
954243943
696778616
862997160
597230730
178270787
62317930
97802626
754134705
562820036
531491551
683269440
77628288
804883518
991557291
470170648
82753204
417145996
707310962
708925733
32930684
939554692
290904478
870652107
423615881
584415048
647340036
722988933
752008136
597119425
754568481
553374199
769521952
557400639
134705444
37974045
658636394
364421798
408632864
625884749
300906716
964441008
643581011
445082483
124793335
331559356
864541748
375081996
363921070
629774912
659073886
228786209
395209329
740976360
882073940
767460911
640313723
411943462
595595526
945934293
924774326
853068941
953932619
581400413
530300540
314940817
864135659
329938244
585572904
331154924
779392695
809129123
768960316
656607474
702782665
258204232
312008226
595576263
866257324
247022831
723008410
864279164
596023547
482414234
256881293
621130966
23751926
74871408
651918317
735390744
142771084
66665299
742021737
10603294
291497368
554379200
735095317
925122632
24508904
688727288
590679563
929713124
839698670
264398248
536978493
53518678
608274393
274530511
512944173
169630031
535838814
70379690
972206604
248954435
673270148
721908249
71020888
873341296
372382637
53011931
900984711
526485815
415506282
293557035
256366356
355037208
923065688
638849380
22630770
392549326
996439361
991339747
341931996
546465113
525375305
485975237
307758354
922237761
600169896
445209447
788417436
294797523
902723436
653808874
402801538
658976811
147644662
134532675
20146181
582384818
469137339
170149848
785188220
98460085
71290707
627817248
841689242
93349157
301317745
983598600
11857835
821255469
776623672
557844414
798879856
138602051
851864225
943295831
580350714
330340734
349997691
187765819
477005884
848905179
129222960
774407093
186950958
982245034
818695607
465929457
323669144
681873537
516977894
840832278
968140741
31331229
160709315
788407116
126959856
77298416
376027373
268421265
808017118
904952169
723417264
443580682
298819644
710176887
627581155
321426882
212665261
163166144
977901562
947857116
594799259
90456781
883262489
193311149
721064742
322615615
897130882
288314722
356648051
664687409
635964173
650918930
375870610
945837468
151990403
272479223
620275298
291651366
364149905
829798893
518986125
785100316
192912022
845652472
187987626
896156484
958500954
129706818
412285857
550578507
196738026
148731180
179210076
557852661
626970687
126680769
222176881
939400833
83800644
96200682
201656216
651352416
394341622
157423395
676850958
225461771
4783410
838441786
255228723
700189281
257765086
72188556
91921405
581942430
890657358
564197450
712540571
942313560
337578419
882881578
922980669
532269787
70033336
457767972
630813622
533059392
656733609
288913493
431636611
936288341
579511590
12387984
749453318
272703936
712367790
631440732
622683082
477141374
8552913
27667178
275752435
699267265
247223456
350787801
51156439
320327796
879134171
467977795
395817568
613698145
861234402
489260892
812386889
665537871
483641059
703842775
287472451
88915731
854913702
31642230
604630080
240295289
206740947
605328461
131020381
398915075
681396022
680051282
56929210
499824462
80947932
873589434
95338258
812417728
355331860
738279517
984707928
524663011
967652832
685766681
707661350
669436825
227195565
395414418
419088905
549070925
99975583
869252969
687761415
980602435
164568666
961385040
619371278
317576442
716641258
434170229
166802082
917738894
774444015
943030235
172713204
172873136
149444479
383456679
554570524
486024794
193597679
447738794
977410676
751831969
166674198
515522919
475662963
364139196
952823917
159217961
863110610
523463522
462288795
434180453
850531845
915180407
185116012
522507219
438625862
489266804
336510523
862999397
472097361
181805926
332109326
33479552
828621270
217456162
757699095
661875718
802086770
124400220
58816207
792939646
218667899
245837564
608153179
130591878
843923582
499735002
604922484
428879039
9012220
606749302
418148367
97576935
394395453
764509022
176021068
356068450
619695976
595509969
150088724
813960715
913774335
454976237
25460187
199288670
754943577
770775598
693900012
328405622
474007509
418849526
769733874
64763870
89245083
612559815
491259478
180524511
768956640
153359029
123643722
617202249
506678490
804369283
885852076
536591882
743586274
330132172
460081663
447693192
541607691
7766925
756197331
913465223
343296160
203710212
293363470
948803111
70238398
478280613
876146400
845799119
815369697
200238519
835096244
706321622
866202146
693090259
222008832
374378066
760526140
639999385
793448860
43910721
643704878
188692141
342443429
210810664
417857794
442346009
862634240
548657031
775814670
732684795
354552361
473527270
372973859
153633867
210709022
776402724
926456494
266328129
753772974
232282023
709961644
843173262
72028164
723114090
196249850
151146341
83901402
286215329
591134188
93469584
817207602
497166742
145200748
308844693
939208404
917584411
426962984
150808762
586715503
350807747
562353911
832372120
143965304
10566481
275093338
418314727
381834973
931991962
558787140
400864989
23546087
452938237
892077013
689897536
903148963
752800278
17837739
704899923
355628615
215659371
501751430
722683910
737500371
768395636
147799719
46920722
705465805
394688206
624582581
967633285
775868327
970594283
724926053
588051810
199584895
476354701
550526188
655475118
759503867
778060794
572498246
917473714
505899220
415971989
966843042
800312719
642414165
474143222
192785173
103044178
709807813
797101529
589357693
422690038
999123523
354329108
362198736
213836630
22126415
93532377
774556786
725645014
482436512
867726594
687902694
843076823
681040936
332178685
657530243
399335913
286251648
282077472
771989266
723843633
48153553
299654026
361309706
225269323
836967922
162108292
54251108
13887438
247591924
111712339
952027078
62916827
801474552
489921622
242099342
288965407
63745776
769897155
888835145
403199085
249414526
431089404
198262489
735984999
592514085
333731508
798672230
410142352
781890052
291778472
850417990
408214410
241573880
820058932
502929140
168642936
620346134
335330548
913876688
734177910
71029636
242538625
474640462
488576329
578850570
566793968
59385737
610351959
756259953
472236610
399081651
357860127
146916575
772946809
304201598
492038820
755381163
386639864
605130922
711181424
932399363
846201701
202727589
116114988
369754100
138856757
711939630
943654100
401529617
352821490
831138446
567627002
766390345
212911302
680296448
488649901
739653320
72997482
943730396
770235635
470924471
671844255
235885253
575276901
74880203
11771364
979101143
564628444
633989458
754817041
871102015
674638027
417790613
865269905
359612442
152350336
739088450
892094011
369273769
203563437
87434777
587000360
973359119
996575089
148169495
114253067
628828887
554063494
713801403
187889038
905861986
976797811
761120320
957646901
338690678
115650739
19725461
233096866
785262426
248519513
572162908
798499833
570590494
584879767
233037698
709977468
395809425
749254623
66769165
550876861
836665518
286201205
543616644
299828181
179396906
73967375
491177512
395616956
419870499
187969648
988798675
105457706
730844670
630993007
552109630
692184746
903388487
547850509
896721541
669300029
607716380
203086427
128049732
226503290
87980285
144871065
767560593
585629840
366713243
715026750
114069269
710429801
598760282
482994406
623425395
343057091
961193518
895233757
264680300
248728878
405505975
464418068
835184287
757010932
171103636
456688309
987601388
57495744
960631973
674900467
274940980
76998482
692068746
429156488
46067080
527312749
66367659
299592389
257566296
404972850
81377701
335099143
988165522
423803679
828000805
864423548
826949900
301067563
2341696
706603882
436953800
287242409
904553682
965386904
570011227
51647900
263421042
463313004
341277465
724376623
884156622
705941796
199720917
881108483
186694001
641022052
384457870
814505362
640978973
261286425
496037860
577726904
943506808
43324905
487666614
737583987
782738762
179798603
405025765
59071079
789939721
912787023
437424323
51745314
138602526
841380013
186576822
186704856
5121363
405888797
139971997
820043021
742697015
131803231
376044833
937942985
185418119
6623332
940729748
69749481
671418009
945694547
78143940
277050428
925160907
816847771
385809792
725278128
270713575
869762741
691871441
329293519
762035862
179749914
268265298
1936053
741152400
283540534
84802908
394433074
962893505
259050232
408944025
43912398
247971292
954699365
339217250
757680302
418830344
690877995
512230467
637104853
914166926
982994024
373304301
567478893
738128718
946793689
936883563
946942916
858343100
972701696
797668007
925062699
245606045
308078257
807353144
478961047
768383999
531170700
203473642
830482599
108335405
73825295
825287250
966607052
674869112
480258901
102385028
527252886
987271347
401157680
76724738
388158775
964406781
568860064
610579926
52844715
365862463
171346151
545057039
147167827
299615696
877993601
253185002
671808892
634470677
516083475
970780919
277978053
12941339
235959294
972096854
958749397
736205125
517191371
480620729
559100968
941612365
653590234
619861100
437257895
474702950
778938860
360880933
452602590
504752572
58259546
512652597
804682643
262699170
410056168
899111303
608072357
856661778
307560980
715956628
640889560
580232583
892001339
730622336
42600649
763606627
39066037
364729607
305717922
869820890
326182663
955428314
825967479
785314436
940876668
630157664
838346639
265373669
207982084
623144865
815370464
440607791
825682246
616867913
98430034
665114296
530275465
484340170
538559450
637735251
536040476
473279302
374571402
908638719
390206019
903115267
315216557
796508317
388970031
811126332
678050540
659088551
409574739
232509442
527344206
23538400
592499424
699759351
5196776
622502250
673667930
879905476
339949699
542022385
134415435
973340408
496651122
964661854
207468957
3138310
715319844
17328029
242995583
829423288
55712106
241581135
905517417
162296862
958150259
84758882
931384349
495419364
244160923
344682453
792187878
802824015
106862664
928210731
541873413
786563270
569106212
219050949
695080990
529232732
268577029
960009859
982849722
552235763
538254763
412500552
798553908
323366721
353569821
906043692
170505670
202477769
748811802
49709816
82241507
521596063
858319475
525053993
330430537
492660135
422332615
687349964
972329516
832562813
885737654
78508656
594746798
485005691
989486721
906220159
207221314
20412432
497324595
823294819
229685578
123773343
131352024
8707375
606370461
971633574
939819027
622871057
793933751
608039391
940335828
157255024
413010030
263634198
178018000
950781108
975904883
728567385
477187421
270171711
158978018
840083743
537105780
337606394
184506081
186755405
531360459
133871560
748720488
179807627
228144318
88126997
53486652
775081781
457250002
496239116
88344639
736056912
203753756
821363599
410435305
315771998
711029990
731278711
189781363
765537398
672528052
695554546
447143290
59119212
558760796
891156374
154247837
938289791
848451638
504410064
432080327
891127268
270197691
27363541
651518894
510064500
993484784
847407981
665453390
261262263
855989779
227788620
661699671
777881638
95680813
827069955
220009483
149367436
377102487
378975791
341372843
932628602
931938557
995799320
591315145
429012900
381776375
661349706
508598617
668463395
688806217
533359928
827241732
725504909
436529928
961113157
378292796
552828649
824400201
310920078
255298080
163677810
715382598
933570095
409870473
414759609
886181837
64219540
797705509
732389406
32004082
14262854
391152287
776554617
480664918
412207633
613724393
997914610
271289224
39783965
518542296
642820572
798745113
775889746
825460305
97101577
723641144
207504968
458995941
965600460
465187804
581747586
285031753
620262296
55593139
719907794
795518076
742338852
201468274
272617348
645676416
136100097
678204440
316230178
406490474
354622754
931189253
730721224
444877586
634592316
441967911
678717528
779292564
464203414
743420361
791556616
50594648
279396401
657890416
312619773
155610833
987315863
135014383
538283710
126401893
218023390
245489919
539778556
517826103
858451900
175172525
506808760
209856843
538188012
130198553
723637217
293875346
597123736
490465511
335800705
970778614
275470884
323433043
918468549
780613223
698037489
751066240
57063205
193276143
921832636
801525370
272036299
21907637
735049141
762278930
186886011
267302893
782310265
487153459
692690975
470469583
870578778
708257866
128537964
84607263
287638750
645267996
646439376
835007419
976232257
29481453
510380304
806079772
743265440
124612589
648952127
381180768
905390735
571819397
755687729
168225260
210186703
417986069
280077184
840921728
51291342
743572379
484730271
181124261
749169470
756449394
127780491
139123356
955455599
344689422
55655240
192258020
56371684
295476750
66764852
658976893
575594143
156015142
47132934
780231443
850041054
594831379
855797912
343243067
590664289
814918349
816422262
983595847
869882480
558474859
907083393
725401302
980415917
601773238
428709994
948541521
560794605
45238622
220019635
437546788
259753886
614159463
90856340
626441926
552929255
919959625
826499197
368072746
840166975
214119515
23915699
133653765
516459486
273057346
623218897
890143312
246280606
203345605
633341858
777315815
70560387
780948090
410900231
170572260
644479709
220970940
910667041
716455837
79605450
666803565
216273724
556635915
632080317
912059619
759849504
817509078
748205018
967010474
943767050
753819874
991923580
246066944
697577759
273173706
529790968
402792967
920676260
840456032
721653770
381118454
216715810
747196427
356251595
94671943
68285259
988033256
685098450
957386507
912823284
221589045
585580971
134811761
875999973
262551896
543574747
286481107
706197287
685829573
976227486
29500765
357095986
978018458
308549038
258426818
523880351
492400115
392296345
532564925
947905748
43376097
520149257
264259665
513067032
279259958
518956630
810639482
24756956
806734343
721595843
49958234
516881551
737942479
927811092
149327319
663267558
798856016
739814522
796450418
172409062
689677464
146515078
463173875
436519738
519233795
429149711
711940839
242771608
703530490
584064142
322760414
364503366
349073679
592610166
688438667
927180985
190292471
133317783
887876846
930333033
46380885
70080700
554740931
128959004
606299061
113340334
383638475
865364473
560380198
127827683
213698552
898466077
357914194
275228368
996232604
62288664
618546941
560682543
704455981
408869930
9047257
914625181
561110544
66982107
362889718
921454943
13598544
679505782
545034666
903689788
173217935
576589803
380979178
900644102
829511536
598202602
163030838
412086824
811522825
324590510
523773858
450603853
423668411
320612994
766146998
649748041
104067889
622538759
611822414
731215686
731966397
313082625
82775327
890404449
728480554
980552776
309085671
961719326
119948908
87375965
378833901
127256848
308498052
780058070
554978917
104565374
503986895
400386344
356296292
495719274
318642485
487854884
415871732
60022238
302283451
461309299
614789938
869196124
105607783
990399087
416477678
372087859
538784798
722036928
847379003
985614777
711669653
184632030
412952685
524677788
191349781
334766692
472157247
585598452
953017202
43654792
662552682
591192737
449618926
151367161
881141591
165506575
451000459
862025526
355785641
87249637
826596512
727958407
17991519
537260106
532808190
395459648
314858363
485928410
523981439
592504915
725497717
850688245
33184713
831715686
716828676
108392178
491731285
335433237
793146477
91624578
568190162
527981833
745447999
11050241
923741729
968710322
775870347
637718375
471822253
425860884
537722836
292945205
443704568
468013910
536909113
75202745
538898440
347382157
57007491
903363264
70481237
378671257
109168698
759973209
514048767
130437400
348756048
291060987
642954256
341058854
529012231
260905229
579414432
639058252
461642879
38246480
770366297
461421261
946358404
502796677
104550561
622091233
937431373
709301974
142864620
405791534
19738901
779611835
760778594
238976041
189483139
377023406
144197300
561529333
720466055
15928222
922443133
458199943
949024867
838234520
995322160
63202744
813139456
750366605
445508752
928787349
457061790
869431299
401362196
703059777
855042484
733169283
416773413
122127445
265666755
941781819
587267826
736295085
344331720
759055981
130968566
84558073
922260851
953778580
17822816
528691445
59719993
712849614
733386964
97292426
467206996
981505310
178453917
184522309
527052610
332923594
308637658
981242338
624134126
860838834
816978588
520664555
595250510
391899058
978221398
148015202
128360248
85502743
783329253
891261862
399126141
404164555
623769003
785354153
340611821
193882972
433055391
955137965
721906793
882674307
189529419
243839595
941746169
243019517
661931573
622847829
413768006
220670107
650889116
885406222
661054262
389156966
755906172
471571040
266887567
934162149
298917740
49233356
686301280
434632208
411376292
977488870
49109353
921752229
985811028
599728933
45420846
245842917
897275709
321261186
232726113
902347399
610917499
976382694
467150385
737612368
56770407
249917436
631536057
435940371
538026397
662151351
360851982
164031113
261890712
662910171
254839295
710213961
833130989
71798443
684274648
786702424
281045829
330270078
274379389
737239375
924350664
322060642
177042501
586408096
754658372
545223051
331180708
275044925
702245345
902573026
464864724
540076696
147608573
936933107
923098926
611321030
273983564
111219426
71109384
331473837
670157836
684818110
907906976
348249061
113434227
667121608
318016615
808448331
583850449
922615538
440233524
536299033
85383755
656192003
84540878
489542075
424356998
871038812
244760250
537370699
96167051
753793252
197575308
408853273
104440186
401036665
409765890
792614219
132951278
555816379
819527441
407395034
731272140
76510026
929078425
557984756
685326297
220489972
914248381
623494017
622082676
352467431
287495241
796093802
720065230
868288928
778139846
846305444
833338733
572593175
81448728
585192545
356447886
604303640
644829944
865852731
684070126
649216502
892557252
767671514
705352958
564528550
741301357
124171447
941240347
804119749
220153807
239149602
558276142
407866933
241082509
398598603
595511929
779654614
324866414
731074990
643678438
140131244
755014440
396035370
532655205
137952449
708478638
538632105
869158580
135724850
80231602
441990879
570259404
919538334
354121650
906664763
819711603
910441671
70122017
259495867
688388127
659521606
611088295
528094058
829859485
108347754
591223873
501595734
411573627
918883549
967525807
477773923
773711175
83465082
339145495
907566102
202245089
251407297
284176399
359970646
22482101
935438973
786507563
314801236
717964844
955602869
360025848
752476516
311419898
503407625
974353042
69138942
588675378
154429870
400227311
192847993
633483168
1940559
196709821
232920946
360745045
109608816
404105051
640597611
185741828
264687326
782262206
577877849
488248701
144143425
36181284
49028958
739204588
868098510
420714503
488239914
279342680
277873526
135294503
50288043
269536232
636756267
586226178
548344233
867290113
428736942
331974015
342193965
73358119
700480631
783392334
15996386
129446846
151751250
902183207
347680218
759279177
673504676
577678226
798108666
957548807
377702082
885369674
678523657
928644473
513477594
3174264
521317719
451256764
546758500
882162881
300880194
38279756
81526834
20799080
465722325
225598473
9558653
47076267
939899094
912612044
673018514
487308313
516259502
494061242
319533583
95205106
419216630
580929028
965250079
672703806
803113895
786055388
670461801
209540532
535040522
966471399
868190358
189846201
337254285
108012589
567448197
984037812
786770980
650529686
818618983
892655213
888767243
21072034
350676737
568429726
828371249
552186131
124230616
380669932
215236676
990787173
278095367
368975024
956345365
783063418
64655596
874081752
338365557
264856254
703686935
388643850
694257430
236719224
800807126
938528820
320785291
792640045
593486697
580001393
928114094
622286404
432763665
105104273
192351026
501013163
971914256
774519447
485117992
215228629
304342076
557413580
861866997
402385857
427885305
792442480
433249270
716507569
97828560
268758587
314714391
524144022
476831673
273928264
20713719
733761646
861770914
522220579
672678839
197834283
235499680
646265050
2887945
924647161
230523605
786510650
954663770
49662184
222119732
442353518
142721113
724436083
536337729
307727128
4358088
816260812
241860165
392599488
354487215
988623007
806617436
867018672
315974713
231299557
615343120
533870350
12164382
959010393
724916514
291168592
67458024
949640405
656806903
520628511
607189871
687871816
864448712
375358432
346022850
576348957
557855116
899744137
376721849
273082593
255562932
559177859
114692281
176324213
912969038
115389261
11258262
643982636
292622744
405467178
103390572
947320909
601859416
268432487
662323429
148881832
67327359
34282866
977970110
395825779
772213391
892106555
757549546
356407170
638417264
525526271
768767718
309668363
374978106
505846143
676815251
973484000
322419373
442834247
825408453
146863890
880014300
855758787
176116877
826998083
497881466
10639026
386273192
517443847
17368132
164740892
161076506
621880384
255659373
441487871
440864986
503167030
346691201
190264722
905661877
412121816
975280440
984907059
514580842
821811111
795253582
16810683
669560962
266476935
335177006
551524382
288240918
867730125
250842177
967919510
208651939
779254729
68036768
961792734
362670740
122701892
832611407
893252959
16177988
376444442
513781917
215377952
631505608
528960040
197686581
966093839
251643474
665017987
951028006
971787453
859056495
475039696
948699034
707471031
288182398
913332381
81399159
577314757
292750790
860346171
656208995
7973675
455199819
753389567
820401762
626466190
751153748
966219235
84479379
467722644
105320805
606601579
775925037
48498618
522497504
800384799
834268594
991762006
949201840
267676351
190350618
792905441
968109962
933390980
187969423
662130314
591665741
537407441
120734750
147127247
989920907
550306523
87693469
542871570
632771616
24423078
505012299
988890043
387386015
442772827
706933576
188846796
952499293
401168501
918987073
8000684
882576735
440278957
895747267
515181672
972871808
305790976
399133382
943089679
398435106
364370892
214367195
33455471
24105819
663826371
732090329
720072723
233600455
151677870
142218001
177874632
675462680
540323469
670372079
572427627
711330163
259542338
959686154
645516491
269931844
256929068
119118765
226061902
484439938
939301617
316940366
525948596
211263086
97761271
74867997
867655235
612073128
127277655
471090962
778074202
635131997
909355523
300069957
582521981
518368129
66727330
462866113
932284105
531686408
510442565
920441499
47588665
556748695
64041935
80504052
848211583
600036175
222410775
457710178
32182449
71683125
204693377
13373303
551044591
392563938
552175152
417329175
104148370
23050535
526539038
323665122
897693585
407980573
448706351
591022231
673514059
281449782
315386588
195581692
904756744
916494180
414774842
214983197
829102324
717746369
28990624
441176948
239378491
64670971
825431349
432915107
41664990
933430524
721831101
712893980
164751512
187103037
521437404
115784635
851188057
471600546
835602904
737350610
709050101
728252772
770597188
585722718
224528264
669511165
175219018
942379152
165296745
152825719
945887406
206589776
348088441
961606946
658633625
224806127
103862247
370403394
939506591
74042463
102978968
754906708
671648222
445691010
713845467
841863515
294381645
474384214
485224954
754424898
147625179
130243832
431535646
168951991
730630060
100200528
778124554
196519196
911735330
995444681
116593313
595509830
894783516
661337016
910198636
968951802
187397941
395042480
450034286
268155554
292096099
42088318
574746673
542034944
180287091
418132059
362494505
51725063
977120140
655109528
857580162
856261876
697161641
612657282
697613550
629057066
622595164
773003883
558533356
598318635
731746819
127717208
890722713
425951428
204433924
51849582
512812678
947459431
415510098
671799636
345732458
136187031
892182834
36765869
540490116
207159935
765866811
106628213
237742182
893127299
523596839
714061760
848591509
206091272
568023231
491217255
930814865
276776632
783498065
176320527
272730135
771263785
965654572
623528657
361030062
371287177
470669733
37704956
721734595
865149679
146510270
543480790
356408795
227463538
561065607
788536095
385249868
753286983
333795397
542032637
483742617
296053327
972687081
542641699
194893823
364366923
412222750
286777785
355824350
540417651
143345
412858148
24845879
81663116
939469242
914105374
751260331
1885507
463466171
380738766
981223909
500133868
471846807
187527219
694655147
331462509
861355785
245284954
932006007
5669610
780026382
925449227
606883879
946328056
254864835
284720076
245522044
131205245
707360754
195107707
659490673
395630986
222068588
739824483
564981361
183248317
325203415
486032312
664819016
191614463
977031085
453302448
244157263
698431099
476381488
370189039
574474548
966809452
94981473
764243656
944845142
631013705
975723221
685242205
735638067
877029760
217488478
416133443
967875740
609750874
739101498
136413414
21157271
770393483
377592904
982236243
434462261
592717143
136806451
993374989
814618052
138611284
951141577
403513879
876567623
998829073
859073527
52689518
828095120
711940004
433350853
698156610
915972293
647435487
22693161
795597431
22411399
640887779
100637834
234539891
153764881
554210771
838596224
996654638
573300217
761446615
611733671
272241608
350810870
810603880
347056670
936459732
569801155
574123833
518822319
59369273
505510706
403014835
109428209
359350273
818492760
301140502
956406375
738537600
393805308
450765735
122184603
253654520
166911393
75133054
362933082
805822351
832389704
381612203
253267067
491506824
482773446
227123474
111062021
287623527
457842012
501271510
555908951
838839019
600243611
541621885
652975390
497988020
346531123
490800285
230341730
822996446
697943736
911517635
878094709
224418757
475346991
207171836
25273130
269403630
787035214
521717360
996675709
122935867
342862482
472253247
984936739
991521868
883799681
655053708
41283688
57007204
200504232
147626168
5327123
12515787
617619655
477029003
222537467
654604208
740932839
84201238
348749501
136457861
610021816
912418694
771408169
536534530
867793882
417889299
57452384
619890279
865753841
951476118
558362368
69236070
268167123
409680181
779551680
19539229
582413823
470444939
157427034
421198020
743270004
84140643
621161428
264135470
292789505
79025115
339546997
199715771
606189315
864226300
84050215
300339390
555362124
757528218
282169990
102012576
86909662
800783455
761409951
285332548
348593079
279660371
116603321
730865503
533679843
880005038
79524946
721528450
769725708
8441782
993879615
646412053
469510659
712260897
230773166
23820361
306101879
443667233
902442425
358158636
743100147
656882648
950446261
953777636
485171451
