646637429
86864329
283304631
360942467
835577320
16319077
683101556
8890334
753498454
559750787
985533663
700863193
413834514
154843069
23654395
912370294
580346216
775464649
645655525
809194498
4516825
13756807
553260488
573116432
745104546
407818664
628040373
509072148
414475167
794021014
130567742
281288137
580737481
864534239
87103184
958797080
660313181
403211670
439211410
612567511
308608832
640882963
450607069
381090207
453532095
528479764
154928105
719820338
483616405
930061204
376960869
467884221
336977225
13237468
115409537
507410496
439844867
967660879
379426969
595467955
28893866
79461951
195472040
46815068
811007829
904714713
143676151
223552616
544067582
53997501
487157024
646892867
21602053
172788417
51985084
113068311
859363779
668691308
737015620
389102988
850379163
437843268
158933956
210425372
206539621
680970990
182048411
783092838
201844947
543336408
236020882
940901560
470912538
435222474
127737004
718166683
824694814
791172264
353462715
104665271
210439482
143132405
568046360
491647087
135903733
416509141
422203726
369282327
547161020
773402854
244090691
238189545
817317223
909107401
643880720
582997008
363257966
162376136
593654083
338862429
545317107
750618072
970688736
797395093
372553193
317842048
329899298
496066015
294584916
274169647
180677886
149052013
353377708
903522211
55707426
361465453
49294102
168612027
95812710
981023987
417414663
127660654
327426048
638288613
374572019
867403301
651625588
891027999
203838777
951212017
244629333
807166018
441369790
696870103
252282601
877579335
947014069
474448531
268616856
238040212
522918447
538710773
538692431
601523305
555152809
534781310
809833799
186769077
196226469
868298718
637603375
239755918
379225210
192479070
70820871
202467597
447149328
406006323
395716588
82208896
678593419
931803746
893222133
388750364
785071892
691148325
994928160
110484746
333668907
832083637
168443223
217780001
642623620
484704035
895039616
295796837
475333382
756066046
79054303
825085686
433404755
946545054
447517899
982209964
37485891
614062379
542456215
150458674
297034531
949742581
472268540
987066069
243464492
703862969
238344211
969459096
823404269
128348180
299761501
806443869
622179075
838223733
846216169
580311974
541316596
225878811
589836643
587671617
83149988
581652734
258508443
636097352
463681860
68630819
896640315
520341993
355603995
686460130
474177011
275034934
174748220
706959562
298543756
836282883
640939384
115281962
154410335
901163046
182115089
303096455
666104026
820855882
220120326
523308918
268666146
398530899
441573253
102658108
195338179
177050250
142105146
565441898
794553120
936144271
172933232
557831369
76263104
123324980
727158636
255145609
972146538
557773705
607895362
481637096
661919901
456050616
292745377
167857250
265103846
318919318
430198968
288724581
970874157
567931936
60325787
487988000
873754588
361407697
83456019
718247962
474079172
801616491
71656448
98154775
847595744
463631786
51420654
348877522
132670504
37494232
248643111
564762148
188883313
519262040
680340793
115413871
27737910
593282174
2389885
888996720
159392914
30023639
118484382
645676029
108003193
401258354
708386178
737294252
853987286
931419609
972633615
916255541
437041654
965037183
3314937
867867251
725793626
104597938
757463566
299217916
272414044
971892666
337788917
182707332
514163533
325951994
978979458
256429820
931607001
63733175
268111295
167380287
142011255
66007831
927598056
63524096
640889901
552320967
723213096
965179493
216488115
651197844
304307199
686963822
276637019
767633989
637503514
467056931
286320083
218303715
372922641
801504703
171178362
722897033
847971354
643439958
695625836
319664390
847105919
890607199
70212342
927556320
920579217
874448810
133974346
224805684
711068999
808341320
219983329
748846997
922342653
891717009
909436852
580548649
294382673
31421095
336817571
972918987
310213862
495827433
855813778
207342225
629819892
410953877
342515720
696886366
760865915
989967330
239280752
173283898
