465515190
17102112
369164008
851597910
695660690
867012
936687612
68279923
596814306
198753279
889909485
264680180
839169487
411783021
967902479
124241976
686266086
719178474
331654315
793079499
823865507
923108355
901534800
114119055
477560445
122256648
157019142
158443930
197521489
564105440
535274201
980979714
320845372
573522183
794336528
240226646
960763742
512029653
996326604
648113684
143613909
329544497
330580141
160536981
116927454
9066558
320208703
50283298
150226792
40911560
123071557
500075642
931346701
728147518
500075837
616788256
788092979
237410381
410920669
223973481
749366117
657133408
192082224
410448180
484350832
765733134
61661621
192392440
295623784
134294930
729626264
113763473
968108101
916660989
51857524
345327762
490044587
270338051
101563201
944109313
792265422
580641848
463540914
823897846
565856255
300386025
729762295
567359804
801013443
259849739
606023341
182713889
240725010
962853702
895892775
15440645
888725215
555167615
929608817
468553005
159611122
289576213
371176219
816772613
339579071
593625826
96463481
762899755
511154299
539744163
542156293
687219815
648402410
213074725
320124538
71658838
92163522
436554250
401375455
336464231
715129815
443696335
336800989
405955892
495983896
247393925
463306376
917940027
723572244
583618198
102814141
506155893
496101913
214460699
885018089
715609232
52740658
847033021
765224303
534486710
565285102
664977933
336507876
104590865
13640462
30016488
660884241
632396030
139166913
99863197
697491582
936888687
421821837
781670246
937141877
133313172
729616002
976766692
698318438
767088032
994778565
354584115
446845373
185764979
938538159
240506911
315223096
985974189
389177239
501868242
417803385
393974620
357346298
61067685
115767472
152946810
958503938
203970855
33239293
874451525
518602430
92095559
890934791
354183937
215236650
711161916
57985206
61924125
469382872
261306841
512101902
329484564
998910928
190006429
990274843
737265183
554289311
613807699
512618998
472641514
292291327
120981681
204294509
475416927
897012165
411930412
628885114
215004296
898520292
907799281
217002049
773944530
212423581
277091838
971497264
78110243
39729868
689253455
767015704
998052867
627500600
606537440
154207899
159192414
176165651
14646902
888109344
824810486
714855592
453385984
884601877
140139920
806308786
879043110
173294558
443871491
815793074
849743581
121046232
48826482
354967114
699033741
759361516
182591477
875284047
816337817
367006316
195535868
141863985
599622382
725793688
585363576
984477538
343772983
836820053
753143382
892020165
577097188
357996150
140234343
602125517
355330135
123995128
588355514
505524857
629785191
1096315
821093018
666784799
828881952
609877208
778831019
974115708
930407751
740247683
19909322
76751107
555979154
18853432
290071587
31016432
76243412
73801499
336937782
326457371
240902743
358748816
862985828
244415683
448395908
249517965
633851235
444117891
960995434
29407065
21977306
968385760
204279125
404860342
536206447
49079141
699438885
807201246
771875586
566044823
687552926
825463034
390843123
830870863
832845304
968784512
114937145
633675863
562170143
923702539
291601409
334234262
614202119
749826074
167494443
664988276
799301531
458063275
573983263
631212229
457843226
327527165
196140769
614138642
807138938
162781992
719792339
333550418
351959094
485700431
356648454
534836393
610852505
763740417
61741098
239393120
288780441
78677155
180447408
618763627
918268406
381940522
481310529
720377329
612033876
854667999
621343332
28821525
368414449
333771160
112259474
442707787
164315250
128776078
741763940
620787184
787259933
588589349
824556781
231828204
971749644
574429427
530443743
904171903
667169484
122645285
665403084
905342652
961873268
195562794
804222085
590037668
674854631
758845161
7081973
442692041
828568128
818708267
846521520
188236563
462924972
198053827
196296945
603792481
381835152
508094222
652395703
477154181
751405562
209593753
309702936
963615924
114732960
323368266
967704628
934305983
764620085
190597255
946724712
453783450
63913273
12073909
3435354
643484597
351958807
653775227
333769524
937585371
266142351
472369304
384870321
451212146
54514975
907446326
707440087
877027786
49670357
283203347
11520024
157783958
334640045
138629981
206834744
677454286
30749717
552617767
965868457
964881190
495211544
382532746
73958024
603841820
126921942
440938143
910099430
957849022
333965050
553873002
237377905
259293153
176527941
206097871
181323152
29102649
92450585
605566794
697427911
575203977
998395449
800404716
71225179
267352977
324282364
276575866
415427562
353042268
654141261
728654906
358964554
516284079
868051305
846948920
781311197
453322830
431506991
13625466
953830191
526866094
113134971
767486096
177343650
265713598
308172402
838417454
979418934
510157518
915544658
256899896
463929048
592160716
894129518
98747000
599144418
345449964
820107880
296337078
94851794
909445784
847811275
133622336
685794828
389331097
752576716
864263153
444374770
446850375
35014805
415597632
243196049
619425884
163602346
107594236
298795828
454921413
543784859
402621481
100768383
139154038
135952288
364672819
92667635
9988707
740457280
316427892
913089091
262473841
799840911
921459040
926880330
230458121
180880659
589296080
427891946
389980392
415890017
49192828
255104063
662774292
259263962
651895365
646206891
3465022
623570611
821213788
11742715
508426573
521595857
311973762
400213490
733527638
112798918
380396627
832452148
288589078
15326259
612935376
723804698
93378326
921075711
861915328
225953314
687773444
559157063
396962739
894854877
148633465
361271055
238498055
792715994
939638357
929682675
2520117
458792749
318026709
666491147
251266858
38213732
814345828
29563618
443835204
245899978
570393472
607521230
375028408
526306181
174909120
320256066
753294754
813267549
599036222
951883650
852767490
212351733
429634602
840954549
386654212
496132012
786133366
306482437
89385389
810630774
955599848
137897430
680870600
294599082
745696934
395525659
127033560
359317298
746728988
305140122
113082595
167392013
355136055
567081018
577682847
398749129
586036908
591016035
753574619
488658852
480844133
343446401
602013206
422414487
506534480
378899805
105653388
148987258
394731452
758126474
391794986
646924430
340228093
521993187
894752847
118143846
187049248
940197063
590304229
961322519
603845971
60891140
343495831
951728303
817371960
824221243
642582360
158401596
79194984
42348265
241993873
795460099
135369982
206015008
719041088
625866506
233638787
614486340
434031416
618532954
686125465
73715285
709454718
168369848
445540092
832998228
356571804
595142170
318356647
614895676
782834218
748843299
538549409
782058546
140269900
128517032
302240365
598971926
921498736
996146774
267112435
769832260
228966215
982581591
59151875
569559618
738973826
596375368
498916887
958770967
20612469
929091094
363638683
271371581
714938454
675532382
525074963
465236659
562004296
505006977
347803361
490006021
113084184
976623929
318719957
360841235
43696106
789331619
915421807
905613377
772246832
646664596
282777171
936261405
453596682
50785194
704430130
447141040
765960047
957987832
830459632
402002706
30967168
849943329
301285743
661398535
926229300
581252460
412373780
635538118
246748980
520895132
16832137
498646831
771872470
215440632
148090887
132333372
381532925
678620958
469037160
736117539
435904053
359312028
931002875
246608745
889619027
105150582
262969225
913521410
645151926
60205533
871321167
585402437
165901832
24969379
909942946
27058354
174739778
369124078
205512036
19500598
508464068
223952569
260262302
688510354
9258842
57715019
669240760
862600687
487755413
900834782
819484165
720725698
935233335
307914805
605751460
106351752
520982976
579733257
235540503
117160124
591590559
887835429
167685920
308503736
582178125
622006099
192291966
488134478
165149599
569418365
113616731
37831983
827249814
512419981
684666828
59856864
486645333
657705424
208780425
166944893
147194827
695196232
990822390
174989066
580381139
367052664
591550612
146368738
285613380
427688243
378382706
719564341
842095295
719996211
675140060
315952220
1690110
226547345
207761555
476574122
657073565
279965852
846220170
87426743
92429464
363849602
436978597
88431799
619794032
926891422
571616314
910564110
250849129
257328056
400845279
280314441
265204187
73014513
468399722
561808951
939478559
709525595
588952459
329449690
315613283
626846192
355556154
838991616
306038469
976429174
589688627
404115930
689904104
758437512
134649059
528656300
479998496
378296552
241643226
173983239
528608243
880008189
353252332
600455662
534364442
482889022
278389095
100245250
368696199
214409725
677737661
674799060
257317938
699723468
299408212
5695151
359244378
66701073
336514328
746490628
124135863
557378013
484829751
289703724
359607086
176990156
761172283
989876609
705247946
720756260
890877830
309283991
258184768
260268489
509861492
895513424
624601880
684526773
266350307
810900301
222579549
143218710
610590763
512515427
678234076
122118319
721615063
642269438
932854378
428279540
218997846
713374479
317984478
928961597
492527080
953774657
634274063
315154784
240783905
571929120
366210011
720651715
232004693
187512163
38925549
688725874
221463825
824508459
412582160
505840616
409186932
468463948
678106738
229516411
306924767
266294526
407269499
377501338
490863131
22459517
358620342
542006509
569301521
407759400
668690254
407695432
480633950
696086532
57433580
83676161
96055320
973377851
451912708
334527087
529346282
549706817
324746904
830494052
109031145
541787570
3164244
637045207
963868378
768055575
84121983
703129507
905689172
104878939
993692539
27289375
642774901
872482112
420952196
833376924
658648959
180709301
777813110
752651961
855594735
671149156
166140939
755424890
85557828
249214952
638016040
284668029
983197577
694348268
393098749
918519996
236640496
909837932
534543015
166984876
516880751
363047221
167659013
523398
272214465
808239269
868201771
803553798
190172984
368156645
95475891
901868712
629708607
510085752
668218214
262211812
67257001
123993503
59468000
985481168
482461169
433505842
522645222
532661680
596579835
715985394
919088772
883525880
421512196
379018473
395244767
342888745
517874785
807087188
650996964
860463841
548643533
420714521
553333180
511592659
450002294
407267395
997210461
579827269
551139815
477404534
32071530
490807993
938338125
777432302
686282047
40042257
611374915
804353229
327825294
524787945
278071660
340060474
628386162
949777010
451688066
762494811
907538400
160965413
982073385
66771386
330711005
989000599
194260501
243144738
405357433
24734426
432997984
593018785
628976869
777146830
299668500
46916278
150946730
619423778
250612332
30862968
794786554
430563064
255842936
764935094
380483429
649494744
397371545
530389969
578573737
187789307
48807047
267876277
942058363
658230957
86384700
148687461
508628888
793351362
487201018
711499472
769963604
419736866
245476512
358621798
329880875
639208726
648694791
971266004
118184908
233722972
597700302
992354304
569683446
609263538
334232990
450700235
412978291
45697229
185825142
198705379
584823544
583998386
688528715
988343100
479285551
134398432
848805298
976883675
727626177
940247806
608838318
52052098
615217702
532352845
671575058
651300601
342093879
658172770
7741387
753183828
734996374
687558503
460603828
147230804
628994417
733320373
809057133
917685411
817151285
426535373
34623658
274372404
675171666
210776788
72293389
405059685
54904354
243388856
334680405
552522523
812293614
772462371
21328772
252974453
255630188
442932026
801033132
163188451
924154677
470521670
28832605
852171443
706034719
744814056
960039001
592226989
160746502
776528157
571222573
994290328
448511740
803593126
834999925
289347106
896591967
739982377
534321559
226096154
964188610
837708560
356849895
186048478
435508781
454676110
447475589
481327731
259946321
901886018
734710968
725017350
943350787
198682590
971048470
15799884
564191477
214260517
558712986
389229515
162915631
156956582
889519771
529897364
838285633
262031033
968309777
701068261
465029150
408770416
190133811
585710581
145942167
819033745
257180374
717899857
701722705
461703202
706001399
257668259
496072587
353627260
955186419
202126457
448840313
474812617
826986919
901717678
577879745
72140497
710939227
136269440
771548554
44132929
938371725
341974538
476174956
696275549
525648950
518210963
918561333
471445444
866599040
29197689
885969639
473842380
608605559
693622523
800235262
974990308
257629945
7941745
983757315
595981358
18760422
977106429
241317586
445342856
452568148
374195928
470089745
942649597
584664589
525687166
474446325
890528646
820298973
230962043
795840492
163254671
116049012
695410021
169116326
481234919
455901727
451196157
675597654
207664872
641784164
79511595
883843324
119749111
112902130
377431532
914120208
250999192
853253612
541280567
753666778
235180369
94603295
636077344
418179338
688865756
981229956
456189451
724857300
163548339
780786216
84941223
159950028
206834327
768961339
474952267
880156348
430774368
635485187
744541739
354947447
500901129
876552817
721376672
46924064
478663928
492613893
881004934
267561742
53509092
456473543
375027504
719513134
804553807
360088268
90333566
971641488
721159388
754020272
204588542
406073362
320264644
189541478
783204990
171954654
63549624
115773270
712358129
665373346
464181487
42353502
354690936
125965397
508048792
15894680
463700585
928303243
299120960
43361996
217820757
327242123
588193160
398003611
671379615
941700991
308086854
286373318
799323093
553388787
883219878
975576609
486682880
682625982
798180678
774807422
245437662
267836040
398538224
109675738
784890735
766888925
51941988
146028361
553849706
259416673
423760881
949544837
761473615
935347425
591556792
379535376
174050617
297262852
657477209
253190419
617830880
725975920
479913573
636746789
96320690
461605530
480974632
830886580
515200770
430935698
111817858
656410391
528187156
529800224
481363070
849638108
577015156
931568612
291280125
706861976
363534870
829522942
10997409
718328059
320814768
312501180
140470103
136066577
324578828
942594241
784425935
973247221
620232327
417156303
987292593
393511233
185502630
269144048
806463880
722430887
889048337
983641641
790658048
131252254
536944633
39591106
727339711
260592446
179569106
991709993
530895952
11902389
557187602
247938447
18364904
286877775
286467635
249641678
139966478
203444434
888209077
280825214
542005610
774000167
21909218
162934053
860085238
848903436
992910779
4950671
710698983
32921302
143891287
406898277
283438369
908648004
882257815
715461151
312253252
499884485
949123978
759961900
227026412
114929226
676145663
327769840
224466837
683254251
273165513
726907454
834691060
155036576
504244012
128678893
6029926
759118548
82311373
517389782
251449741
234899115
761494921
53995160
311155385
448852486
445464115
766583774
118650017
216598352
129989454
130365124
248969104
276680826
29185929
454414134
871289414
583831206
757294650
669181974
792078482
429493438
475240892
584496434
931059912
22412438
213886621
676903665
770456300
694682627
778628117
995204531
737301535
209206847
400573476
697488136
576741058
478658476
824774167
679968667
965626776
558227361
954491235
936787403
409913430
82738250
599206699
579097229
710900661
193440638
970078051
623127681
878629380
666008638
483873798
35399873
372499019
663093874
289998876
199199248
788888331
754935940
229479207
173252693
211066874
875060875
79306511
774026759
42267498
761962936
186671793
950416895
876860203
443450818
891029658
409265422
499637969
19640042
365741686
166242785
405151178
40369901
391483269
771687994
722475114
872521958
774983969
684975500
426923757
769617120
20424359
746148517
331886536
449332228
841091644
255272614
697813104
981051231
815379135
552810113
140243089
203751846
977287981
124016745
52072817
181595558
938634849
341378244
654002714
159302456
113675099
34814304
243615913
315045232
281454642
955065807
776356546
295262710
23357529
587680671
664880203
338346046
916357413
191857601
331721701
182784897
917231439
145676432
699698854
363293750
275228705
550526945
817745701
321321667
723249207
714409623
259963022
801040901
490842240
791427336
817787569
495921733
92153163
539475332
537147586
284063251
471502287
476950175
900829358
856594687
958127912
409647794
756124193
953710803
480457423
354685031
42256305
685334940
494563003
56929076
135585934
947941664
76073049
50276317
988251108
24208438
975330110
914268631
229002972
611354763
379240477
333102450
371004364
80869015
435442149
248457221
836021616
379818764
562304719
331651674
795937917
483456621
63494728
838864523
247490887
6103780
967045752
948350735
458522346
157892872
794950944
583508819
574692810
990784475
704080595
58406576
851755854
3659541
164289658
566063269
492077796
975880458
216067818
203093890
219885727
909725441
906194972
975515932
269982241
496569477
518524332
554953988
483464513
86524482
443137327
206533576
878320254
577387513
404788479
841249441
503714380
484327802
500141058
377764761
743105085
640410915
435871399
568153867
264601231
388074127
534495152
332418178
393001918
373969004
320760671
33272151
875776823
689127766
750902156
508717524
468253819
359415801
411438085
545701429
553435799
268600217
989900885
908401053
662622307
692047744
810305054
367251260
907843940
237857810
879393744
694235371
839388269
212890125
170397980
581026888
959308172
243448667
793367210
75347788
347717594
331601199
857784642
20903804
954242028
316796473
723877807
64618768
929807776
106094183
527808690
253386825
216532667
991604917
525138145
408342881
960253626
498016
646509003
783371344
662678419
194759818
227731292
815178098
567643316
908283050
596743886
12823119
275940303
512028910
657419368
357127227
916618964
216786086
388082330
64944337
643431168
303826531
543689971
173525465
966512935
10127403
519810747
483651928
368517765
239878365
405726483
571076757
465199530
5003283
627894101
890566268
990684488
530092269
773722014
168173210
887195666
729483868
882324133
791628263
605186415
240412420
927398614
962263465
910743685
843233688
443307512
205989529
89596409
865344620
242839273
166265507
896857008
813767769
420824369
82469607
377829634
731408726
289762775
492990749
662342791
171456905
842397814
963333740
575310885
95409939
665577250
90609640
846302674
198750385
923448721
497785047
183974075
984727407
859528536
214416305
859482914
782486820
70555326
954050636
180117419
536282905
588635255
836152098
648115145
810779798
904536559
116203882
767821618
420785076
524389317
545761129
94159257
960208832
285571464
525514185
467861522
949041097
604608893
439701024
361818314
602070070
93695441
557831775
295095709
795228433
515315072
208466926
302367591
402496430
511136083
267308114
221541710
644631214
531163753
959906901
577069924
868048369
17139894
184391526
530153377
339834836
188787935
384064608
471225277
938703919
534237460
738822070
356100586
175070227
815155583
427845712
36820113
686215126
638126472
696973150
675462434
178955698
640890508
927087168
996073215
709746205
278855291
450675127
748483308
1953880
10516283
394312232
382355235
278163071
52784479
236286905
317215641
729353887
10824609
876786537
660995502
652509341
578258812
352008770
819108999
22859294
961801876
944035781
830245802
744334138
636838199
141530976
33469610
854473645
33017456
161724137
125563399
973304636
839204618
988224378
744277339
578719109
917176476
241192176
528334075
263501941
937115181
409256641
655031064
921091680
460647011
850950644
256200819
339029783
527307001
299409374
19469930
990602016
283415285
761176225
857653757
740201178
688776567
166853845
308291264
300603939
964226933
951437859
45856753
233098643
61791546
580141759
507904187
908095406
517988161
843754915
618773477
483326152
787971265
744238375
60686505
46961856
35522663
186959004
19978875
611275732
972460945
801748611
493482157
345324800
759691734
23428179
137956316
460240742
506561306
953994033
943113970
756201780
432849998
52868612
831197534
6553507
708668879
287273712
428574240
788651978
937757436
970232374
168127469
315194880
875671555
369602451
968070859
691677472
80369448
902567368
222503484
623262766
270309846
61208829
214075087
235075691
277930999
133877116
60318220
195574581
213294603
590618454
770818340
711407017
720168678
65754467
619961785
27113399
987738436
774187424
335838586
210466507
946575607
70301
638792059
367335347
487879394
344331942
192746765
629735394
55529053
82700668
231766467
622071486
760088572
918006069
265814798
698956734
390264198
589307509
512240040
574874000
230393117
86483332
506276627
812470148
197070953
184139386
98791260
888680486
928259266
366903834
691390825
815658892
581515001
970657440
621099742
59223305
681700120
155205337
659173446
614313953
255145370
739905703
481693490
175060024
210913018
66557341
379243606
325595945
446894282
283487200
27329631
607599690
831887
776512953
182129014
772638164
93495565
574759875
597232951
172816983
41620126
696706850
572283354
428134577
529762080
754215836
633428230
286253899
245162581
980907950
996958072
27336952
233580995
518527690
183611076
99802693
581928699
722476175
192075170
253541947
537503084
644738162
137380387
10890448
219908135
715032099
529899002
929445899
739102930
8216449
237745461
474875015
97013927
187121716
235145785
34361926
357756135
875292624
55913133
672821331
207395306
219834045
944109810
862823642
167121976
899564976
867050040
542341873
579723043
403435951
945820055
88696173
832916912
813556608
141713801
177559051
807589530
391699469
684182973
320857010
223880865
391685954
219910723
292382891
847305889
690693099
382939867
288895015
533517105
335479941
515125778
824522389
800149028
387910179
440162232
489001798
826986290
250190741
609126362
104753039
795866017
777984819
701318709
747400263
304445828
65224491
334390233
522687638
387061952
456982831
224391609
673613433
380660422
502162362
453547333
795503342
156316434
244765887
654059008
872067016
633506438
530214578
857750525
961772369
837898626
830829753
461692747
454203742
466196621
211002180
975672251
938001697
351835890
901486795
352129390
518660353
972816847
27530904
4961340
572651761
764394912
264528133
503506490
886977111
159180212
174152416
271983428
535882955
638186477
131364749
152706651
478689968
512674551
283251505
143470490
528107377
884378703
936198070
12370006
98804551
644368646
24369332
991726806
239652242
690636599
730993550
701643058
57544354
587595814
849475705
490448658
45471287
153577956
758441545
515198405
817318817
36219306
813682112
876610527
367863653
406359423
755015600
975020477
668771955
799954821
375054368
72404519
202935629
737195835
420612474
135383482
971206498
508671203
244805689
178348547
971634694
601621360
220599292
170851321
321281622
657718887
34978574
125723067
929502236
582553986
324800680
927665965
171958103
937639072
143598808
771387086
444824533
758184951
147861389
215753440
293968993
675251431
981916890
834662514
350356837
913328391
908937203
889358111
378318306
28585002
308261769
203131428
188493789
528149231
417798279
729505005
405976660
992834125
939825535
313603836
891505437
905144692
843172990
121180600
9566056
656239862
266203931
598813163
702188799
180523968
53976051
657737498
825823562
686075115
276818825
557848137
642752974
823956672
320473215
951657631
869423269
855219784
417234997
927459002
73666826
865863175
515778363
916363917
251149075
624081585
511472582
872151598
619810702
938995661
720706521
53526719
548909213
284926468
258264385
970164529
684509426
547755103
655717262
566302097
892559539
274535310
170351351
72745051
869237978
341422621
163332030
173322708
627360227
465374762
163830801
338552426
536044919
259543557
871414866
107192035
527433563
743732651
88779159
318808124
985515666
48152045
386378578
104936254
327592201
814836207
174936245
828995112
892790028
981243563
248527078
815428310
796773530
55700024
878134880
456865533
475211337
316514786
88827311
540484105
133937837
35812939
508221582
905706319
416024269
48438752
981469062
83194271
640108820
172108122
630888023
905413266
928352274
867593817
254433612
32149492
919698207
439125177
931805895
27034112
412851403
770302433
779677115
143247593
548722254
334810778
292060658
396425910
595435092
752625114
393447302
282556192
284478242
745928731
913207680
717916065
104002430
365926436
46722335
300482907
254700092
940025019
141908926
832189099
138937965
642724609
362524463
939036966
518303332
636884482
98461070
531585623
439544880
702932088
7536720
903610768
163715064
45714764
745329258
500625611
533482079
126611205
876874820
860224123
718528666
714721171
385289885
638271195
956415451
987338141
138835560
831791774
950000280
95933866
994527633
501671443
961439011
860475686
353084363
72848225
90632791
797638690
513850804
532966952
290065645
174512625
402212257
539613543
590374343
333885108
597798601
571355670
459421271
344943194
958647239
290312798
40232922
408555098
263261084
971484549
