665963520
949968635
73900310
632839004
52246745
846447312
891117687
682426579
966210651
362384240
651827869
729352958
482604416
910647627
790766002
642052664
642414229
249750343
56585422
707400433
902909493
594307003
986784143
615922694
942035621
341506822
845166759
766424918
841335636
868786701
355713360
868378612
160133559
443874212
311187835
882408789
88991435
883249141
910902815
848750539
351651932
266367425
491072091
928497042
647344058
761279542
623220536
279799340
753503059
665489751
241177573
50609445
369873114
933793152
457284616
55847235
853081746
303736230
395035923
788833750
95497216
637273308
892769642
888677501
717268094
304826491
910764549
650018762
354223258
638877554
338218411
683086271
614779897
237871132
162790930
92213341
714584805
932004095
70025291
956606033
246389782
866888543
79138259
86789984
601125934
225710835
935879371
307548893
725189563
832067246
996348269
795363322
143812900
482807712
510802884
580105782
953833907
172996044
689129758
285784464
42610507
187490423
311000971
230075874
770647866
72726499
77263503
521124495
490453688
515886940
405727437
552763706
716993557
349618405
336123409
563085749
146633789
644380739
962236556
131922828
957452056
911003648
350930089
934176576
797860122
282557346
311870298
819492336
830061812
403734467
338378140
205477767
191081675
87142042
112019239
590428085
34002761
524206430
822836352
874451549
637104816
57395281
713037540
187466158
914447854
399611882
375997271
392089793
480502116
939287276
395153137
157749705
992038464
252861286
728200983
103162123
521103377
791229256
953651293
566401080
303302080
910754916
779946763
248772820
846184990
9321695
451982978
545579303
517006773
368199160
582756425
702377058
33632642
62732602
745200789
131469625
350750992
431729088
96901077
592021941
411611128
482512940
613333005
539609508
131450354
57522288
80481346
43137064
812080433
920004899
648774188
796539103
308580280
191973335
308167539
664952386
137618126
722862315
204639958
722789574
142590350
678372445
532429267
261339364
703398262
363805496
515724074
749690265
147176074
364196416
730661901
504754896
903258721
135457720
361502517
61563777
904486427
597741339
584699721
575710553
57127505
789276324
376081374
276480857
899685499
471796367
893501958
543112779
993885152
451893740
307587043
498700447
79786114
720336708
831200243
406516104
388354536
503071810
331484302
534792926
295758862
644417806
217175798
943677517
88684829
703527382
645036338
552087348
147649063
632229933
953886603
222535203
507874922
43133659
339764195
617126732
403258317
239043922
928088635
2047004
334472339
990421341
503859194
862061276
389452700
913190769
778510590
441320973
244338475
279444976
149592388
751419944
420152887
461613287
564495239
940041173
692294366
537758682
529853572
299479332
747627138
52772033
635473898
508036894
490535078
364388690
858829593
868730489
81316536
334010927
34374224
426773747
270826738
323227617
387780059
204319356
19104889
205317044
35157366
512051481
94369776
439728365
580364361
103607023
99163031
608026032
530977103
818230630
639958758
352004382
161255567
952389786
352294337
236101678
332355603
902093803
823203014
631886794
790691930
197451767
601793275
671036282
865571854
629830512
880254608
319862144
990458696
468709610
290105302
247598691
186992500
89742196
443087145
515730436
427929870
925489388
208430975
928823405
924088528
298767514
993241237
631212790
762039850
943832257
677958402
410500522
327224347
751046053
723651168
983644474
334208952
77641315
482584402
213193912
161878195
905485621
811218866
686530813
734794097
658057180
543984249
548040710
862515694
12608111
753661221
977156416
422495068
459960967
598096756
18515051
138218417
455880302
568188995
380161023
944799115
999028908
615913078
766589202
107323833
75311726
761422108
50052805
989958220
33911538
943686584
241270242
509325373
736193442
784240611
607742207
681797524
864786743
313374300
337197828
123163753
430583663
811112237
944592325
608786846
251624967
820653605
714077965
584721546
422728308
476295670
773642806
762490566
828180101
347682090
685550086
350146831
53631656
815863132
613281512
891728635
516746217
37967806
394874412
432921188
546213479
525769165
101265641
102771359
646018707
171337679
653353108
199126331
665347066
656064639
491748253
14633375
290183801
603623513
759336735
847987675
518388021
648616680
35231633
850668099
570671547
458297646
1565837
495546860
631247238
557980968
18809883
615537556
908015242
541625855
146120631
782610861
84772826
14956637
433115017
876392207
939873634
739446788
285839322
90596605
45838003
392081057
380431665
4449936
91445901
298035327
653037795
478665578
548065472
83406058
768468603
955329925
472170681
253400779
71082927
549927137
451428145
19935951
166640903
28079110
508521221
86235511
775506158
347845891
728391507
917052888
916962222
648136830
151781981
82806915
915900694
883243873
183380150
395707103
152319483
59537873
217156680
601961899
482947195
9355469
452814577
661275842
549451494
84767889
253356472
359607430
858147181
638005753
727710509
766872431
492530552
626088595
368540890
99646294
321812961
346833258
213531816
979863491
228708857
940476499
117884836
276892640
811952208
854265328
102933944
42618460
872100536
251928902
356251118
917737289
297035652
301125129
971826356
599024454
704991323
462461899
718901658
441089364
252112113
329406919
15694091
707183828
366309532
424603643
124472248
489871590
108893881
22530751
815238612
478465600
719533480
584160502
180392461
744628818
582625135
258223794
60796344
917151021
884559474
788648092
296052636
671472658
336985640
378118853
544732788
723537279
707010359
590798673
213062962
589284003
221246742
510322693
756044552
430384274
291014749
504355545
20232910
113144356
839495642
353870282
36918719
368935702
632606455
714226975
34609067
472817088
626253064
898656539
856767865
32273856
279483875
167281080
397488901
586352035
689446829
172680412
984638594
933684530
256769973
624418817
364743256
737871246
509391590
518040083
101540545
845033049
51069299
500358637
58468359
69149964
325863261
192735127
245657600
562923536
798910725
479568574
651790033
579570604
354599618
97333971
530423884
957906121
622369965
240463454
273357533
752285272
139490985
443027338
526831462
179541026
983999827
339176852
4933518
272065478
50804687
435149324
30042992
635340962
325608016
435388806
423162926
191075195
346662699
650040068
61140430
188950962
949191430
876376003
754265485
178556299
80091967
231707032
262047119
111758887
227820794
686402149
322433755
939920567
368792567
659326748
695438586
308165309
958353670
482433559
467220176
979582349
568955562
454896378
811017844
564568785
689258631
200711483
514074509
273541484
419427672
24338480
610488142
127114455
988374237
517280339
417747974
501476928
381321507
823973439
37042969
808365675
307482285
897922551
195434012
70738545
793187273
225538363
302321104
509869343
256118030
542520157
305500272
84552544
199022002
258486019
251151244
209918022
377371893
134893698
286889243
445857015
131891323
600652454
787443775
324170677
260668870
238959815
692335197
400601652
898809595
93646812
996994593
783377593
758332988
750562708
307082374
701667441
767626758
504478634
528743667
249868146
179080710
265939822
542673300
822619043
457324957
879152776
351188345
290416037
118028844
47153316
664764493
726777193
925495658
910020479
854322750
297943126
239558667
270388411
678175026
815921539
638337021
358095138
56263760
361837457
532697510
751079630
256417240
789707173
126085304
442027465
323561760
401268379
890918374
339670387
382842535
745348734
159695857
789024806
163962529
184254817
371807060
495446200
76807814
537209493
863278401
375432669
132599152
642412287
285161763
339737637
357899433
254742673
759643957
123373487
737847865
183877725
916705398
190790403
405775724
479275340
827805353
138287894
525219690
712933935
484161893
139483577
631808919
375498162
31599673
836693305
441831086
612109017
571857026
668128640
519205672
900656140
461925067
719077340
552412012
307471995
135467380
516840974
713680457
178214326
144561593
841640844
900623945
374584753
912421780
14705452
254243791
410420475
86705752
455779594
547424003
360737214
98766367
260927409
55046490
446749393
822610025
702075256
183115531
819132857
105067903
379421277
727345578
940746749
271764901
949530924
361452832
677442755
933226664
64203667
864371465
454574159
353612454
13016914
519320293
463179268
461539047
419215447
265683428
714373750
996018829
86064676
247185177
305326696
245220774
201925743
692220476
541076937
721707359
663404461
818813518
929312307
227517443
458254430
515116434
199990682
363414379
394708709
258622445
91895863
561904955
224286952
108428158
299369952
481540678
147569648
244161035
377834968
660610655
818966014
56942049
259558876
320910745
772052184
990142665
526290072
258295136
830751315
646646145
981693797
640758856
991913964
472992390
733838448
571223098
322144319
483713785
542424585
63697859
594171134
130925457
789315566
781405018
187616968
687587255
476895262
220079606
987713564
377603687
960983133
749805067
426087685
88149488
74141937
594210889
432355307
932106369
883345168
506020298
339679021
306613102
550095463
548687335
354397219
62262461
677460800
770832128
192590255
4800045
81828267
70567161
755326952
133488868
929610138
727288891
532079559
648871979
126567754
826755697
64608243
383928140
364176746
791094690
672556403
132306392
172514847
989493016
312539435
838777780
571598617
269434209
776778211
135026021
968883506
89285739
876563119
823778188
665005845
89444735
512067620
873868488
410665245
785180768
852692938
135850371
216377231
46036513
828314315
637614126
479492295
32997472
397777075
938914731
94445028
632450563
615134736
617980638
619179442
881245358
568675181
941847018
577908781
90586955
672539513
476524013
433797968
466914381
429375549
77221658
772917655
545089364
974496387
573454953
327137236
813658486
307129931
81877518
906815661
534225340
60495141
161454652
