801018578
300217395
628481188
271701106
872347770
991605625
126196249
615770208
840090983
238736407
847068855
423740633
869835223
25343330
232157941
944401228
397573672
176285260
134017826
197891777
777075399
832252815
116628420
994712524
468092404
792238609
415323930
240030911
75002672
822349850
550604793
970163823
347765585
781211838
764966520
268175914
70152714
627202685
170913287
522419232
202037627
830853507
40971254
648822799
680737467
90843636
17114233
416701391
754687227
464629681
363648876
621551803
777419997
309369898
29164127
884484322
754909450
799495813
912118832
975951835
950501580
276010412
399698971
200433761
59907093
33737705
787851157
54589859
960367320
814447885
499583942
63050712
920209155
992979405
179864928
722553555
353174007
563761416
653352494
738506549
890072194
772250681
660862570
158689812
865639258
984969829
616807524
670539508
93249293
158088912
931244708
662287984
544029130
196243674
317357610
535055370
849340762
957867096
392968174
987587192
40744698
654153645
423488423
271381711
547803180
248291623
424700082
795584433
170194708
739503915
8387724
689959640
579949577
50095925
183925730
815528729
437445333
851226662
900319210
825332381
303439129
995782651
996933759
283664275
867604285
763833353
724808291
852550936
340449725
535471291
781515464
563777340
588535701
480309068
302137935
867949752
504140145
827213683
543062559
650252094
555867821
310440734
422165625
354292745
817302536
934990050
869989675
72368277
54375519
701957862
148864447
313882876
944499624
575373420
732798398
759680716
817341283
182832046
459281721
798031390
794134372
521865255
924109739
516542967
239512653
684641693
403496245
469879537
210412508
882004457
762843017
726295017
375679064
52955048
367850288
461713086
181778410
79938040
397673025
572035368
50905211
268198142
741019154
86129822
862858747
801983777
467647134
791868419
99085196
824508385
379930046
834499822
591473179
617608728
737632464
434961878
668296838
847126659
492672051
744623807
432017494
913830316
950814655
144696751
726749292
240758563
390431735
780700071
427982044
627698370
897538721
629216265
377238914
100968292
94160550
918067904
494954227
269955159
804478081
28848499
708086648
332463316
517151894
27315794
8064194
540267480
311157459
824620938
699591906
134008058
494041101
263171594
416273965
448972869
106883055
995405858
739806409
757555755
841812133
829692171
446643093
433275210
85081335
891049980
773826627
191248958
323062815
224865382
349233120
495023520
560513556
503712916
656830390
145943359
787908229
376739929
654485712
661133873
957667420
569177589
206174441
930316040
473947324
873723418
152049578
343524391
43023017
38290682
742275685
412484684
173609470
196563018
120027844
764465549
447570653
271591778
716308772
552552968
898075268
479233814
154632121
42401864
184076480
177768438
984076032
197566964
145070068
859093698
417664181
942068600
863184336
708359954
376487626
391825480
105859362
951076367
407470055
157742133
492120642
48125899
313901880
552327791
13409897
642888831
513304603
375536231
416908547
362724671
136586094
718558325
917697796
999963707
618874094
30708744
400683737
942162985
536229322
375174997
541883366
829957849
583883339
934990302
330388853
452052051
707732445
221497043
881158174
439314997
259869701
289989380
216926978
989770741
591098192
193715210
815296318
4885586
230017996
684356131
259975074
116717541
366521616
86691642
420562686
973060970
391041875
850868244
996695373
511260063
32921414
799315407
219066736
340135952
849792400
254031959
421853497
983013277
505052137
308492847
643874494
585990958
486367220
946658672
864282230
984481560
247118793
180910001
785443809
408620613
586105588
358623114
444463166
968572466
759555896
867228761
529397181
924081781
808356163
746468983
518727730
563587060
780375300
524301038
313595873
957435891
783634729
868635809
585515192
594733876
584952395
294916224
646079121
733340825
536858896
327317692
264833485
795899493
648400076
121079666
718646168
13309898
548563804
323076288
125561061
854526626
733198337
296155259
299629775
129021218
847346405
383816636
807715076
278466144
775224679
400710910
309389254
345433963
94732634
936420009
206361455
254153171
71363892
830592492
406632378
598586186
360377674
414722315
966166684
215439682
806370282
396874595
172758262
230695028
214998124
942959286
844407688
210249309
765416802
8753620
272761289
420557409
504800405
579736315
177329020
528143017
502448455
529231301
247531422
590384848
683980486
378233796
965811021
198126452
67082783
346967816
245454997
725918526
667942157
825833194
914759041
123115402
888560341
19912537
827377670
62278241
551303070
352011074
17264157
920717838
534790368
401334228
317448335
773458467
556635079
834515369
835653908
788677209
808129688
772888498
813082406
209701255
846181422
918186831
578429342
818193279
76988341
331422238
509369631
953776724
959090100
548504536
320249383
90103622
114551174
141685770
776915542
372889139
207754871
160961529
738361577
461317085
672031231
191480874
899694187
410366460
318547781
27988856
833910105
46609888
619380752
579675630
765031814
10395255
307008001
563345795
601460422
947425700
261123610
661022753
800659548
414269034
909995665
149412510
949597116
679260096
73290635
192443216
268704258
352135968
579684329
490749166
251007352
130236779
848554423
233770792
990802112
251036967
151501786
769351224
417338586
687933565
125991758
709621567
606915190
294783800
610387196
406525798
597249346
508704548
44325150
641831838
917604306
497232004
994097327
574235188
163301606
600342436
789647821
533467935
644659190
870135294
340403099
334907643
937837992
851826239
682975269
376660507
496650819
908869685
164880862
595907097
492833753
909595428
152384463
149267796
306526222
519130227
197550807
91343826
720443473
602239971
65380635
186090611
975474766
552766771
576204200
462141235
722942472
506924221
549683885
752526967
812984798
302965052
892140430
61017536
272208415
303678131
304710558
249740169
192636648
654844360
578717655
602824446
991219328
341693648
310951573
710102697
387011649
458757295
874545167
372622053
293898970
622433196
196981960
306303037
526848228
648248137
845794399
594010720
3118566
212124560
679592433
642722119
726276531
211616574
590989688
340861829
865615977
948507481
411766112
286267546
306318682
514719016
131749722
707812627
107680288
852571302
578283138
204830013
337719564
181762092
322937100
364200828
192157890
405547040
98870373
314824394
147471650
25771875
59769462
285710405
697011871
884128453
531632527
573899544
153826031
756225268
667082191
746820068
42246914
849419078
955438678
573408686
566345523
104611360
106841513
57708856
424497965
841885137
521696945
334916434
971249545
340866781
245981829
306929376
741311115
175753564
91727424
978643242
221816698
579209163
65064026
223909788
575860154
469008113
612851000
794920967
31167084
80120263
487459902
531999271
915427362
878260644
49807855
808388171
500567817
765271672
505792369
190394962
441373586
984459421
992640491
538252379
86225232
499260369
627772889
933169569
672714011
386744398
120280588
293365987
204844935
313570804
349428472
446119344
977526919
328008984
331890282
48986234
769237126
66468627
233093665
385619465
794258106
704122312
558889601
608588218
354343810
889383366
508347739
67724264
535006520
574538152
874698613
323562411
120972466
158581241
944360086
315262090
510167118
559563648
904763743
173329486
684020904
189690477
522678623
95799231
303268075
662580308
627304217
137898858
16602199
619414239
958599794
251805084
539397023
716471606
407963818
62609383
122914642
342821744
514668854
472622078
605530114
670528344
203115927
902514212
315862627
569038004
95529117
487970592
588070636
115532180
1132443
460650127
358420907
991315353
710201357
383119128
846352678
513813083
532901371
759872466
35193607
56467373
693547889
332674716
143957126
321122947
862873899
983431505
545202006
383052409
98897934
185768083
427378565
630241769
721978215
742269198
175414899
816615936
470070791
111555300
604212615
399310666
668619914
162178943
827864881
234371919
933369638
723159293
436305806
157346906
171975760
584017946
198861735
832506170
652974893
658322456
208803539
890499547
125350656
267925501
113329639
231279965
408369175
823105162
885894531
685771211
836469978
730745722
74281312
307282244
861598172
934455965
862753836
912688774
988477638
760559342
943261593
847158033
737061794
254040948
878537918
584030416
882411168
181345814
676044324
833777039
240851410
819121343
755737338
852074174
520538833
44235396
965021303
55714336
879628327
966105504
605308846
861582841
561871574
96841572
994924994
837087639
788936022
795914624
176813140
506952768
611562267
286635330
866563828
319204104
680151120
416742662
602028540
169319350
521568219
545234075
674397641
582171848
365043758
678709671
709611022
419685400
925282344
17612617
437210391
83427267
924694536
678911889
127590172
302683170
246722700
799034429
174774841
594982639
354143738
457051843
86004998
97795916
279213327
192889896
354926890
272020888
23725361
56910876
225809459
410681911
691813066
544270385
844822409
271531903
600853690
373677089
810634261
12341873
764415084
242055492
228649147
275150562
329630775
753882610
543183191
376658570
663191408
697885853
576087023
76559391
658433005
236440169
160578072
192852824
714616984
753522769
67464062
988887364
35711045
326029093
977597641
903177561
290541252
666296408
73007547
838400248
457985059
17962907
32939684
736391987
519365775
9755984
246329793
337025867
493779683
663857763
812304220
194084505
875280359
36414306
538350795
406114377
852167655
685944196
75649256
439132859
308039570
82348924
308604573
150650079
430213979
699950447
10855955
415303405
780115039
64315140
222600383
727284314
304823402
642777018
581270401
45372035
511713836
577656550
515692500
634177641
873231322
671603584
182473885
757132925
934303082
276331846
117511446
259713929
88581449
832415948
192031882
123706354
610562727
198490396
551409546
772507061
46423922
4263931
958812896
149231645
300489584
732097812
756692109
486419988
718894902
320275458
415088702
430662669
845569083
287519012
381560365
44545686
837394733
979414914
286170278
18779282
317787254
306904889
318780173
654315144
218889147
51232428
313105271
496279515
790505545
293970604
907134350
278801390
186138865
505858081
356922583
764851989
902880611
451280495
96753363
937707101
55800470
442784277
421122541
490089836
778582862
398348930
471582065
705489456
616639340
530998702
611962380
599109392
379150982
658673401
641339017
858794770
477045780
155878440
3788870
862685799
966053223
33591736
931383531
191918322
580328425
740197997
977585479
669782991
221605802
254624543
336175401
137733372
81768417
343115520
654580568
45305215
687127236
500232173
479922742
235441547
332594787
749530643
881460856
495213471
331654108
454699298
595646890
910761022
664306934
742604667
93201181
80185241
846438089
848088366
790271344
343082291
762357285
755744970
611267370
37436992
487421654
435613462
549613034
601472698
512082755
272974136
664907844
838925351
260807686
389841815
136391053
373067505
901973978
882504910
431528786
913033344
655878122
103913239
219814204
799985017
237828530
539355913
827043897
866310170
216080035
882955429
170839966
902732878
865442021
883698142
966131849
175506427
275793854
729293222
494327513
419746866
691924542
223234602
180272696
853851224
860181313
415442312
816808976
472732230
991244100
3250475
379243089
334874878
446280056
801556348
661371278
180649659
420655864
882600638
401436944
730504916
93767041
125147743
621233026
29089150
289358502
95465806
9669584
278552586
678152494
451098198
808894746
521559076
740505592
952120669
176664991
567202003
738881948
257204189
692415689
478403257
251185210
576799052
307899943
31598934
118171735
847918094
305410117
523665819
659815306
341616658
152194127
507148883
179602507
544738685
230829608
403540849
807302750
163469191
659499331
865435437
594418304
182201591
486658243
746064638
586729836
862458761
179620178
58017921
299474397
716192611
811375292
907059552
546799793
734199488
549855509
440239046
6732419
213548139
187593435
207193618
862018144
549671878
814154911
192304168
35503689
641078972
566573820
393971864
895300705
794234241
957406838
56523647
541301774
104960607
381200704
608829865
603634272
320766233
146224688
200831635
867056492
510626574
929077734
421833350
289635693
368330289
226719994
911964670
164022038
37903908
534025786
882050002
542586866
504462993
950378298
226777159
112160361
156990735
689909801
66160934
395731856
571346410
748198736
930951681
429617534
827446394
585740143
725900348
672715801
812194149
658531020
775973292
581313344
369233858
639199206
96522566
52325326
466141561
881242884
98878467
88990935
317750264
139300103
989257747
382425202
708628115
297088262
948163538
227863876
81767427
784225507
304961830
890452696
578638142
903703828
587915541
378949216
758795426
549540324
718257294
697210090
192329432
792838710
855584698
293492446
436104182
230256697
796581674
212664602
639752175
509387377
355025846
733053651
479184806
769369706
227553769
736736877
419466032
906720848
238694698
164153019
209839600
877414492
468866984
18846483
409895707
214564983
459845148
526575617
838683319
990583089
813163168
739001449
418129928
585207113
113840514
913826182
877020290
531964301
670477767
272433693
255277977
537279081
415178529
443106244
471835927
220014041
205021131
600446223
305676962
586497716
963526108
623507399
227585596
701681984
271880582
900439852
468917150
385442211
633940668
822160483
546927031
746189014
600263033
479780709
840732124
248091325
442583259
303777991
918981427
409526923
767115098
986549394
17546662
527329635
746480058
483915040
165222312
224523282
181000086
281480805
491128667
514213470
859319832
757953152
92845605
671463038
190779454
829960294
564509002
972005736
722838803
897105809
651983665
361856314
512616726
721609081
617970163
859318311
459453142
29229083
714876768
641731637
565615012
1076745
101757983
178488104
561977099
996300240
757138050
424305662
156828399
766134766
551925900
788561744
138871170
827422116
193191076
157634786
752725282
88893237
444554912
798513895
729335756
477721987
876504629
811353038
307566678
954738154
441394518
847096871
281737479
258100361
997212599
698063764
88301271
69929354
599663583
68397138
748725329
209417235
659477906
393488875
38978939
856953100
634082868
15491765
521142695
819120767
861049339
75778242
98564404
549179068
139839951
894790808
480417585
494699124
518707370
119214288
791979220
652462353
726342939
206047285
559532552
542320691
177939746
864842930
15188561
381626499
331048630
538502941
552541945
937693669
446956630
11902977
863588070
354175831
439800106
837624872
319648094
988073832
40010590
754906167
739445824
336631658
233711510
385094106
617199338
145895851
792104540
630983021
83502348
510429189
920779305
38279698
242979023
217159880
851933502
19472898
143983126
944675272
869754752
68560399
104062591
280141464
482445860
227227717
556550054
907766124
181834129
784375031
43482358
410638546
559046991
98883894
7470433
994409344
144066412
907594903
982001740
757423936
316702202
859991545
986284641
510451348
493169160
901333619
441220797
120419673
647120483
848304203
628176279
202102537
359344422
605978283
936774208
626257958
550072146
62079856
591408419
420797994
961673684
677912863
607662853
487698636
788584600
332037244
707455622
119262573
844409542
157618768
406648470
971186416
726160838
213557689
383462935
8346949
690550506
78927864
141876761
679222792
200531143
582867768
473039822
324365529
588860385
252851441
736846676
157981649
858172338
107500761
989217621
567785932
212014949
890738511
574425826
627738656
332906444
41380449
565742406
791601800
682811307
855034677
588710976
897242543
26315812
842070805
954545028
23182102
3096389
261798321
544633639
157682180
890903842
382874678
724337659
811670278
955798672
858663372
970336502
559301086
226065676
703682664
52716650
518903298
131027547
557528142
585906654
84547716
702155276
916856335
958314709
580824275
648482114
136202602
703300343
868570653
894462157
674777599
216556251
178926220
50292658
269864788
933460062
595858729
677529725
405123987
364858153
116001642
984008432
982924691
369168683
121421270
631363080
949934466
431121385
730410805
992296532
231683506
782322481
267360546
96264109
40243364
847973231
874288742
273408865
798365384
308285695
515629372
61174072
466475764
649554488
549498564
284492014
483833176
732090473
235413933
903592116
767966810
993192175
608869457
216029175
196463963
132829532
22048226
983751285
959690411
486927253
947587007
717353158
77466705
818334790
489549600
477640982
77530919
325801877
654279288
870658916
320203427
408171511
870895627
405003809
432366637
574175127
912929434
953122677
195931846
732988873
464319159
898363149
306954050
285218488
62637601
754893637
572434198
296345024
802019495
809282281
963866382
47760236
741917367
936712704
755492454
225750797
519497458
64755287
503452555
871925411
89967529
707149710
150630349
788601100
341208746
27348922
59259303
94149032
430960957
306339699
960597622
313427980
927944054
219671972
884409389
633597564
260517079
3330427
79259764
633208875
152695300
395487829
296203767
179441617
236571970
742745605
228832137
722523754
289474168
526307324
415603564
263494171
246000415
854083564
125319634
357215422
595380036
540565664
939296295
637578802
475963344
533754399
560348529
627166625
664257173
324670405
839173118
337560414
927205224
944856123
10186993
254740579
457196769
796283423
717656243
972907273
729744118
783059814
683271439
621048666
832103509
471803222
867427043
455853315
788789480
885386242
53939714
984531870
573094325
999014326
711671283
974783119
819362368
902033295
898158641
817072760
500539923
377353557
393909868
507284346
713869265
177844019
496859037
88324666
449746555
529669539
603580111
556294157
358760338
513659068
833144859
125527280
776935390
853449396
276458893
376783500
706207149
782243
241688630
41550318
339807110
488691868
811657081
542906367
814351109
318597032
210960564
658073272
64323114
545330879
195288741
417483582
585478335
369076168
262779567
121111554
325953367
668880085
881995555
706004659
341583883
137743138
538655953
473559590
231897955
605656047
114611331
298313747
367730968
46493704
920605920
57171817
305015922
354604146
102338978
888735404
82167987
902872934
849984496
127468573
732036415
305338458
813188976
707190350
951131204
482846435
702925117
302006815
315331006
734470025
258982703
131282223
429571875
568361807
771393308
263399852
287252664
147580974
883339339
50154574
784167468
416114245
709096012
313382394
71092255
411454949
913583103
837814065
533460653
149789223
679006802
789286891
424894543
462489162
763765170
296885273
430932975
616737053
414220292
352237322
504754070
545762514
438372075
850760226
611435944
377257219
48183471
927025108
111462877
54600501
56516686
626686530
995074114
33205852
205283158
421236422
910594293
91756009
851973430
407635125
824822593
12482625
415237030
845593669
894489162
139058621
943567265
37823406
331602779
838840481
564278422
246329074
127170175
233379888
183947467
421165731
438076111
290180249
712847884
190699777
887480528
915420008
146063598
99285413
356672846
462749534
424897677
462118989
285915967
901982463
963898335
348515285
991258834
923615585
921187759
638399694
624684199
359052103
552934501
180158457
458101023
752210007
943723646
396797162
542580955
100520590
383680757
851714683
545103098
383948617
801530034
784499379
951884425
46409269
909425565
448078943
373607417
601688546
770371673
572517552
215832581
481402386
308496747
984003047
952248511
177625906
91857346
754703553
800400323
627646732
216698309
827784574
748948331
844840288
613505155
663171956
243701299
580240661
802533847
951744562
260115443
892484307
133893635
621947901
124789140
917160727
103511816
743259811
27691720
146451754
446244114
874021519
165739549
997086796
413776471
402029843
558121483
56732073
254289015
134841240
269560250
536457366
445301630
851791355
332437463
290292873
455402692
828311411
135365802
698695123
244446601
570971460
974657228
329604289
421631841
237975704
836873138
469001502
285159581
176153245
990704250
919468572
745481885
363007621
299302337
947169830
490198184
432498872
57552689
968803869
929676036
882099749
180499042
563663135
450480068
898705177
323444256
25024059
270947933
375988685
853357455
636015775
113543402
886577447
485335809
262648977
318501298
385654409
758537367
160686271
195502918
250918697
889597958
644701480
465473395
788260816
395360681
707103973
328664116
176584620
651682200
123067613
5121207
153473531
234747469
908865919
921617194
124367647
568425993
963575682
259470432
755477321
190571792
207147907
755522358
883678095
703999885
840627281
322624963
906550055
842142962
220684706
674993323
364976020
816511425
360048667
55362076
917346301
973164061
160958234
215069456
212757364
244064361
57395751
862252314
373744434
592317175
631720428
576778583
840694915
617241562
733586215
574841718
347822561
700508230
885400872
894598549
443991644
631541021
66120624
442277347
869656564
973404756
635959087
460331435
357189809
518561000
490290711
679642316
743680741
773984035
770953233
197394603
74193098
357468336
530821768
14666891
341705114
280202704
783207945
256599934
750018467
28348523
578091788
237351060
451210729
686615314
27145539
428731375
571241945
166363535
375582354
954274612
755518137
563617391
311763158
768186324
604551548
928512637
48216583
782106942
569852452
263274723
1873377
73139630
263739126
986140795
147629707
36034406
418685203
826401489
136689221
523867377
666288936
444084795
694854476
287640351
903633690
803106685
752752226
478838173
427314835
597134280
141124923
875606380
824486489
973862589
727001407
649918702
904732249
919145706
598216100
322041781
318834367
558156497
950786408
531636351
201496694
517917725
474715863
524107366
623448597
531928138
80249915
49752138
552696342
108876971
788611898
416701465
877982310
724005215
592596170
207274488
458952575
873777672
795976278
213323595
358434672
61676380
120701201
385336092
460001504
706627486
355924959
39094676
970125482
352784305
96621191
598618137
270690257
213404371
758971815
12081959
952092962
976322528
947447785
996364298
716845524
83326493
184032964
408581388
266444585
915342957
41944749
640021385
107411323
445326575
848743745
81011033
67232664
161710443
677632819
17030645
727091190
929102534
653945161
579375213
855337242
386235724
544633995
4532669
414323456
468404061
101647068
442678430
653398937
831074800
642308841
354576818
33630298
939961024
517905317
31023516
427738557
517984494
164137769
185171216
796699616
698272429
963111749
663166571
26071051
868968973
688777993
12469676
357868922
858119350
126532919
475512320
908341762
701291296
847657015
919104891
723846638
902645978
40404246
418865252
190809143
264905618
705881352
723098393
935514268
488349990
842409588
140357360
740373271
297995244
93984975
533161022
390479374
74665273
615689652
557027462
502224057
978594802
776010943
459872778
9672437
659064549
603836385
502105746
896487267
466602483
850006436
745136926
899938238
951284213
168094728
138294356
766119410
133205746
556681684
573254932
219458454
69496118
682961074
645814669
328845558
228089526
529705623
736549261
849267893
725785957
54541010
842037770
568683788
63787577
156645948
471716360
426342471
399936436
299003498
891594879
882593182
202428079
512489002
778013381
43253714
62287601
807903953
138946449
579147696
423690620
889344748
571444262
327485115
965351092
201464309
209714179
645932912
973235980
590929698
940808409
33649270
918326293
95923051
241189448
78904196
757635917
253899640
732820145
845467080
750765184
418700636
781682207
751350520
431765806
464054275
810398847
983717247
792252201
71190399
729661873
119725004
128818941
773084825
854772457
176087540
536948983
232393944
629397170
520066206
758887795
698224799
269495941
867443717
211594516
455996161
999471904
323116461
974887804
894020368
662616373
287749744
448827267
829674716
119076387
427669053
80012561
896318938
266405133
638262799
470697631
810789111
97832157
40017847
238490251
410189134
995291277
184449467
634848370
396648848
582494817
579063180
596635966
202737955
46448180
234122156
223330855
873104661
186214895
574322741
848781594
320308720
214002029
923878883
130242009
197218006
117728669
456287560
646918833
520633667
941008955
33070281
871344783
650838273
887546113
411283862
30176197
746809700
454430920
725993663
836235587
153927750
153793354
243077066
229236881
43247782
850909731
538734996
188744487
723232213
997134825
801145571
144981146
13831291
440619415
540699479
731153297
159047749
140175576
663584430
477847603
349757603
396800960
397773192
864837462
714055361
946330411
258688668
605757569
840313725
874233332
247383444
709798950
228187700
772896935
354698602
641605567
270642023
984969602
427200794
156888393
289652007
661688289
405259846
562763893
289918327
132184331
329237919
38577409
871056478
74021171
716305665
852967051
518283004
513283144
868272042
467841425
716764253
192330796
448794252
824526291
987962164
412996920
798485571
578882365
218547407
920190406
13921705
837199054
233352301
443250553
75184826
202341879
341054672
790414618
154476146
920574433
705906177
611266386
129496978
394129652
455712107
302898786
106974786
991802235
182128415
994422863
308756779
651611884
422026789
918037819
778198128
620279620
623100235
653954894
785226818
400071944
879336
384936159
4968531
168612191
154375650
699614519
127600792
673850886
220066520
760064054
238474473
498407771
35903186
339901396
572132805
918271307
91676477
621544801
458275582
857869990
555206892
506067615
64071251
283426831
821001365
934236161
86588666
10832352
762782412
144791116
321963611
74617751
40357145
61333815
361391692
245395681
855996728
284415130
206916686
233265815
370662936
592916634
341561527
868865716
333866978
167207534
789405791
452833514
660437879
861536892
418948365
288856624
207548426
985029926
766170217
781940907
873016637
982237734
738432690
99905600
128645778
106023471
265812280
988202987
116446858
725057998
656196024
922479334
12776145
720760548
718185013
434019936
602514721
817961531
805837214
325772842
182827562
722670951
523965213
318264711
679585105
540761790
693794770
923848953
64590763
897141228
339442241
924716857
296119228
844965129
792689237
801438321
367263255
850871446
764283452
899240725
912322120
498476587
715729593
936347394
460889474
623029829
255609617
558850928
148882364
363837137
351666557
321163200
205189542
216998105
76642221
286217861
489350656
333890009
333571976
152639812
138650362
18694131
119422059
757681757
687038847
620750584
757084222
489088090
860767875
611281642
491687969
312070549
820129252
556756731
720636955
573046130
362968576
191727017
521032518
616767137
228163530
333288628
966318337
317497952
158492592
743759937
492141432
664535305
594879837
13362422
432456872
929112362
26496992
993871671
324458156
293921276
596871679
537689677
229889808
116845921
262059724
88069138
863527920
400862214
638247290
843703015
772119747
853826905
279048417
535360841
46128048
324116007
129335391
298230890
416300244
440340375
200373974
880114958
51390136
59092462
524069762
362892381
192242279
896069038
864635732
20241428
776041837
820757050
318611737
744478079
507459971
929636390
592447394
146747272
785569254
114387880
55395125
991314103
376221819
595648073
479907550
89946994
697514362
790424772
132523078
753610824
960165115
297386190
168565883
542785761
122143423
447048113
809419977
263146355
61696204
579476041
14861561
64628839
719782924
16177803
47081542
705821403
76443477
569463473
80177996
61390577
887404939
610724784
255669204
916801706
322945290
216592977
374503734
123055332
582982218
668066253
455354808
174460422
234446932
328546365
173832810
377438090
718595494
766381327
708173976
600338315
817128862
393542230
270105110
920870806
358465141
614401567
984761386
209287258
854788746
282567716
202191049
306066808
134233015
452689
478013524
533350274
136107462
389826606
702337224
792213192
721942648
513270307
102413874
82614857
577097366
177068490
163645613
708174345
648380456
835568886
98063941
245207051
688708806
800671526
730608316
411081378
739231000
742164164
58983948
357949696
504826803
442585155
738329469
894291517
525120896
255774135
271607434
388843937
189890161
411184411
703602925
181840930
497401792
569004048
77858401
960784428
123548933
836452849
987758255
851267441
547856233
956012628
466049391
128575116
369421311
883578195
647423225
439378726
644057509
302103099
202223118
361124362
150947985
438527717
762354374
359444777
676583334
674748207
941934429
5052644
669619268
951811061
580821858
14140610
72010072
241321669
121352623
735765356
445183561
730205776
810361345
992594308
749997932
909167136
254737660
965627758
694714224
115782846
823939493
264757362
781077703
597579696
934098082
195691718
532482728
989739293
523885416
271811130
223903402
45453759
170922678
749217496
476128184
317586445
257159112
186399691
303850707
663140184
347044117
818631726
984875611
297798172
310748857
137795072
452370780
410303213
871173036
762975809
999429015
606328037
645013949
287820801
384346556
532719017
710860229
9014821
679869400
45628409
121025498
396999472
47468144
426288065
390346772
770425127
417266053
961428494
584928277
638904789
774667148
353123477
132246410
641494203
707701195
355580907
845462625
300622862
61499214
795102677
756443299
154969535
358750670
599992380
415874772
414250538
949931554
538204072
53774573
160899233
582712915
277887473
169055683
555605745
910591521
284535472
352326249
806869748
539801297
527958717
36989185
899888279
569727420
563489282
674519523
462766307
339934863
16958579
284849398
453888814
902453595
783445209
14092399
447870201
980373215
247822876
451075647
972709550
600383711
731616176
794060122
37143109
154205058
682755696
890077647
673226993
367348938
122267251
528276188
847828402
131795957
106825148
726254736
104260501
823305618
48765490
502057662
713285492
886924333
445745426
32521578
775461678
793713147
735715819
422863890
710323245
483116857
206056691
334933720
106357541
784120854
839584605
457231506
202919176
472418184
809666920
941026222
420662137
27345399
532350211
858549008
684252587
177722317
571683471
161752501
52959056
785500242
130384016
685539172
64912689
671579261
390374988
183528675
623958773
493439441
414967600
532185752
629864644
804135877
293137585
214106968
312341909
894447237
383652707
557183174
203913246
907807204
914331521
91866775
938154936
566244337
298828008
175220917
924784016
591120455
181249740
198028182
31199133
909051969
929228809
888602608
577542040
287261657
357261879
536785082
174424816
919751684
389384417
772559116
732474119
377757836
320003610
321435156
811983059
958072573
13181621
458807276
682435198
920734944
814121281
878553448
836365981
947857070
839181382
810989445
132658439
134545201
857066921
381018780
485604405
176077421
745614100
548476627
370782823
981231596
732837672
442080159
651326078
968452294
198948677
90983096
945860128
19594940
940254277
873641961
141289305
947513155
279270661
825924538
82788162
954947726
547539996
209686169
48775719
725178363
694592744
703666159
287533177
177304429
792264612
279967281
479481309
23654738
389651434
741459915
656948992
696784095
607407190
513907788
269664790
438399448
275898000
401033525
852527952
26243954
367719088
465148868
203429692
552177904
197229390
90315514
815064714
435859747
843292163
180473980
847096074
964131958
787004716
942558721
539504246
280438355
593567680
73432698
438949027
138630299
418862160
878417026
126518628
682142653
443363424
701453561
559802526
398419102
459978519
313629436
125585810
140000214
579704828
240578734
159359173
742128082
525908563
679640620
312676976
819105127
809997976
732506002
281979961
867741704
276656185
865423531
904496989
744514072
981619996
657175900
659421895
202155433
30071274
729292258
238930996
334338117
31077087
322847991
786786241
676992893
948477854
780294600
290527522
115177736
949193004
72149023
78247206
195773748
634987412
962607276
624324121
479282415
671778193
348658606
588017783
332069514
105643901
650188638
898761060
802528100
11032900
530385030
79729938
48564202
845634964
178391958
43516174
179657071
358373
716829513
525221318
746766174
609565719
866331811
702172520
188143263
146237009
430801339
595362611
835482062
172083636
409042118
272873934
642125579
545585488
629983340
431317437
91611131
122160361
797603735
273643454
80477231
437571905
705461219
379146550
729800803
459697128
162126593
48783957
170848985
556636967
156099480
928642163
578726926
434713952
853775768
674224250
313426990
929770340
821249791
138054166
380903452
231864664
970696203
947138633
394084365
784943094
997720366
584787536
256563793
766378471
112456113
341114520
404543655
992593527
712896692
207574245
461437180
212782051
672547057
83530234
801666717
706310733
627161591
197111055
322308076
147193638
65575012
492205203
884858920
690578881
919973330
58574816
646914732
654774461
19283254
197837476
997165664
22523083
448036227
250253638
868191634
427726387
406497353
401935978
170018934
322583251
517855291
165637969
236430105
500178176
618552082
499182526
139869146
366384074
532379456
807433993
669690537
910518347
220824579
73789594
158704654
882230452
870819796
721671620
929226330
298498008
621383407
802465578
845785059
694131963
906470950
403564703
400118998
270613510
842930043
579938264
684688494
749476432
952806719
385056999
245246166
118452032
662907369
668549430
96223222
997000159
22309889
855475951
494178653
304315255
409339491
953104283
619665233
764370999
323369977
680923236
97739260
327959082
228654311
353542905
379624605
567810408
827202497
936679599
638478313
817455479
643888520
709065661
78835747
477868209
484279562
854003973
881195360
31615106
337711400
951224610
75565257
932427836
82697087
490051202
445292425
58275443
600906334
621845557
176419897
749802140
917892885
67364892
810266514
852920778
198930085
74662030
596145532
765248584
593574753
257021145
451613434
644503496
722489125
758533768
505840950
611580829
680261645
807233405
524072279
964039939
41027055
861207553
412401554
636182736
70241047
201244789
543557540
608297195
551763549
189978229
388442450
750238186
229499022
451049535
125961800
917838216
844085021
924113544
812159822
890083393
337409120
583767950
784469311
226748172
92571123
513222543
280387608
655612599
618395010
251382075
33842316
845197872
269642172
791198474
357341665
765618579
84099133
633157848
895072314
303366111
369584029
648863254
203838699
839193318
524473943
455885412
657872960
513367486
460340675
402973535
234485691
432584632
470798841
457669366
828438480
335589205
267526243
913482296
286683711
940776055
683321253
15376701
799482656
513070654
970126403
999155527
639882494
248751030
381996890
946003309
638281339
155208265
764061863
185199685
993285271
317267847
653291655
592964439
880581276
1060176
827996093
891822515
79966423
218196814
45867328
914457153
305647873
50983718
959975750
705326231
810464981
684545697
578466249
864863094
568365421
756641995
180833436
223974253
412164068
839474757
909104241
389779393
587577944
450534908
112724036
30966104
990686134
444635421
123420922
240615656
247630201
981215900
252436920
622337780
594999125
202886858
502817511
10295273
866169175
667242268
188158341
481914816
103543794
251292087
411934270
310336698
810115333
243083973
801940608
485227486
570879130
333388179
820296693
419703981
900760755
554997247
610651084
184398063
65835094
777105135
393587938
828703428
368814890
869061065
855616374
947725716
284952243
420946519
782786391
440482885
540669395
768979921
498983544
766173829
359465727
713955897
297517590
739187465
23310750
152719941
436470671
455886839
728086432
259293653
88670682
328835378
540070168
548534436
683963976
16358945
494463320
192638026
62716890
5175092
304109965
513785606
999418858
284253597
218154005
618910919
639176864
589952179
163325188
199492016
879983853
130188086
244209136
104410356
671039592
133978099
136768281
936899717
650024618
702835299
404974875
186467596
916903476
269636213
121242608
700111144
618617464
770591599
417402461
174236332
87764402
317310352
91375940
812010481
833839111
568157707
504923808
569248485
628662960
484062377
121196964
187213479
714725836
345042097
413674228
396120670
177830723
32510564
861934914
293781010
794578913
232837128
748611209
981390658
743850455
472829164
524213100
851615785
410539050
368933153
585930137
182145468
663158975
515261319
594595124
787301250
370630305
934563336
661249788
825084394
494401268
763697245
890071730
700829702
789502516
457424111
989072525
391483546
146081057
372683712
622257011
658288768
46105287
116167088
614009780
608819995
20263667
956747624
136033194
516426929
140740001
841845134
786783074
374027864
824542873
559275738
776808521
530871638
325046608
483289264
364727618
208328267
587915452
438545056
340803448
387352183
272938180
48211545
124561328
339167719
95767397
761007926
220653983
611979384
179399724
923539378
167569455
267070624
221785194
318724512
230540884
63254433
470714837
757517265
130365842
578814060
651805530
56377332
373214314
432316224
383611198
789087945
222280756
422378691
193398971
698070730
980636520
764538329
601822658
670662291
523812995
785127016
285554878
792476031
135082464
210806705
459881246
442773781
849728688
335220868
351600295
875367373
892945049
26351288
332403475
180467474
37537236
969292599
571474517
86488049
510544550
138990131
17084241
330237094
686107575
620198081
801792577
589769781
712263570
976919593
303229031
274740053
220668252
908304984
559337745
244094765
93960630
353820032
203831264
562195393
899087823
728911687
985713658
780062927
833976659
299995063
867580356
132187413
813797466
482334946
54866422
347916409
387689487
487526966
405168072
109978454
428321130
358586576
136856158
791083944
807928855
836723958
416153796
616498147
96133718
271580691
793728793
261432120
421055059
971315182
732582242
398974786
797895684
656560388
801951251
931216622
521468256
99268127
168806090
441548264
790944356
841837138
638488644
965362914
112983833
989035603
680260138
964862205
757080880
20923014
904327676
202930201
471841291
933458244
269957459
449300353
968380547
779478582
108229562
5577354
824215270
714044154
101128610
477979354
609718239
209671539
679420883
880307625
964836769
992306477
60317137
141880024
407463195
317928980
603599303
339971272
880373072
963961142
35630242
465376502
952024473
149570611
866490049
108440462
970935525
701079643
272738232
153523641
336439332
807769436
856509700
617128245
447193487
407682707
93194010
259309008
228693932
87798200
953548006
936988318
861832121
956224343
246488746
450105912
445736648
215983362
372693917
625531895
188637280
511135940
705921939
943373142
976101655
284135145
843725087
217978372
242362164
741678786
551270858
47266297
495376468
996011370
868832439
660317220
117292883
339735351
363726175
24244103
792576683
835049311
488154516
480024852
559061911
999713483
801114724
203808592
740172299
253191518
33285945
33942187
415128049
372777672
253764300
974782275
806458781
565733255
177476754
560290605
578444835
663551998
662403557
196277256
339347579
868669823
858324867
568217866
50956835
472130287
65325049
114264086
856435754
567125396
156281133
620168201
678862133
444096381
158455585
644736964
269411952
801310050
610098697
954596644
343304012
960847173
258518249
716179234
20687739
975385060
853613201
252919404
307120499
573269346
174401655
673120259
352970728
878012948
461156388
970932071
556018989
710307431
938242261
526455485
787415411
59696433
894347939
639649541
660150813
218475610
699340616
9142109
405680624
874713643
358102223
305271795
670673972
853485409
901470646
78942116
488771085
58723828
567006454
681863951
552634966
403671464
260422809
464084249
641741787
89565966
796584231
133687442
586771789
458636897
662907619
452996313
834925303
979282695
973665105
164134231
968004292
347382131
63969130
882719631
298402931
775108863
710190602
308025137
295195103
323574464
854936439
84517310
380332565
363172377
461501468
544780934
88745216
155084489
297300731
551518151
884417581
291925822
189629211
336381218
917123359
852910063
832919889
527539939
102851215
89507065
325310313
294081457
694815703
622045460
311569198
6917138
613910417
887475091
248782446
884117591
204920478
69391651
451190722
980946738
591934654
290562248
93588887
376763214
725657944
769524687
614079261
290543789
381497617
589591109
575303960
65301144
719781753
670560959
255333029
519655128
370439725
309809766
35085075
816427381
845170633
251348795
482383828
373506162
70829977
590713330
429648964
596610581
529349505
757333604
459037304
65801551
581143931
857377357
779857902
433022990
556472953
253164085
202773811
812829476
14224962
566432096
652433152
225355081
920742308
215396030
579720941
410462907
235180279
336508499
311581611
93773080
118764764
415103286
200930452
570583146
422273691
16174161
946702413
121657308
575203559
972730756
728942140
402594600
459678727
185724901
784782263
61699710
766232009
294447823
245425299
989424895
850684981
520410582
394138909
628139938
906837522
656977568
615419495
620636610
796535195
797302242
702587619
491633975
251160468
437349903
858767366
399793518
635914974
174246018
213758186
662435432
915992330
258541138
951580430
713636433
983967790
291196278
741937304
878366302
22669808
124410552
773596142
692757402
405065076
288901615
659409107
118146453
891253166
474654682
74566887
890199968
149494175
863118287
335697928
404236326
52349102
724505964
805702527
672527401
705456107
798089032
640179526
96242749
972106301
189978723
828527549
255275271
552393497
167546689
105509087
459594901
86282183
179004695
986328975
173366916
324414810
553188020
23443621
293572822
412686174
756704529
342679874
742981247
102801834
381057906
553721673
92046420
192010409
834058388
254603947
603329542
685849584
551344067
862708856
172763866
605021243
927917888
393352537
112720148
890799016
216572874
951776470
617204668
762610115
924114156
464338476
317891269
856789172
512821938
857454311
988861165
800141551
211690708
153858362
141901946
733435571
143789648
381483522
16678522
69344055
702662060
993772682
690714471
39994272
270069375
738420583
510426089
531726290
781125007
18148086
835046648
326600068
20203508
15995363
310635610
982302639
644724117
703392480
952460200
551063984
165019228
621632671
762014335
535495282
984650356
428801109
593133582
64169679
733583565
434403116
652586514
758188955
936501245
241492983
717613850
774732909
828779200
157439760
667689748
181000291
868284610
98554708
333672505
201656598
523508380
783937597
497919423
806722512
382882593
511720861
237224113
750207092
998563093
461277476
992158862
121601271
387525108
660250245
669774609
103438756
437466453
256771234
671331396
255577583
413436326
176915054
229816434
426108355
29180330
659866808
609371342
633802192
862168955
994734252
98211028
463773296
720695937
344430045
484906972
380276268
596531999
537965114
577902456
493548490
724988220
418247419
978727393
838253645
649839169
289761639
37440047
165506575
115706810
509361738
208089749
720772698
241714265
396987145
175762297
318133119
636521208
823707114
668033074
499720119
545966001
435871097
42781716
757988127
412151136
260726595
542593725
985153877
881137052
740512398
825433567
413929086
73649922
886234729
213247860
604978090
483657466
638412770
411141784
398652132
572678176
572811510
432873519
219387101
290606277
314464244
584368254
641968415
682316127
662763347
280057501
240855964
956341642
256700741
474710821
76648698
190009451
255451986
980523695
49296179
535599612
59907955
551333878
717926249
501359590
326169384
135018191
837953452
475405089
25187731
737461180
152477755
214663605
842522090
435825287
615441334
62024806
867982017
898530120
409983045
573954979
200908585
233122267
156486796
860378736
899510889
840541520
740440914
358004552
990457354
382846495
354995757
559499153
724745077
193752532
217196520
609463003
851772408
32093927
397929479
910749957
142096683
698809142
707143506
441132750
35000642
876352988
112437088
533953612
828333484
593540159
721787090
937643637
758589361
534578498
943921472
122476486
280932552
369389427
747088636
456791826
445407947
506970519
106878307
820064443
441210967
534733779
807544270
140602650
84059733
780890947
82696404
263075353
372809785
858700449
912118583
760300004
984661435
583223723
637554707
196106806
813682956
453492722
943400585
655498557
981330542
639902616
286990664
39066252
421112341
398955651
182654394
867635404
688780871
147128224
417812197
654103620
439108838
43754905
156190219
941767350
482448415
248418087
409873665
761424739
801448646
207469570
944556697
911026909
192736067
575424325
750195601
101554497
736305208
485411664
244431007
718358397
676365319
767491418
695563899
777635699
738112514
451214571
219207734
404271086
812626843
733370674
779142158
662151072
271867254
317927728
623104160
342624415
900012125
108316626
134410472
159707251
390032086
206133725
656349589
54419635
706223475
159437027
439752449
228889311
888874275
885414961
690773211
37369219
683170656
954531172
649176646
603115520
629019890
894670676
8916389
279417744
531675565
430399983
344176947
278618879
185145673
926018864
238084129
283307855
700499200
993212771
707308132
330415083
423644737
376480084
90942206
888206196
243717869
150038204
127679556
547036546
686435542
819070921
499245070
239362308
367042687
773571314
682784781
729651333
882173573
54344480
315905878
130159828
936956476
771815106
50601226
750658993
111543775
354275832
890126675
530885992
355847543
239092376
25157356
809306826
15902296
814323027
752253668
336186542
342621015
146338139
450238473
874632003
757224187
802601115
858534951
929179659
109643839
64932466
742793111
320208321
713348187
49656011
382570095
782896924
712264434
112228644
350452297
600106683
183201444
612653012
639581949
674489797
49629124
885651066
529884836
917850635
494681716
430408901
967307264
394204932
796876024
765595089
680163896
799793607
727082379
604093373
27309939
605158442
999524564
271751820
511327403
892466635
3271196
685338035
544303136
802091435
961616102
509241365
874546915
147358480
501454548
714517388
545200937
826500021
259667753
706656894
978492704
455242844
826923792
687251148
12001341
629152127
318431519
393720479
893881818
931191999
482083220
907229411
831192346
325205944
907303147
558155069
822863918
518550024
705097292
983866123
260843527
287006348
736165340
47552933
532815737
204665822
824065957
390735136
774167968
497962357
179547588
637320166
980771801
34307365
709597992
687740923
173682609
701935653
975920886
189977218
455593358
659380650
527946392
220506966
379092293
752320043
156877963
879333169
874755870
375284083
129728654
332849260
114159504
234935529
30408563
707714790
484365184
388657122
339949738
449971040
202483795
340469335
421355911
309064301
146839613
448158498
921003809
586811080
265203414
882201958
631769460
236750529
946264957
985546710
480176990
672722231
375479912
136289216
853714286
405253696
886555015
556835544
178835559
439938111
545744035
204257173
456847379
178162150
503448138
462151725
982523960
401527641
118410165
876011150
883376107
979547556
227631907
800231308
95995297
912986141
756819851
117723770
904080459
543920246
153720959
480394728
809280982
271730129
23994897
986067388
250973962
99198758
309033636
286577363
533778785
375804926
754723155
371050403
681132261
526897837
55853089
468907909
224642932
908152828
752464546
657479701
403248902
639187183
446468636
983553508
349640742
547607147
341732227
205555315
931942178
206308066
174001954
433725821
468939869
840716949
412439296
584083227
329844592
281381330
442743171
299784573
248202442
438388498
647356137
779641781
690409717
334199838
114336410
547562756
913691052
116025155
52661386
478945566
394664118
53031365
444585848
152839292
863250861
53802136
266152985
809624781
627076573
330029946
941495507
4854771
792219828
193136080
637391843
935053040
590809534
715179
250313327
792576262
650953755
6629769
824034503
546080250
800548440
591922458
379642692
212116140
396052020
367013008
4564164
448638857
531850494
703958975
198182719
685817697
186405544
557345796
132077386
445484198
62611828
69297729
250853132
77925285
557731714
309293198
757007613
96587286
270894515
661067134
536226953
360207351
143803267
94524567
11457031
80778752
673456154
42415338
989300520
327846860
439707763
772862537
810209109
722363381
727414373
464674297
119789202
462522572
571775328
133103502
724390878
534503757
737177781
616603060
692783990
647877352
499806725
145300817
633744432
13327436
485517840
727747024
243042246
391326120
101440640
35109381
506578866
588059891
956402402
767552917
899085188
998795848
722922468
659222356
162310625
7282100
63891851
988233382
499398850
586805023
923231732
517917471
951441790
371236336
283483135
156400307
422605239
611658168
583775437
624268448
378709963
417072981
8117469
988535901
938055810
251404318
977397500
286709663
337721537
491795699
581361626
814068528
969716391
982018420
321740749
136735081
455684325
3238503
576930059
541683083
76606375
942845698
566609850
679687699
822959094
613982017
115610400
32880493
416907729
427444798
640179940
29704503
447754951
418964635
118025663
477872628
508345675
541184994
316602672
490450173
540338432
996238223
392751443
660244812
458793383
985468496
817360899
195295600
468897931
369517532
146879072
339504525
724774912
369630275
267539238
272288005
891565346
382905260
25349528
411607657
35875809
790532934
550242028
924100144
53776062
4681806
852923349
716659647
823704643
604997969
885367224
578781626
248273131
800860637
44872440
73046760
866827697
164526568
541195031
288688419
839939079
365989911
755027299
293538375
652040728
918861618
118593653
903734556
345717946
703538472
554487089
280466323
359114358
