200
1 2
2 3
1 4
4 5
4 6
2 7
6 8
1 9
5 10
4 11
7 12
11 13
3 14
3 15
2 16
9 17
13 18
6 19
9 20
4 21
8 22
13 23
23 24
11 25
11 26
11 27
15 28
25 29
20 30
19 31
1 32
18 33
27 34
21 35
5 36
30 37
35 38
30 39
26 40
25 41
25 42
16 43
22 44
14 45
32 46
25 47
47 48
44 49
18 50
42 51
19 52
45 53
6 54
42 55
37 56
8 57
52 58
32 59
51 60
45 61
3 62
57 63
41 64
6 65
54 66
36 67
26 68
12 69
20 70
54 71
15 72
1 73
31 74
71 75
36 76
64 77
73 78
22 79
67 80
23 81
39 82
57 83
42 84
21 85
38 86
12 87
17 88
66 89
12 90
9 91
39 92
7 93
19 94
75 95
84 96
45 97
85 98
73 99
85 100
88 101
96 102
70 103
31 104
1 105
72 106
24 107
67 108
97 109
36 110
11 111
73 112
38 113
107 114
5 115
63 116
47 117
50 118
8 119
25 120
11 121
58 122
99 123
79 124
3 125
79 126
31 127
94 128
33 129
120 130
48 131
122 132
105 133
128 134
40 135
94 136
107 137
127 138
41 139
136 140
130 141
80 142
57 143
28 144
122 145
54 146
51 147
108 148
25 149
83 150
44 151
66 152
21 153
76 154
45 155
154 156
96 157
4 158
36 159
19 160
40 161
22 162
129 163
131 164
133 165
148 166
11 167
79 168
58 169
72 170
98 171
89 172
142 173
10 174
174 175
67 176
109 177
70 178
58 179
102 180
15 181
54 182
154 183
137 184
87 185
69 186
94 187
106 188
185 189
73 190
43 191
44 192
47 193
185 194
33 195
114 196
42 197
84 198
159 199
82 200
200
0 0 1 1 2 2 2 3 4 6 6 9 9 9 10 13 15 17 20 23 23 24 24 25 26 27 30 30 31 31 35 35 36 36 37 38 42 43 44 47 47 48 77 83 98 100 128 148 150 190 194 209 275 285 312 324 328 395 397 403 456 478 510 519 528 580 654 708 722 807 815 821 827 849 850 859 861 882 901 906 968 978 980 989 1283 1635 1636 1858 2178 2267 2308 2516 2606 2996 3046 3246 3529 4283 4383 4594 4888 5318 5402 5692 5839 5994 6265 6549 6587 6683 6912 7013 7047 7324 7628 8030 8704 8827 9142 9575 23575 28367 34976 46111 57349 83676 113132 128099 132996 139084 152004 153771 160893 161054 161078 176405 183376 208145 208609 212749 214213 220215 241654 243757 245004 246876 249062 249196 262357 270889 271562 278504 285743 292497 301946 311557 317699 326228 329251 344633 349829 387957 390869 394317 427978 436847 441317 449843 469532 488487 577315 666823 710340 792045 802915 826950 870712 875283 894256 1219128 1261213 1449814 1551036 1610064 1854469 1981927 1994830 2001141 2005146 2234313 2235503 2259358 2377190 2395706 2402614 2420166 2635397 2678726 2709102 2881101