15
15
15
15
15
15
15
15
15
15
15
15
15
15
15
15
15
15
15
15
15
15
15
15
15
15
15
15
15
15
15
15
15
15
15
15
15
15
15
15
15
15
15
15
15
15
15
15
15
15
15
15
15
16
16
16
16
18
18
18
19
19
20
20
20
21
23
24
24
26
26
26
26
26
26
27
27
27
28
28
29
29
29
30
35
42
42
46
53
54
56
60
62
69
70
74
80
94
96
101
106
115
117
122
126
128
134
140
140
142
146
148
150
155
161
169
182
184
191
200
476
572
702
923
1146
1667
2250
2546
2644
2764
3020
3055
3196
3199
3200
3503
3641
4132
4140
4222
4252
4370
4795
4836
4862
4898
4942
4944
5205
5374
5387
5524
5668
5802
5989
6179
6301
6470
6530
6834
6937
7692
7750
7818
8484
8660
8749
8918
9308
9683
11442
13214
14076
15694
15909
16385
17252
17342
17718
24151
24984
28719
30724
31892
36732
39256
39512
39636
39716
44254
44277
44750
47083
47450
47586
47934
52196
53054
53656
57061