0 10
100 16
0110000001100001
0001110001101111
1010111101100010
1100100100000111
0101101011110110
0110101100100100
1000010100010011
0101100100010000
0001111001000011
1100001011111100
1110000000010000
1110100110011010
1101011111010001
0100110001000000
1010011000001011
0000000101110010
1010001001111010
1000110001100111
0000011001101110
1111010110010000
0111011000110001
1010000101100110
0100010010001010
1001101101001110
1001011000001011
0011111111001001
1001110001101000
0101011011011001
1011001001010101
1001110011110100
0001000010100111
0001000001011110
1010000111111101
1010011001000011
0101111110101000
1001001001000110
1111101111000100
1110110011011110
1110010111011001
1000101110001001
1000001011010101
1101110101110011
0000001011101111
0001110110111011
1100111110111111
1010111000111010
1111011111011010
0001001110011110
0001110011110100
0010000100100001
1001000010011110
1101100011110011
0100110110100111
0001100000001001
1011001001101010
1111100000110011
1001011001001111
0101110100001100
1011101101001000
1101011100000100
0010001011000011
1001010011111101
1110011000011101
1001001011111001
0000101110110000
0110000001110111
1000100100001110
0001000010111010
1011011010100000
0101111001100111
0010111101101100
0110110000110010
0011000101101111
0001101000000011
1101101101100001
0100111111011001
0001001111010011
1101111000110100
0010110010010000
1010111111010100
0000010111101100
0100011001000000
1000110100011100
1101010100010110
0010100100001000
1010100100100111
0001101101011000
0101000010101000
1010110110100011
0101000001001011
1001011001011001
0101110100111011
1001011110100001
0001010110100100
0100011111101001
0101110110111010
0001101011011000
1101101011010010
1111100010101100
0011011000000101
-1 18
1 24
-1 20
-1 3
1 3
1 1
1 16
-1 17
1 12
-1 9
-1 24
-1 6
-1 4
1 21
-1 26
-1 5
100 16
0110001010100001
1010001110010111
1111110001010011
1100011011000010
1100100011101110
1010110010100010
0011100010111110
0000101110000111
1011010000111001
1010000001111100
0110011011110010
0000100110010000
0101001110111011
1001101001011110
0111011110110011
1011101010101110
1010100010000100
0011001111101001
1100010011001111
1001111010000110
1011101011110100
0010000111111011
0001100011100100
1100101011011010
1010010110101000
1011111110100001
1010100100100010
1010111100011100
0111001000010011
1000011011011000
1110001110110100
0000010100100111
0110110010100001
1110100111111001
0100011011100001
1100011000101100
1101010110100111
1101000001000000
1001111111101101
0010111010111101
0010100011000000
1110111010111010
1000101110011010
1000011011100001
1111111001101101
0110011010010111
0001100011111011
0011000100000110
1101111110010111
0011001100110100
1100110001000001
1010111111001000
1010000011001101
1011100100010110
1110011010001010
0100010101001101
0110011100010101
0010100001011011
1111000110000100
1100110111011010
1011101101111101
1010011100100010
0000100011001001
0101100110111011
0011100011110000
0100111010111110
0101011011101110
0000001100010000
0000010011010001
1010100111100101
1011011011101011
0101111001001101
1100010100001011
1101100101011101
0101101100111001
0110010101100100
0000100100101011
1001101001011001
1011111111100101
0000010100001110
1001111000101000
1110100011100101
0111100100111101
1010010011100000
1001101100101111
1010010110100110
1110101101111101
0100001011111100
1000101100101111
1101111101111110
0101001000100000
1110000001001110
0100000100001010
0010110101011101
0000010010001100
1111010111000100
0100010111101001
1111000011100101
0000110100010000
1011000110101110
-1 7
1 19
1 21
-1 9
-1 2
1 11
1 22
1 4
-1 12
-1 17
1 28
-1 4
1 9
1 30
1 20
-1 32
100 16
1101001011010110
1110101011011010
1001111011000110
1011001100011010
0010011110111001
1110101000110101
1110110111000011
0101010111001100
0000011101100110
1100010100110111
1001010100110110
1110100111011110
0100000111000000
0110110111101101
0100111100011110
0111001011111001
1010111111010110
1000010100010101
1110011001011101
1011101100100101
1000011111000010
1000101111001100
0101011011010110
1010100000111100
1110010001000010
0011111000100001
0101111011001011
0001100110101101
0010101100100000
0101010111000000
1011000111010111
0010011110110000
1111111101011001
1011000010000011
1010010111111101
1000100110101000
0001011000000000
0110010111011001
1101011101110100
0011010001101011
0001011000111110
0110100010110000
1011000010011011
1100101100111110
0010000010100101
1101111010100101
1111010000011110
0110111110010111
1101100010100011
0101000111011101
1000000100010100
0100101010101101
1101011100001011
0011101101011110
0100111001011001
0110101010000110
0111101001101010
0100110110000111
0010100010010010
1100100000100101
1010001101100101
0000001100110110
1000011011000101
1111000100001001
0101110010000100
0000100110000001
1010101110001010
0010011100000110
0110011111110011
1111001010000100
1110011001100011
0010001111101110
1101111000001001
1011000100101110
1011000101110110
0011110101001001
0000100111000001
0101000011010001
1101011001001100
1001001111000010
0011111000111011
1011000011111110
0010010111011000
1010000000111100
0001011110110001
0101110011010000
1000111101001010
0110101110011111
1111000111101110
1001111011111010
1100001011100011
0111101100101110
0110100100100011
1110110110001100
1101011010111101
1011100010111101
0111000111110011
0100101000101111
1111100000011001
0011100111010010
1 11
1 10
-1 18
1 23
-1 9
1 7
-1 34
-1 31
1 30
-1 17
1 8
1 13
1 3
-1 10
-1 14
1 9
100 16
0110110110101100
1110011011000010
1111101101000101
1001100010010001
1010100100011011
0001001011000111
0000110101100000
1110101110100100
0111101001011001
0110101010101000
0011110110101000
0001101100010010
1000111100000010
1000011000110011
0110010110011111
1100001111111111
1000101111010110
1110001001010111
1010010101111010
0111000010010101
1111101000011001
1110001111100011
1110110101000110
0001001010001011
1101011101111100
0000111101101001
0100100100100010
1101111010001000
0001111011110010
0010001110010101
1110000110110100
1011011011010111
0100010110100110
0100110111001010
1011001000111001
1100111001101111
1001000010000000
1011010011010101
1101100111010101
1000010100011100
0001100000110010
1110001011100010
1011000000011001
1100111101111111
0110000000111111
1011100010010101
1001010000011101
0100001100001111
0111110001010100
0001110110001111
0000111110100010
0101010110010101
1001000111010010
0001011001101101
0010010101000101
0100110010000001
1000001010100100
0011101000000101
1010100011011100
0110110000000110
1101001010001110
1010000010000011
1010110011111001
1110111110110110
1101001110101100
0110011000101100
1010011110110100
0000110110101001
0110010011110011
0110101011001110
1101011010110100
0101011011110100
0011000001011110
1110010100011101
1011110110111000
0000101101000000
1101001101000001
1111101101010110
0111011101110010
0100000111001000
0101011111101101
0110100010111010
0001101010110001
1101010001001011
1100111010011001
0011010011000001
1011110100110010
1100001010001100
1110000110000100
1101100111011011
1111110001000011
1100011111100100
1111000000111110
1010110001010111
1010001111011101
1001110001101100
1001100110110001
1011100001100111
0100001101001001
0011000100101101
-1 23
-1 29
1 27
-1 18
-1 22
1 29
-1 7
-1 4
1 16
-1 34
1 26
1 8
1 23
1 34
1 18
-1 35
100 16
1101110001101000
0010100111000100
0111100010100001
0000010111000101
0000110011001010
1010100011000100
1010110000000111
1000011110001101
0111110110101111
0110000100101110
1111000101001110
0111000111110000
1011000101111100
0001100000100110
1101001111110101
1111000111001111
0000001001000101
0100100110010111
1100000101110101
0101001111100110
1000111010011000
1111001110010101
0100011110010000
0010100111001110
1011010001110001
1100000111101111
0001101101011110
0110000101100110
0010001000101110
1111111001001101
0001111000111101
0010011001011001
1111111001000101
1000101111101011
0110001011110101
1100000100101001
1010110111101011
1011100001011001
0010010111010000
1110001000111000
1001010011011011
0100001100011000
0001100110101100
1000100100001111
1111100111001001
0111011010110110
0101000011010111
0001000100100100
1011110110001010
1100101101110010
1011011100000011
0111100100111110
1111011001010000
0000101100110110
0100110011000101
1100111001100100
1011001100010100
1100000100110100
1110101000011000
1010011111011110
0100100011010000
0000101000101111
1011100001110111
1010110000011101
1101100110001000
0011100000011100
0000000000111110
1110001110100011
0010101000101100
1010100000111010
1010001101000101
1000010010010101
1011001010111000
1101101000101101
1111000111000011
1011111000110000
0110001101001101
0100011001010101
0110000101001111
1010010101110110
0010111011010001
0011111000000001
0101000110011000
1100101011001010
0001001101110001
0111101010011100
1110111000110011
1000110000111111
1000111110101001
1000000110101101
1100011111101101
0001101110110110
1100101110110111
0100100000010000
1100111101000010
0011000011011000
0011000100111111
0111010000000100
1110100101100001
0011001111100001
-1 5
1 34
1 12
-1 6
1 8
-1 4
-1 16
-1 3
1 23
-1 15
1 33
1 26
1 29
1 20
-1 7
1 3
100 16
1111111001000001
0100100000000000
1011000010110111
1010101001100111
1101110010010010
0011001101001011
0010101111011010
1000100100011001
1000110000010011
1011001111100100
1100011111111000
1001011011011000
1011011010011000
1000111110111011
1111100101001101
0110111111010101
0110010011010010
0101110010100101
1110101011000001
0001100100001001
1111000010010110
0100110010001011
0101000000010101
0011111101001110
1010111001000101
0111011101101110
0110111100010011
1010110110111001
1101010011100100
0000010100111010
0101111001001011
1011110000011101
0000110010010001
0101010011110000
0011110100110101
0011111100000100
0111000110011001
0011010000100010
1101110111001101
0101011010100010
1010000001110110
0001101101001011
1110010010011100
1011001101011000
0000111110101100
0100100010010001
1100010010001110
0100001110111010
1000011010111001
0101111011000111
1110100011110010
0011001011000100
1101111110011001
1001000011010111
0100100101100101
0001000001111101
1110010001101000
0011010100100100
1010111010110000
1100010010100011
0000011000100100
1001100000101000
1010111011110000
0010001101011110
1101000111110011
0011011100001000
0010101111001000
0101101111000111
0111110111110110
1110010110111101
0000111101001011
0000101011001001
1100110000000111
1001010110110111
0010100111000000
0111110000001011
0011000000001001
0111101010001010
1110100001111001
0101110110000000
0100010101101010
1111011001100000
1011110101110110
0000110011010001
1100011100110010
0001110110010110
1110100011110110
0000100100110110
1111100000001111
1100010011001000
0110100100111010
1111010000010010
1111111110011001
1000110010111101
0101010100000100
0010111000101100
1100000001001100
1111111000011011
0010101000110001
0010110000000110
-1 7
1 11
-1 30
-1 6
1 31
1 13
-1 23
-1 18
-1 35
1 27
-1 21
1 18
-1 19
-1 11
1 33
1 35
100 16
0100001100110001
0111110110101001
0101000100111010
0111101101101011
1010001111010101
0100011011000111
0111001001101001
1011101010100101
0001111111000011
1111000111010110
1000011100010010
0111011011010000
1101101001001001
0000101001100011
0100100001110001
1000000001000111
0001111000101010
1010001110011001
0100001101000011
0111001111000010
0111111101101100
1010011000001101
0000100010110111
0001001010010010
0010110101011011
1101100100100110
1000000101110110
0000000100001100
0000010111000001
0100010101010010
0101101010110001
0100111111100010
0000011001010001
0111011111001100
1000111101100111
1110010111010101
0000010001000100
1010011010011001
1001100000001010
1111110111101101
1100110000100111
1111001110110110
0100000100001110
1011100111000010
1010000000100001
1111110000011001
0000010011110101
1000111000010100
0101010000110000
0101101100001100
1000111001111101
0100011010110010
0110010011000100
1010000000111001
1100100100010011
0110000111110101
1100011100001111
0111000100011011
0110100111101111
1110001011101111
1100000111001000
0001100001100010
0000001101010010
1101010100000000
0100100000000001
0010001010100101
1011000001100011
0011101011000111
1000001110011000
1110111000101111
1001100011110110
0110100101111011
0001100111001001
1100000110010110
1101000000111110
1101001011101100
0101011101011011
1111110000100000
1011101001011101
0111100111011101
0011010101011111
1111110000010100
1110110100000110
0110001010001010
0100100110001010
0111000011111100
0010101000011110
1001100110111001
0010111100011001
0101111111011010
0001001100110001
1001110111001100
0011010101100101
1100010000111101
1000010010000110
1100000101110000
1011001110111100
0000110010100011
1111110000000111
0001010111110111
-1 20
1 4
1 25
1 3
1 16
-1 34
1 23
1 2
-1 30
-1 6
1 24
-1 32
1 10
1 18
-1 15
-1 19
100 16
1101011100110111
1011000110001001
1010000010101101
0001110000011000
0001111001010011
0001000101101111
0111011101001100
1000100101111001
0000011001100111
0101110000010010
0101101000000111
0010010100100111
0101010011001000
1100100101000010
0110100101110101
0111010001101001
1011001010001111
0000100111001000
1110100110111010
1000011001101110
0100010111111111
0000101110001010
0101110101100000
0010100000111000
0010110010101101
0101111001010110
1111110110101000
0100011110001110
1100101000100101
1010010011001000
1110110011000110
0001100010110001
1111000100000011
0000011100111100
0000010000011100
0110010011011100
1110011110101010
0111011110000101
0111000011000111
0101100111101111
1001111101000110
1100010001010000
1100100001101000
0010011111110110
0000110011111000
1110111000001011
0111111111110111
0011110110110100
0000111101111100
0011010111111000
0010000011000000
1110100100100101
1010011111100001
0110001011010110
1100101111000101
0001111010101101
0111010110101010
0011111110010111
1000101101000001
0111010000000001
1000010001101100
1111010110001110
1000000110010001
1010110000111100
1010000110001100
1001011100010001
1001101101000111
1110011110111101
0100000001011110
1001100011101010
0111001000000011
1010000101001101
0010010001100110
0010001001110001
1111010010011011
1010011100000110
0001001011100111
1111101110111111
0100100001000010
0110001111100110
1101101110010110
1100111001001001
0110010000000010
1110111000100001
1011001111010010
1101001110111000
1010001110010010
1000100101000111
0001110111010011
1010110000101111
1011101000101101
1100100010101101
0111100110011100
0000100100011101
0100010110111010
1101011000000000
0110011000110011
1011010111010001
0101100010111010
0111101101001011
-1 27
1 23
-1 1
1 30
-1 33
-1 12
1 32
-1 14
1 2
1 19
1 8
1 31
1 14
-1 8
-1 5
1 6
100 16
1101011110011010
1100011101000111
0111111000000000
0000001010101001
0111010110111011
0110110001100010
1111010110110011
1110000010011110
0000110100010101
0000010001101001
0111010100001110
0000111100010111
1101010110110011
0011100111011011
0101111010000010
0111111000110100
1010001010001001
1011001101010010
1110011100001110
0111011110011101
0110010101000000
1101101100000000
0101101110001000
0110011100100110
0111001110101111
1011010011010011
1001001000111011
0010011100001101
0001100101011100
1111100100111110
1111010111110001
1111111100001101
0011101001110001
1111001111010111
1110010101001000
1001000111000101
1000001001111011
1101010101100100
1100100101011011
1000110110110101
1110110011000111
1011011001011101
0000111001000111
0101111010111101
0101111111011000
0111111111110011
1011110000111100
1101111000100101
1011101000000011
1111100101110101
1010111001101000
1111000101100001
1010011100111111
0111101100101110
1110101110000011
1010110111101101
0000110100111110
1100011010100110
1001100100111001
1101100011010101
0000111000101101
1010010010100101
1010100011010101
1110110011000000
1100101011101101
1110100010100011
0001000110100010
1100011011001101
0011001101011110
0000110111101110
1010111010010100
0111010100100010
1011011011101101
1011000010100001
0101111000110100
1001110001100010
1001011011011001
1000001011010010
0011000110101101
1100010101000011
0011010110010110
1111011001010110
1010011000011110
0001100111011110
0100000011100110
1011101101011100
0111001011100100
0001100000110101
1101011101010001
1110000110011101
0000011011101001
0000101100011010
0101000101101110
1111000011000100
1010110000001100
1110011111111101
0100111001111101
0111100101110111
1110010000100001
1011100111101111
1 30
-1 28
-1 6
-1 18
-1 5
-1 30
1 26
-1 7
-1 25
1 25
-1 26
1 20
1 22
1 31
-1 10
-1 9
100 16
1110101111010101
0100011100111000
1000110011100011
1011011000001100
0000100100110010
1001110000101111
0100010001010100
1111101110011111
1000101011000011
0111100001010010
0000101101110111
1000010011010000
1111111111011101
0010100111110100
0010011100100101
0000100001101001
0000111110111011
0111001101111111
0110111111001001
0001010000011100
0001010100011010
0010111001011110
0110010010011000
0111000001000100
0000110101110111
0000110001110110
1110011111110110
0110110000010001
0101111011101001
0100011111110110
0111010100010001
0100101101111101
0100001011110000
1011001010000111
0010001001001111
0100001100011100
1101100011011011
1101001010110111
0101000000101011
0000001101001100
1100010001100111
0100011011110101
0101111011001111
0010001001101010
1100111110001011
0110001011101100
1100001101001111
1101000011011100
0110110101110011
1110100010100111
1011001111101000
1011001000011111
0101011010101010
1001011110011100
1011111011100001
0111100011001010
0110001100100110
1101101111110111
1100001110010100
0011001110010110
0111101000101001
1010000101011001
1011110000100100
0111011101111010
1100010010011110
1110111001010010
1100110011100010
1001111011010110
0001101011011110
0011100110000101
0100101011100010
1110100000100111
1111011010110010
0001000001000101
0100000111110100
0111100111111101
0011000111111011
0011101100010111
0111001110110100
0011111010111111
0101001110110000
1100110111011000
1010000100101010
1110000101010111
0001111000001011
0011100001110110
0010100111110001
0000011110110000
0001010111101100
1001111011001000
0010100001010110
1010000001010111
0101111000011001
1010111100100111
0011110100001000
0000000100101010
1110001100001011
1111100100010001
0110110111110011
0011001111110001
-1 32
1 1
1 9
1 35
1 30
1 28
1 29
-1 35
1 32
-1 10
-1 23
-1 20
-1 31
1 31
1 12
1 18
