0 10
10 70
1111011000000000101101011010101101000101101001000100000111000101001100
0001011101111011001010001101000001111101010101000010100111100001101111
0001101101101001001011100000011101111111100010001100101100001111001111
1110100010010010111000100010111010111010011001001011100011011001101010
0110011011100010000000101110100101011110011000110100010001011011101011
0100111110001101110000001000100010111110111001101100110010000110011000
0000000001011000010011010011000000111110010101011101000110000100100011
1110010010111101110001000010110001010111000110110010000111111000000010
0001111110000011000011110001000101111100110111111111100010110101101100
1010111001111001011110101100110011011000111111111001000001100111111010
1 27
1 15
-1 8
1 12
1 3
1 9
-1 5
-1 34
-1 6
-1 11
-1 7
-1 3
-1 18
1 6
1 22
-1 17
-1 1
1 5
1 13
-1 19
-1 25
1 28
-1 12
1 23
1 24
1 11
1 20
1 16
-1 29
-1 13
1 1
-1 33
1 8
1 7
1 34
-1 30
1 17
-1 27
-1 14
-1 15
-1 26
-1 4
1 4
1 10
1 19
1 32
1 18
1 33
-1 31
1 31
1 26
-1 16
1 25
-1 24
-1 28
-1 21
-1 2
1 14
-1 9
1 35
-1 22
1 21
-1 10
-1 35
1 30
-1 32
1 29
1 2
-1 23
-1 20
10 70
1011101110100101010000000000110110100111010011110000111110010110000000
0101101010110010110011011110010001011000110001010001010010000110111011
0101001110101111111101100101100000001111011110010111100110110010110011
1101101111101011000001111001110111101001000111000101100111000110001111
0100000000001101101010100110001110101011000011100100011001110110110001
0101000111100110011001101010010011000001011001110101101100001101100100
0111000111000110111000101011101111101011101010010010100110110111001010
1110110010011101000001111001111110011011011101100101001101010111001010
1000011011001011010111001010010001110110011100010111001110010010010100
0100111110000000110001101011101011011100001000010100111000110010010011
-1 17
1 23
1 20
1 22
-1 16
-1 33
1 16
1 24
-1 29
1 3
1 4
1 17
-1 35
1 29
1 15
-1 6
1 19
1 14
-1 20
-1 25
-1 32
1 18
-1 31
1 1
1 35
-1 22
1 6
-1 24
-1 23
1 26
1 30
-1 8
-1 18
-1 28
1 7
-1 2
-1 10
-1 5
-1 3
-1 14
1 2
-1 1
-1 12
-1 4
-1 7
1 28
1 11
1 31
-1 13
-1 34
-1 21
1 5
1 33
1 21
-1 26
-1 15
1 12
-1 9
1 34
1 32
-1 30
1 10
-1 11
-1 19
-1 27
1 9
1 8
1 13
1 27
1 25
10 70
0111100101100010110111001100000100000100011110011111011001100001010110
0001101010000000000001111101001000100010000100001001111011010011000100
1111100111100010000011001011011111010011010001010101111000111110101101
0011111011101000010001000110001110011011110100110111100110000000100111
0110100001001111110110111011001110110101110101101010111110111011111101
1111001101000000111100101110100111000100001100010011101000110101100011
0111011010100100011001010010111111011011000101101001011111100000010110
1111111101110010101001110001000011110100010001111010101111101110101110
0101001010101010010011101011001001110100000010010001101001000010000011
1111111001111101000000001111100011001001100100100001111100000110010101
1 32
-1 1
1 10
1 27
1 1
-1 9
1 9
1 23
-1 8
-1 13
-1 31
1 30
1 16
-1 33
1 33
1 14
-1 28
1 28
1 2
-1 27
-1 11
-1 14
1 35
1 7
1 31
1 4
1 3
-1 15
-1 18
1 20
-1 30
-1 19
1 5
1 12
-1 21
1 6
-1 25
1 13
-1 12
-1 22
-1 16
1 17
1 26
1 29
1 25
1 18
-1 17
-1 6
1 11
1 22
-1 34
1 8
-1 10
-1 32
-1 7
-1 20
1 19
-1 2
-1 3
1 24
-1 4
-1 35
1 21
-1 29
-1 23
-1 26
-1 5
1 34
-1 24
1 15
10 70
1100110000001101001100011000111011111101000110110001011101011100010110
1110001000010110100110111000111100100011011001100001110101100100001101
0001111101010110010001101110010011101000010000111011011100110001110100
0111011001100101110001101011001110000001110001010011100011001100010101
0111101011100101110101000100001011101101011111010000011000010011000010
0100111000011010011001011000000010111111111101010001100001101101100110
0011001100101001001111110100001111000000010000110101001001001000000111
1110010111110001010101110100100100100100101011000111000100011011101110
1111010001111011101011010001101100000101110100001010111000111011000010
0111000010011010111001001011001111010001011101101101100101011010100011
-1 19
1 30
1 26
-1 23
-1 24
-1 12
1 12
-1 16
1 13
1 5
-1 28
1 20
-1 17
-1 5
1 14
1 1
-1 10
1 9
1 11
1 8
-1 18
-1 9
-1 2
1 10
-1 20
-1 27
-1 1
1 32
-1 32
1 24
-1 29
-1 21
-1 3
1 29
1 17
1 4
1 27
1 22
1 16
1 34
-1 35
1 7
1 28
-1 13
-1 26
-1 14
1 31
-1 11
1 33
1 19
-1 30
1 15
1 2
-1 33
-1 31
1 23
1 6
1 35
1 21
-1 7
-1 15
-1 8
1 3
-1 6
-1 25
-1 34
-1 4
-1 22
1 18
1 25
10 70
1001110111101111001110010111110100111011000011110111111111101100101101
0110011011000110000010101010010111000110101101000010111111110110110101
0111010110011111001001100011100010111011111110010011011010110110010101
1000001010110100110101010100011011110110110110110110000110011011000001
1010000001011111010101110101101100000011010001001011111101001010010000
1001000110100010111010011101000111110110100011010011000110010010010101
1100010010011101001111100000010010000111010000110010010100110100011011
0011111110011100001011100110100101100001000101110111011110101100111111
0000000100100010010000000000100110100111100011101010010010111111100101
1100111111001001101001110011101010101001101101100110001100101011100011
-1 1
-1 2
-1 29
-1 20
1 17
-1 13
-1 27
1 29
1 33
-1 22
1 35
1 20
1 34
1 13
-1 28
-1 23
1 18
1 6
1 21
1 22
1 26
-1 11
1 15
-1 26
-1 12
-1 32
-1 8
1 31
1 8
1 19
-1 16
1 3
1 14
-1 7
1 32
1 25
1 11
-1 4
-1 18
1 5
1 4
-1 19
-1 9
-1 14
1 28
-1 3
-1 6
-1 21
-1 24
1 12
-1 10
-1 33
-1 34
-1 5
-1 35
1 2
1 30
1 10
-1 31
-1 17
-1 15
-1 30
1 1
1 16
1 7
-1 25
1 24
1 23
1 27
1 9
10 70
0101011000100101101001011010111010100001100111001000001010110110111000
0010110110111000110110101000010001101111110000111011001000101010100001
0001001100010100101010101101100110001000011000110010010000110101101111
1101001111110101110011001101000100001011111000010010011110011010100010
1110001111111010100101000000110011000011110011110110011010101000010010
1010101000011010111001110010111001111111010110110000000000111000010110
0101100110001000101111010010100100101110100010101101100000000001101101
1110011100001111100101010011111101000011111100111011011010100100001000
0100001001000101100011110011011000010101110110001010010111000111011001
0010011010001100000001110010000010001101010000010000001101011110100000
-1 4
-1 17
1 19
1 17
-1 33
-1 8
1 12
1 23
1 34
-1 20
1 5
-1 2
1 33
-1 29
-1 18
-1 22
1 15
-1 10
-1 30
1 28
-1 35
-1 12
1 26
-1 1
1 13
-1 21
1 22
1 9
1 7
-1 34
-1 6
1 4
1 25
1 14
1 21
-1 13
1 10
1 8
-1 9
1 32
1 1
-1 32
-1 25
-1 27
1 16
1 11
1 35
1 29
1 2
1 27
-1 14
-1 3
-1 16
-1 7
-1 31
1 30
1 20
-1 19
1 3
-1 23
-1 5
-1 28
-1 26
1 24
1 18
-1 11
-1 24
1 6
1 31
-1 15
10 70
1001011101000010101101001100101111001111101011100110010010001001000100
0010110010000101100101001000010000000001101101110011101001111011001110
0101000110101010101011100111111100000111011111111101000101011001100111
0111011111010101101110010100000010101010110001000110110101010111110111
0011011111001001011000101100000010010101110101010110001110011110111101
0010101000111101100001011110010111011101011111110001001101011111111010
0111111011111100111011000011100000101000000110100001100011111011011010
1110111000011000001011111011110000100101101001101101110101011111101110
0011111100001100010100100011011011101001111100110001110100011101000110
1001100001110110001100011101001111010010101111001101001110101100101011
-1 27
1 19
1 27
-1 7
1 11
1 12
1 5
-1 10
-1 18
1 23
-1 33
-1 21
1 10
-1 13
-1 20
1 22
1 17
-1 30
1 6
-1 24
-1 19
-1 22
1 16
-1 31
1 32
-1 9
1 3
-1 17
-1 1
-1 5
-1 3
-1 29
1 1
-1 4
1 34
-1 8
1 21
1 14
1 15
-1 25
1 28
-1 6
1 18
1 8
1 29
1 31
-1 35
1 30
-1 28
-1 32
-1 2
1 9
1 7
1 26
1 35
-1 26
1 20
-1 23
-1 12
-1 34
1 2
1 25
1 13
-1 15
-1 11
1 24
-1 16
1 33
1 4
-1 14
10 70
0010100000100101100000111101100000110010111001011110110011111001110110
1000111001101111101011101000001010101010110100101000100001000100001110
0111010001001011000010010000010110000111001100101001010100111010111100
0010010111100101001111010101001100111000011100110111010111110011110010
0010010110001001110101001100000111111100111010101011011100100011110110
1011111001000111010100101100001111001101010011100000100111101100011011
1000010110100001010001010001001111111100110101001101110101111101111010
0011000010011110110010110101000101001110000000001111001111001110000100
1010000111111111000011111100101000011001000110110101111111110110010000
1000100100111011010000010011011100011101111000110111101101100110100111
-1 20
-1 29
1 13
-1 33
1 21
1 31
-1 8
-1 31
1 6
-1 16
1 33
-1 25
-1 21
1 29
-1 14
1 20
1 16
1 34
1 1
-1 13
-1 27
-1 3
1 3
1 14
-1 18
1 8
1 19
-1 35
1 24
1 18
-1 9
-1 1
-1 23
-1 15
-1 2
-1 17
1 27
-1 6
1 35
1 26
-1 32
-1 19
-1 26
1 12
-1 22
-1 5
1 5
1 32
-1 7
1 2
1 4
1 9
1 25
-1 24
1 22
1 7
1 23
1 30
-1 28
1 28
1 10
-1 34
1 17
-1 12
-1 11
1 11
-1 30
-1 10
-1 4
1 15
10 70
1100000101000100111000011101010101011101001100101010111011000110001010
1011011100010100001101000001111111010010011111000100000000001011000011
1010111001101001001011110111011111000111000100010100011010101001001001
0111010011010011000001101100100011000000111010001101001000001011000101
0000001010100110011011010111001100111010111110011100010101100110111101
1000010010111110111101000001110001110111100100111001010010011110111110
1001011110111010111101010000110011110011001001001000101001110110001010
0011111000101101010011010010001100011011011001100100010011101001110000
0101001100101001000000010000011110101101000110101011101010111011000110
1110110111101100011111001000000111001110111011110011111011000111000100
-1 18
-1 15
1 12
-1 9
1 24
-1 17
1 23
-1 8
1 20
-1 6
1 4
-1 34
-1 22
-1 10
-1 14
-1 19
-1 32
-1 21
-1 33
-1 24
-1 11
1 19
-1 20
1 31
-1 27
1 33
1 27
1 32
-1 26
1 11
1 8
1 6
1 2
1 10
-1 13
-1 7
-1 16
-1 5
-1 30
-1 1
-1 31
-1 2
1 21
1 30
-1 25
1 34
-1 4
1 13
1 16
1 29
1 22
1 26
1 7
1 3
-1 23
-1 29
1 18
1 35
1 9
-1 28
1 1
1 14
1 25
1 17
1 28
-1 12
-1 35
1 5
-1 3
1 15
10 70
1110100111100001001101111101101011011101010110000001111111111101011111
0000100110011101000101010111101111001011011001001100001001100111110010
1011101110010110111010110101100111101001011110000000110111101010011011
0001110100011110101010110010000100100010010010101100111110110111000010
1111100011011000101100101011000011011000101000101101011011111001001000
1000111111001000010100110101011111000010010000111010110000100101000011
0111111110001000100110111000000101111010110000011000111100101011100010
0001101010110110000001001100101010001110101100111100110111010001000000
0010111100100000101110001111000110010001011111000001101011011000001010
0001001110010111100010100001011000001000011110000110010010000011101100
-1 18
-1 30
1 34
-1 14
1 28
-1 1
-1 20
-1 2
-1 24
1 9
-1 16
1 2
1 35
-1 26
-1 22
1 14
1 7
1 23
-1 3
-1 6
-1 13
1 16
1 22
1 31
-1 9
-1 34
1 12
1 10
-1 4
-1 8
1 21
1 29
1 27
-1 5
-1 10
-1 27
-1 25
1 6
1 33
-1 29
1 26
-1 21
1 4
-1 11
-1 19
-1 31
1 30
1 15
-1 12
-1 32
1 13
1 17
-1 15
1 3
-1 33
-1 35
-1 7
1 11
1 18
1 8
-1 23
1 25
1 20
-1 28
1 24
1 1
1 32
1 19
-1 17
1 5
