5
780 376314
898870 349648
810286 878254
564707 304769
29902 940000
643939 195521
544678 49197
34304 834225
293138 238359
603209 791060
48371 667395
34001 406354
232621 139068
383597 354423
341097 539438
703994 841265
368083 800811
68437 157205
26781 171114
251232 482139
37243 329603
103172 336605
920933 681781
380202 921052
666712 853152
824513 108859
903573 817163
207483 684034
784800 730271
952847 581341
411715 187626
852473 567578
804937 916125
416373 605551
968451 764494
486856 7921
525958 553079
937847 371806
519530 245429
761550 667860
784525 889098
535003 450775
798670 132699
368624 391887
664466 159411
754724 130055
758403 323966
312274 825776
894860 984655
947992 779484
131998 30747
81498 429316
55535 31099
955069 638466
671733 303534
531820 845655
266031 277652
667287 279654
448605 11892
803695 201016
391107 803255
330923 654454
963433 955499
687813 281394
442782 606977
621502 778142
934257 553231
441366 701203
72758 940559
205717 652235
305159 401118
288261 854567
101568 772094
430517 203882
357314 383445
202680 153405
822385 897067
626852 273705
914422 943728
438099 552736
140862 561907
376677 202676
322809 995244
216444 178142
362524 120244
464127 459512
525663 650695
191704 240195
976127 144009
949942 911715
756157 969022
11787 789086
928670 497808
184207 317984
902697 648269
683963 112698
52204 966374
946255 410462
648887 649201
38413 233061
273311 103528
846715 932425
777213 179240
290213 468204
880045 630260
369177 978767
181839 889967
179177 182811
18441 967845
690156 521116
783106 930626
691710 96000
901737 341017
77371 387933
409260 985759
557256 93416
688322 405485
644234 826431
423841 451778
744621 244064
141832 518847
911774 158832
349303 351529
634641 714741
94834 138730
235580 340379
363330 797840
282 684531
461620 769996
920873 881712
762519 489972
662829 1064
665090 559490
456683 464473
167756 402644
152174 808033
333714 46634
623045 220165
20725 766058
617347 426859
306457 372831
249470 800607
14632 304118
875985 45778
456781 806720
289434 70935
656249 632498
230524 474404
344993 371560
509278 409367
307453 304222
91754 189294
558794 694261
726543 432974
361866 564212
606208 117373
332735 210757
48114 424616
28276 874548
505186 103453
175732 568115
75661 927634
216272 931161
957558 562653
851101 116894
176611 725881
352436 799840
935200 271624
98353 989537
107707 147403
458612 674695
709318 410219
773091 338587
60505 847924
550118 919818
764941 734101
827049 58407
834050 889121
939358 823847
362842 718673
968313 85092
40379 235008
375793 645530
35985 149741
571846 929517
957321 342717
734965 11809
696599 329014
48773 522337
828338 240837
355071 315897
517907 894201
506605 587227
875321 283909
951330 635742
467304 24450
77874 35002
118693 935979
530549 259213
282299 932831
936840 9241
644410 45347
469453 504260
741619 464925
923046 222679
587965 173338
330749 407936
804978 9417
906559 515280
77683 934653
490716 997373
855392 900079
30217 63584
218657 682554
762687 655096
802208 715613
685690 709350
101580 750909
635194 66351
581528 681696
202437 140094
590138 8371
252066 461151
488813 3461
315424 668548
75567 846154
166989 492100
416963 685720
206591 347735
423919 539501
708815 152795
385599 381864
968601 106835
406913 260427
252542 692322
648136 730368
584738 735252
296617 188817
297646 529750
995585 752877
716366 342265
357933 812202
702324 557811
769231 576062
133715 308126
283408 36869
183846 122999
676889 735358
470567 874976
849496 844110
3672 423582
645826 507451
749309 515995
281867 946546
693215 6054
253487 472322
881483 71406
624749 448351
771665 454155
125767 653088
258374 605301
913539 497601
471874 918091
531564 467169
181923 90765
474642 852101
7240 352674
748166 505811
70230 168403
749471 822744
875575 300750
655992 714627
793942 183972
655919 32040
580836 619019
521896 627838
623638 336221
23112 484513
96805 68695
77626 57360
754893 202074
505902 456304
72526 230062
499668 880136
259630 425722
208357 340226
812277 64398
905819 341872
775023 764121
860468 695173
448302 861171
171187 549528
577989 34260
503135 255013
793614 701723
588610 746188
888869 511304
54124 490511
350955 115522
492013 156056
207940 781394
669470 909105
714713 191270
912792 583178
225943 914383
952763 38903
485486 618499
432681 645615
455506 247260
677065 470222
893566 347799
581829 497299
592556 466326
19148 417571
491934 115999
786064 197317
852760 1434
125321 568612
550436 299159
346928 9680
533517 846085
698309 387836
170788 892476
745353 416130
928382 443060
788485 129371
615219 875660
523458 518183
467041 336773
610126 136811
773991 967556
682557 722190
18987 415443
263142 52571
47188 89696
408994 366850
98961 985468
520528 793943
582864 670109
177300 895889
490567 751389
935443 987916
289839 590521
90680 678151
521028 636051
177715 45543
653895 744369
566069 725491
484283 629563
948341 625622
914347 406081
187054 742240
727203 834802
152158 938309
814771 243814
942088 425052
137967 90966
168819 434337
877809 619294
364394 20852
646549 375618
672890 10328
701116 473446
737335 892724
589962 555284
318966 21589
523177 884410
463828 463210
401347 431081
82158 65607
912395 985944
365991 583588
106357 398879
361254 773275
677626 750780
472597 641004
626901 294289
479075 784956
306888 3555
999042 862226
822744 442269
982250 246937
972300 273548
294613 260833
893554 473184
944960 82334
354139 770801
662576 293607
776986 302840
981739 262136
940616 79186
238011 455153
63171 403520
223534 879509
40682 328937
233817 643212
974755 976598
334416 744545
858390 12981
11247 171524
961519 867032
876949 524105
509600 454387
92580 975207
284 190817
386498 754683
772637 167840
821403 525250
931295 216720
355228 789602
810147 556535
953401 939554
598253 666112
208168 360941
730950 466232
87140 282836
668347 536912
672492 264648
213659 845469
935105 677604
415677 821595
401003 991969
359480 176486
303669 251424
963434 970751
275948 414564
733874 680590
331364 436756
969013 455066
807027 957118
219420 912914
821364 631183
382484 487047
693381 872348
479437 414704
483657 177372
291708 968421
574183 151468
999642 86564
71049 146505
37218 146255
401950 377113
912151 324460
588505 773155
897467 851300
672752 154194
356889 261765
367517 205815
232572 125376
250336 995524
818101 647147
951803 425425
591514 906495
956917 908698
751809 283227
171608 676159
917577 45632
553075 285635
721810 965971
91032 216142
175744 315486
976095 653227
514619 890703
668193 141451
943538 615992
963390 362432
857428 46221
665815 5698
292693 474602
647253 441133
816175 71626
540769 353217
740318 858576
534825 926689
812259 195714
190818 211413
806978 289929
549760 427913
791236 708467
327871 619979
512950 690545
434206 428752
850408 904345
872030 643696
583791 882404
146951 391525
509603 578737
193828 835984
721250 469377
326978 777588
720203 7929
446773 702649
132419 493476
789971 986666
234292 609326
772727 292536
407561 254953
184512 889973
392051 819276
540239 83225
766119 226863
812236 810240
905182 786001
98977 477418
319891 453074
509565 399483
386057 575097
177939 102776
573315 724911
336729 885072
942409 276610
738314 308240
723242 8099
205220 783661
26292 407144
465898 631679
253694 492234
952227 532672
123166 402280
271513 128465
752051 693955
836955 851573
604701 793153
783355 646420
827392 313834
586257 500474
803205 22701
359863 900117
152153 921436
952522 288954
508075 814892
200751 258337
540466 259062
890380 478116
625893 183608
872267 883908
120769 414485
340059 563941
58311 609169
225582 4685
832252 157334
563899 163048
9703 338226
790974 959111
757398 886486
868211 312348
221401 593112
700127 495999
880517 995250
386631 645805
308210 998721
531255 594692
481918 109703
580541 177736
574600 886313
903659 928609
670966 617778
22360 573851
580591 19214
39775 619940
972961 907472
924830 680401
921213 437868
773945 572122
993270 55934
55445 955033
726790 87297
794589 839183
196777 743897
556545 381216
93919 928138
845682 56530
88494 203006
245159 513937
967070 847234
612442 839086
894715 359562
338764 492315
667799 641577
635773 535921
34501 716314
173109 306730
649375 674554
34110 83047
546626 877643
55207 749996
862028 306866
708867 655839
393316 824506
435880 975308
347699 520015
98992 493092
923875 505156
115323 58233
990695 900302
870059 163972
305523 975046
321319 394783
374463 516523
894233 773579
859977 700637
816432 5100
368464 453155
230366 848520
621337 797479
103451 189835
690094 335540
71136 54790
672666 944831
663533 477355
273902 440923
657604 149011
253119 623747
550955 411065
411557 674644
681262 409212
192702 64400
209307 13088
858985 877661
325572 611021
855628 775235
709632 407759
463759 897138
987818 142549
25950 715578
763297 867186
497771 734096
841095 333151
887593 242960
701890 82230
542802 486838
105149 502776
647842 642275
940968 236809
306713 621790
731636 163567
324733 523792
345304 410071
894486 113543
228111 938255
628721 676149
81815 552333
271774 105006
408628 958246
397553 558765
825003 501848
244932 596431
664839 970753
506740 478422
122263 251878
473824 679784
880366 708077
853549 503822
664866 90531
644484 71733
541902 351222
398610 347184
882640 326588
543495 733300
879179 702634
276952 893531
211046 429342
591037 534049
521163 809622
872436 311722
394857 746551
366204 515066
734323 624647
412443 415803
17374 295667
455896 454971
275495 596106
140481 71020
91147 129215
762471 395042
982669 455595
456157 297048
427251 765641
832444 102892
722185 1400
542626 637214
451485 554620
938671 539988
208897 213502
408199 753177
831821 210183
314642 899418
662426 774857
62911 110120
487240 204887
101756 462585
787193 346279
236480 477030
55315 397271
42242 190062
494274 833509
103999 226482
224755 204470
938936 861495
815834 338384
811185 216423
133550 389664
380979 313744
81704 651317
261771 872356
188999 201922
978121 101175
506319 489440
322881 257796
887941 323466
373454 115177
78196 964255
870602 800038
501804 497124
936471 473826
761469 783103
380761 40806
867905 18813
899002 334111
959567 487309
72741 878368
525449 881346
306379 392222
466319 370709
143777 252723
990409 463521
255647 925212
409313 713829
138179 96699
120838 928198
31564 258517
910123 636810
734720 475924
867590 878622
94503 352838
449617 337617
948173 921373
356492 215191
85251 628141
106170 231943
469663 638706
188191 783900
809080 521671
826696 900408
253546 226223
512515 265948
859224 435216
50019 457906
341477 433331
787005 961156
113274 747846
43566 46018
998339 71130
752979 673535
196786 570533
268558 333364
503547 479937
288392 138364
914198 144235
941994 909718
545216 829124
31458 747815
810682 627284
111013 819190
495112 969986
7975 47405
246643 718813
87716 601758
126408 219159
640283 646524
283223 704453
425229 949598
208565 51616
83715 267968
273147 727174
61509 141889
69060 240570
981156 789478
164466 312543
266673 828181
504106 673665
955 289307
382227 61773
815605 332199
926299 78740
958245 927949
874035 209612
836919 340868
144206 483471
639440 59240
766373 960986
637019 626104
378998 392079
585160 530073
668289 856180
28743 283090
178953 925105
535825 242446
294937 783701
282528 968413
43005 541394
697778 457074
287748 702141
8138 781798
433541 403279
781039 769588
514135 845479
425643 278908
821847 102405
663373 803393
793317 768784
538024 775082
795367 344849
911698 157060
356038 455222
562149 936062
619564 353168
347841 445804
762892 747029
781576 725253
152410 489887
606561 252773
913230 587563
911926 936843
726117 561243
181174 137820
512736 640948
306259 102367
98308 473505
755973 781375
664152 468654
484357 835148
268202 405582
833811 833402
458058 993174
596208 285984
616525 436607
617765 991674
182220 605096
594810 159911
82146 103761
765760 268844
686962 692321
957896 114288
461790 157025
46762 41918
525009 9279
282687 124102
164726 444684
677414 413660
837246 296575
487363 884087
258271 565808
654523 389171
103248 879581
635129 592015
833101 854120
349741 48560
608921 837206
262856 609053
823415 34322
584001 559809
746288 727592
754259 243052
630416 587403
287676 543954
251689 724176
217727 568778
876943 861744
993123 186320
443994 603466
822771 342340
452967 471199
43964 987049
979159 37076
394705 403238
40846 434995
313034 970568
281141 161450
972737 810303
841081 354378
444500 50845
489098 521225
564454 792922
64797 454145
248030 204114
986602 241839
867686 280196
44782 79158
813805 514389
897963 107929
607013 393356
633571 932420
66566 571604
580769 834243
735241 782333
150768 153481
524142 517115
417121 398187
773879 929446
235849 294498
211947 474552
273345 728973
818004 998353
406244 238573
995520 529910
902037 142311
7812 39502
393719 438085
757172 322212
307378 349301
599020 810280
251637 181641
888395 834862
950574 309365
623091 173038
916820 963348
208330 658754
53598 562723
576315 817003
414985 204676
587254 721867
480917 148861
108844 270956
324424 234423
152020 294328
235882 324415
70249 334208
915848 588552
364394 263158
280818 30759
583896 507378
779901 928598
480763 206768
836865 935537
157982 394448
577755 247100
892494 665877
880364 154587
600095 838759
541528 941977
294759 639889
61257 170274
189825 230659
933866 87496
764811 661329
130028 33026
789864 774578
577220 578152
451007 488771
663466 21560
563898 276290
30364 813716
942152 857555
815321 41026
509660 606653
240807 359531
177964 656302
492877 311964
111346 423347
237721 926472
240430 677697
624028 92164
614498 925551
497385 379850
878997 503994
784730 595191
293009 862655
246795 497868
974181 647044
597084 802417
621859 616624
570867 238701
263395 819215
192952 61871
2814 112527
134295 495049
538452 73285
484994 162479
191366 445928
358061 623356
280893 397141
273744 797742
473378 990090
395624 907365
826851 722667
875062 221992
288564 990655
178366 698080
801804 426036
710985 136090
468708 221911
395684 684745
133371 529181
547807 761794
959509 417694
798670 100223
998519 876500
574476 79901
702253 800544
241779 217438
738116 401797
702373 650471
617808 254315
502855 522050
29543 112285
934592 170718
742564 853452
37822 532554
255973 548234
116529 811582
696014 35535
120527 616466
646340 795832
825550 972292
689586 97795
371949 294071
964295 954644
793963 612911
154102 529587
449166 509397
37429 240907
573150 41721
785343 996396
283687 929995
606226 745995
58811 411617
389041 897789
930285 156341
242467 478079
954583 601828
868786 249201
809237 472432
649005 665815
428359 652670
38246 51095
165907 956953
447157 222013
161761 385197
699507 43641
600030 364941
673088 949024
355002 901485
430398 908199
852970 300393
594004 227884
485478 531900
789932 865901
496811 491337
950260 289166
320506 327574
491041 522711
623447 503628
124135 385779
602443 109881
413250 402547
340899 179726
123761 580233
549039 155489
193526 665101
753412 582060
526423 593596
218747 307532
661024 540660
875887 71299
753502 367481
457987 439223
427877 662707
872089 995376
13772 142318
331996 851870
869164 466008
649335 894992
705380 560518
977755 578750
521112 654128
641981 290944
846829 879856
711062 783061
192014 917384
791330 209309
216747 687385
813922 545375
876852 109420
205913 5572
883170 47212
125330 294490
962671 223274
912153 435026
150682 702040
476029 430915
110308 600783
481813 636708
864277 376841
180984 827222
172791 72487
331779 15128
741785 791661
441431 189456
462414 839297
449816 929353
194091 285167
644655 750127
894541 743528
563337 771285
690449 151166
24214 215408
61978 56234
541450 749081
902287 938310
443424 970639
731418 133460
374866 580146
261226 884981
22690 412873
729073 556210
832341 307325
713703 219127
923058 934812
818373 790610
600455 504343
250059 105337
231780 675461
556923 327873
751262 579550
237147 596264
975118 49280
239735 176716
394575 530477
885917 608497
803460 242634
752095 236607
145616 18210
420116 677250
266267 451937
451351 982825
813972 380250
543879 583815
628201 990786
696006 770261
637968 257843
741498 946285
107330 659305
567566 38801
559483 313992
839410 584930
306044 560276
75991 518825
974665 377207
404212 797074
322091 17535
881540 793067
201454 872413
46469 9450
790180 744744
143611 563685
357409 735448
917099 922071
509501 411275
312160 894433
278037 974915
199785 746375
34378 618214
390745 186671
886208 295804
62214 988710
138017 685813
84299 483162
4247 144993
312326 401505
505429 342454
33370 870065
919887 334733
861998 766629
836606 319397
568812 772799
558941 961119
157827 522912
154286 974272
400742 845713
43254 23666
935818 549566
70909 365507
213228 173430
736271 347684
201289 600940
92413 301740
287908 254969
546780 330899
627075 122712
274437 285175
934770 590440
359764 800410
631743 715565
493417 848098
279548 763344
852586 312408
294145 955290
975615 725481
243687 674877
897044 484712
9678 499852
273307 93258
458903 880318
313927 304553
52203 909614
637906 355650
54450 667486
558136 522614
37725 594543
508538 186765
506141 61546
768220 829742
355177 921339
627047 932648
5565 394801
291496 222189
597333 648256
272239 267601
792694 926398
246097 690767
639141 126569
403750 850372
234157 854943
369867 622771
486622 477221
187233 886207
770504 265889
389581 294516
871620 505312
396470 815807
474220 791697
611786 240625
551519 614536
487673 229888
357374 747771
1080 619270
744113 627336
903232 365503
409250 989358
512652 806927
685632 342863
277215 151674
777022 563893
719803 989163
836050 197257
349739 90990
803254 498269
179194 722486
764842 79780
303610 497943
817328 717365
410942 74316
901647 411148
838560 253427
660625 503624
944124 635724
196421 508846
249650 653694
732030 866468
583784 566994
1169 407287
890886 586997
226203 198422
944121 155642
242680 772244
474993 284247
789837 255274
842530 87331
984384 331763
57350 786526
567163 910575
25498 331561
49900 212608
368668 790153
856328 135664
242836 826793
425091 723753
987464 761685
314777 815867
678662 657024
201353 82073
94878 430334
230228 218076
935269 966282
235843 130239
36403 382722
758878 901281
554469 680486
582326 222407
429149 780765
65308 89752
489085 130928
504039 331359
850864 669261
77106 743500
398753 263621
97051 94002
950977 308558
948422 993098
183109 517186
237720 242223
590566 507102
589244 54113
925088 97604
500897 841218
531379 507001
63354 690780
842021 343720
845245 527513
932222 833117
826661 970569
651082 317835
371568 456351
103579 244102
157985 211445
32836 207882
40895 859651
422047 610290
913684 670892
353096 983618
109103 677362
52192 155806
831395 333308
901131 794768
877702 304215
217522 274693
604338 308082
611458 856657
804807 381025
373162 867495
410599 776859
527521 877154
259833 352636
153054 706559
634855 395524
748895 688096
405088 320853
640995 157834
106582 12153
120367 315624
626752 376986
674316 226438
14618 745288
633927 964247
805792 807287
754481 536687
694423 320446
855773 542026
170821 495001
678436 922819
800819 853544
328292 837150
757874 220141
867260 441791
480595 412818
390162 334192
554157 479649
932045 775327
258268 675082
861531 194013
412604 270753
358957 624032
302962 745949
446006 524866
322787 365914
394992 756928
539642 332376
550807 104124
325479 321721
929579 663804
497947 689991
906290 583721
201613 135020
831156 346448
456120 795768
873726 371940
259674 677919
730527 971066
740726 651704
101486 777163
508435 513791
230338 143158
706747 555860
792120 565947
993342 168378
364657 334465
332204 111129
235473 492113
30878 527804
226497 26777
616302 209299
944622 793195
385146 498866
173256 757499
43045 232400
541572 428644
891350 243209
515738 546595
688375 262237
384648 121370
985015 481199
563725 978831
720520 572742
155375 858154
100066 53711
85685 306939
568702 130330
6253 865714
907036 480216
456487 468389
390718 537252
180280 656205
424107 102583
469753 934281
532652 626226
638534 363737
636754 901271
838079 623909
29166 374992
265482 76980
96344 540903
910991 982965
321449 500941
140026 495417
445377 350227
433469 865335
175553 277300
318923 589575
721170 462025
231006 804071
433116 160659
562482 482745
622992 116917
902664 700355
286239 541558
794340 914605
77824 868740
960975 803655
188014 437484
859925 639361
601832 466275
389896 949809
770991 567296
855100 213008
542475 771647
210697 250109
728839 589376
823116 813561
636464 445510
68774 362345
407130 438137
825020 798935
764443 672740
799541 274097
725709 623863
50751 978057
930897 945862
855306 643283
85255 278217
348299 590698
277015 208922
190970 610380
449579 457978
396373 29465
286066 157260
760411 233175
678175 670295
327890 303345
406951 283081
525314 466804
248007 532911
648503 759505
776060 888190
180930 12766
782729 299341
212536 997844
459317 449369
746866 720850
516298 392000
207052 949273
973590 245830
481511 307086
400046 730898
418790 273788
208934 368050
767732 854095
730267 942867
247037 373273
240938 570634
863536 754321
706101 825358
974532 207695
863717 703228
918704 403089
573410 453458
972913 246266
955357 14196
721608 982029
924615 42
68089 316406
777624 999647
818125 184770
35145 908515
974993 1826
959961 125162
287125 353004
294348 872716
273710 720858
606631 678787
826740 234889
636278 784240
327813 288378
952966 521558
792000 735829
68971 777949
649802 760801
218299 846160
756749 287629
170769 531808
266356 133035
163915 378335
206640 312239
99149 701637
960502 183477
462396 455215
707903 37816
673027 479131
247686 199771
546449 5357
51150 642660
668569 895597
843353 180348
429137 237766
165874 653297
225204 769225
409636 916596
585536 203880
391425 117083
850488 844923
157980 256032
256483 839103
875087 422432
891659 421842
530230 573789
555711 782968
68530 955004
315089 460505
22759 486535
322777 359168
674942 303213
141040 980894
646179 33021
971958 846469
920136 980015
198349 530029
618273 551899
54172 618675
307046 435712
809485 899797
180180 567358
171534 477175
591852 554332
69396 721761
900211 252739
408147 991358
58864 728001
137415 639711
231729 472135
215791 310902
918598 709803
934285 64348
111876 346279
615399 891467
349443 237400
216393 378660
544417 581184
504768 860138
350525 660356
523168 77829
849725 808559
954368 351809
12616 14637
865977 138572
731340 172625
355178 259900
108986 420624
773815 675334
809029 896003
620165 445704
140903 67112
240447 822080
984155 997602
746196 780050
575844 670965
446327 810566
132613 952779
728542 963336
245575 330034
672964 433958
335222 509659
573671 149141
326180 986780
864971 412205
414692 959919
279221 87976
609040 568177
704304 212136
38916 409956
6667 361646
62753 547630
496089 252899
250059 178839
643311 10643
387179 52111
341098 853228
575662 3813
102055 997827
808708 522449
501257 953232
746530 893164
432439 122862
667008 238450
736027 287068
488027 749767
509732 35006
686069 106351
733316 494044
496144 929044
305907 82082
19702 122372
991210 869278
192052 804848
640297 970694
264347 676526
703602 380399
960382 712760
872523 131543
693302 786795
191040 996124
227489 544841
399007 666690
564446 406904
458746 801394
244883 147649
112552 329589
30760 885969
565892 940541
167497 367803
160941 86940
833319 981236
56452 146571
841144 450133
472114 160421
568307 194653
713759 143145
36629 17645
541564 428603
347294 265290
700474 846051
175700 375262
154128 566925
937087 767991
895033 667016
372460 100614
913139 736711
416043 860065
416898 141091
28240 314946
991147 16086
961461 72583
94137 902786
713142 728752
81019 769192
345908 999459
181252 313521
629844 974251
375978 11561
626301 855413
277704 732543
175389 200146
578492 681030
734692 652599
209513 202103
81159 211520
494902 486764
236798 983977
783885 304295
101895 867859
499101 536649
275233 101701
605464 198619
352273 550761
578038 186313
615137 122507
543793 868194
930332 172637
856967 891929
722451 200374
873274 993543
413916 574926
776083 895399
612877 830339
507419 198616
33349 28311
648481 855711
348260 889968
597559 219618
749773 983511
705653 308654
823979 172601
959604 852209
104042 891241
335828 515777
810489 457692
668918 419092
811407 276716
740099 837573
420963 334933
40227 229654
319602 141627
687175 512936
829117 471202
443808 949317
436232 845877
558757 901398
736796 139840
64081 997549
985029 571189
809379 590141
382869 135019
326428 302557
429472 526554
81349 570696
588670 173856
815718 506592
791117 961023
975 694694
512684 323293
317843 462468
109376 434691
824520 374659
81331 176735
414473 115221
781871 860226
672244 617869
710888 768546
753965 354978
343952 388632
930649 399407
480032 103139
576611 865974
969046 549092
345082 253080
757425 745824
182225 397407
481399 679810
786462 833205
534192 450198
582491 485417
783080 555534
718728 439921
563888 843329
808615 400163
903326 654567
338879 646651
55432 798878
661978 933336
200205 368105
974983 280063
972941 831339
694168 472406
311660 878064
164517 236266
790355 47205
543496 144554
455406 497499
568862 366506
53295 764488
849420 890976
441674 872134
629560 166186
904311 984338
617932 996103
104051 865934
937590 882009
517695 395839
881770 616746
185183 828239
791391 815716
657500 651021
676494 114647
894723 417768
566135 304118
981220 148152
348123 392986
823828 25589
337155 957246
954283 368382
849079 778114
445511 152339
794568 958248
670215 208155
111303 581466
185041 23775
354251 530850
441356 188749
731439 239472
760422 480438
814161 46551
360783 141264
81877 584528
674813 986485
785184 582646
343974 866914
967069 501257
69449 867832
994939 971627
210981 600639
378093 972134
990656 165150
103849 486372
531490 761765
763626 508277
148375 126211
623662 918413
26865 487056
555192 580291
375875 189892
24527 365331
517351 963390
536381 114780
482617 896766
133137 755939
611162 243819
663070 863502
750638 713038
534714 543274
975454 973397
781183 506598
234391 650257
840077 520854
992585 463544
286982 800433
420969 216420
862289 868115
514735 381074
750616 680700
111768 137828
465481 32207
69349 375712
187033 828371
886170 400686
188540 322677
839105 605278
937711 481924
306981 554847
905198 18548
125591 813961
72766 35932
515052 857620
673061 381176
362044 796063
399660 340904
205477 668011
553700 408814
155014 666845
25246 617780
62277 655999
977969 492868
526474 387839
917624 19790
123841 975278
242450 881574
697179 685250
398688 579779
184846 661333
714827 500097
292240 222564
127931 157408
834016 935185
137697 315843
1214 224162
13166 451953
441966 277759
768409 60311
37881 811768
808988 142212
780843 704764
68152 532844
284054 951715
543853 706598
69773 869990
5699 224111
913130 271137
983556 788516
827850 918040
779200 845259
726539 332847
775239 532811
173845 984816
439730 533423
35534 29513
652699 660199
355492 296715
420448 766151
866567 694765
768996 352902
729324 773191
709262 665152
974091 505175
610952 38005
31841 453695
992705 267272
980463 550724
114155 15040
228282 928529
857342 144075
810761 367923
794995 595766
492778 802522
191946 229814
603310 563294
320453 342434
610280 162552
327275 371638
919089 760644
931077 789650
210919 779014
81700 542777
816042 872034
588825 616914
655581 827746
159292 884266
476587 495860
727654 243505
401279 66538
129783 393913
958283 155064
233552 386298
239362 684153
925018 357200
628574 891882
973693 330811
17307 83694
527978 782110
431866 727432
1938 784129
749823 514020
694636 825999
549747 871183
764147 367256
336739 947513
708517 488656
573663 602618
980038 308238
481403 642059
553371 719374
771922 185737
368815 643568
699518 702901
925970 495287
364641 529271
236117 9483
335903 607894
892367 88439
757985 289921
621658 101739
573268 158729
708055 500539
880680 729125
918950 11999
637714 780653
826799 311921
971403 12895
469916 691570
618830 309917
499228 661573
747422 384493
384994 414962
642365 424568
326947 518116
777910 951756
777500 628843
624788 849882
439114 627003
845289 667127
972912 903276
413256 760479
763413 101304
896395 467566
165186 489664
765581 690790
67656 405703
473393 320108
458361 9781
752282 777226
911018 299733
271729 492782
592376 599703
699874 541610
779903 305359
607711 305330
726372 143989
43803 936674
170317 683107
427344 563957
808099 968730
857531 617102
920343 575869
642842 475827
549850 723220
410613 79373
444452 956106
47122 821738
736238 388847
894398 318075
332087 991288
101131 677974
167491 266938
750669 293492
872983 89330
8221 203572
930367 885376
77654 325719
37064 169639
858010 813122
800262 208015
249550 144192
356239 737476
799065 283773
700862 36660
834985 990859
650161 736756
273134 772065
782412 565116
544221 186071
969460 464678
712111 691628
758356 977907
787232 330048
706907 551622
542896 147994
172220 266343
657573 286883
544621 392065
945990 853161
766953 593957
941218 127773
401326 899141
798727 556309
592063 22201
63884 274954
219683 550206
790344 89499
49188 679154
816728 674313
40721 104729
41564 249274
130236 518171
299642 451702
856637 846403
408282 67692
8173 777410
65193 23982
365484 305002
883671 759537
922716 382003
127320 980814
430756 134138
250470 993347
287406 792957
527358 740851
196520 259040
905119 514850
153287 118187
920718 146490
383167 12553
768212 159816
254412 736139
819134 54656
886125 537123
362844 706933
213348 435562
923139 222370
428151 539418
376588 13732
939186 235796
134930 155773
59746 848347
575927 648018
833051 399383
538336 766382
585972 911380
106037 23869
513798 895809
637026 482194
808688 454833
249368 996257
564822 635740
428876 420294
342685 136223
241783 197628
423536 520504
808021 108775
112126 110091
412454 755723
263162 709088
479344 110162
6746 229539
487675 244809
550681 921954
614739 132580
800373 382739
476426 985462
125170 355467
91316 235130
868757 149192
515433 897421
370473 112744
53382 869489
398973 394415
693228 574027
68067 347525
535871 605734
816307 86198
58920 749742
955079 756656
153492 559222
350141 114633
700658 337843
253432 723894
211769 989246
653599 432085
852577 160086
391644 750756
6821 918555
627486 647815
456903 533588
726743 338310
936459 695403
589119 69709
369275 930987
298703 807211
349154 620873
834247 331603
306065 571224
388585 372126
687837 990611
198907 16902
631647 370775
535177 674796
400498 558374
457632 962260
625529 272166
412757 305380
796950 679903
495996 622952
982644 166465
815089 691985
926654 354524
356307 569265
47590 672677
406083 269441
788063 754296
893738 790172
958499 543697
736432 332161
886638 978641
854790 833364
688641 704063
605085 79709
54944 517956
885996 10568
739476 106734
75950 625636
916329 553391
550753 926756
51057 676379
970312 883105
475584 780909
723435 460182
342638 322178
559890 704866
455576 805468
89677 29385
23071 81697
251887 703283
891815 862874
446286 708204
236441 646068
605765 775651
752162 352770
648370 488875
813234 954681
182136 247933
953406 491123
560638 847924
824383 236844
100846 113103
50480 97480
935031 78706
405331 995659
799371 523494
212397 513439
169442 238676
346757 725970
299958 323918
788201 996758
381892 354759
394410 574591
964177 704085
733851 221768
390691 276342
138710 447375
247492 891464
79798 288148
501699 815120
19614 923773
453874 582324
132529 122965
840937 44865
826968 433417
68353 597862
167487 846058
498458 125558
131416 264942
159061 864298
827222 651694
119003 406557
100467 160681
386068 651086
486699 50752
464049 635937
482559 231224
403427 776287
913523 973883
453345 198769
808528 193495
806374 394025
276835 435710
890673 93114
793596 768964
464003 617915
614768 506980
505508 106727
702807 343804
757343 242912
519694 396748
416577 731431
105462 461371
887134 598246
347508 43218
726604 626854
662639 93182
489382 298009
517461 577298
596682 116754
943254 40963
430684 675976
397799 109995
357313 328919
244225 720007
136804 19902
314655 548601
615604 982561
345092 106502
576612 170121
695794 515096
686058 142944
615092 332157
496384 749878
243413 387751
541862 70206
898855 180650
305438 763985
848509 670402
725295 265002
426929 190794
23395 414952
378271 325061
331849 514064
447207 517337
161843 759368
816047 333775
51641 673501
651807 321109
511796 142590
630500 871292
440580 489087
673517 978490
156363 691287
751793 801577
223920 383457
905895 61382
61532 908127
813644 399474
628992 46963
450465 509877
154573 778852
936810 39862
881467 290527
256753 161412
721987 239923
967233 144913
58341 21715
876715 341554
680610 507096
521667 262304
162242 843389
834148 425913
332112 190498
193000 914304
810522 156873
51505 111128
695602 754204
366564 61261
862703 371365
284776 263756
811372 529172
494956 729190
593159 203709
779742 674961
720868 373335
717620 600423
23656 564093
284775 847781
479550 774897
586674 669997
550869 339413
190680 362501
231136 225456
624860 163989
53461 795311
285382 536876
93423 356065
18533 482876
3180 650618
959303 238362
457935 597393
946307 283775
666399 221090
509104 904777
326502 417932
275947 100027
251827 621012
212053 98361
807641 300129
52946 743181
140910 423358
920779 293157
383628 531611
197420 701202
744595 447179
686695 793354
443493 730439
799984 958503
446697 24618
838399 709414
33801 50548
138450 877673
104179 13704
281448 69173
773020 583789
879366 597621
441336 909392
224053 765045
995460 303232
902018 726504
550140 725361
796797 792227
956645 14330
950843 317855
899076 650199
942101 548539
391333 912936
648166 756215
218774 93040
193745 592890
333609 794710
961784 380621
125557 888935
308294 330462
711637 707346
82726 46654
908776 762539
77322 447460
999951 643753
601893 942440
797875 275304
700593 534664
592700 67112
781034 765414
528218 547340
405712 743687
808512 153115
495977 407382
768037 110274
464765 156319
329281 573329
253465 811349
713110 399737
846732 633357
852516 700693
556397 365632
193971 575454
783315 278349
395021 105844
461851 625780
434305 50460
228646 32221
531170 893693
339608 298447
797766 889122
839322 296825
114696 970363
655577 799404
259462 12636
634565 398558
33251 638012
468179 327913
992774 502711
554299 277450
959129 607501
342843 76131
95051 225185
762834 823610
787918 363771
721221 143544
563802 908230
690462 275370
188712 80338
577576 836803
247800 184019
759284 359192
497548 828640
525847 137250
212394 990773
264874 466240
431390 263154
447113 484403
137718 487194
126868 853920
395844 572628
789425 46865
204192 901422
196808 855220
268515 812565
486213 735130
650669 933150
783193 953146
571679 401728
838010 599660
368994 958935
147999 567982
648926 327459
394117 683810
236676 201031
228396 488270
964997 224075
481819 549019
260632 166106
391448 494230
442168 414468
510128 320370
651683 748413
766581 956420
727389 955612
527739 248518
288043 340894
229594 596
434392 749664
174191 849586
310132 40616
636891 139012
861583 261853
590531 561493
35010 145162
580110 861265
943207 406112
952234 629514
288924 808945
722567 548726
32773 459573
670874 889840
325767 55944
873691 36467
174029 784426
214152 589538
548870 694206
34528 44163
113764 98828
700585 624895
228895 135999
152362 315939
441649 584039
232114 263138
938648 828600
744207 280657
701399 188234
66775 700522
49460 812375
233315 802570
206907 897408
729743 755186
998202 770184
474427 325066
764036 227863
862285 458073
787694 872440
963117 719758
105493 275675
783752 59
155349 535636
361037 590100
59539 369051
856819 843060
458869 787658
156145 604057
661028 568674
631364 245283
689041 924038
605997 703385
713389 578238
529648 245156
318639 328181
270870 305169
862931 986620
637484 957203
573461 643909
924290 736703
287994 891304
455021 268943
121287 948257
377093 793312
391879 780240
134823 718708
924874 55096
31476 300464
778913 642817
367633 672222
959779 237047
705061 868205
849195 560648
325598 913388
263831 623497
188909 674707
713035 335026
580741 75130
425708 889757
969247 191903
269285 495819
699641 525029
929253 335263
883922 128911
246943 510753
281072 570825
609289 187388
589787 932256
25245 212417
38303 661829
311772 413666
247950 729294
580998 105912
488123 729461
873890 611389
602048 377623
632317 730194
734265 32182
620387 180218
990983 19127
192743 740445
127630 594277
114273 40198
38071 453228
268138 593062
307886 79647
562722 226319
823589 47410
218155 882234
896528 812545
531116 290625
188647 397447
125390 738021
472807 429863
57986 212745
293073 209127
484537 228405
426793 184880
340139 609237
566649 987280
538833 142647
230220 960056
651115 291664
849011 405054
772539 422264
510915 566812
222855 635753
365716 669295
22043 144836
65540 20473
742148 332109
552306 336672
714006 983850
778051 868844
199527 853799
903265 846797
296274 446773
173751 340050
98678 854374
497206 305651
345012 568114
825236 380168
756213 500534
755463 916432
32225 303600
971982 477291
281768 968452
258217 348832
618301 354170
377180 412184
266902 878590
691759 747873
821230 11038
234353 562028
863555 820944
443185 976080
665497 237929
253507 880388
956660 851431
60097 105897
429474 98024
731655 619134
336815 697328
689334 657897
920174 606759
307250 144501
938487 544601
692644 261070
929124 711988
395129 179335
143763 759758
827169 112404
511143 724700
387985 488145
856711 415100
160001 637242
181917 782764
349294 377456
839895 530768
204121 661818
291242 929136
829575 930113
563338 472952
582527 553299
999028 506103
170063 501601
897445 220832
680647 7042
353695 335820
868093 413102
249067 608821
433671 768451
272146 147196
204548 636611
643682 818917
470355 903955
905072 781334
834586 389566
635984 299164
830976 777072
198942 495333
509492 664124
646329 805319
594724 356055
294018 524151
253319 494043
297314 802771
794259 739204
410113 605849
593095 4342
229904 442733
879267 876597
48000 285336
485291 805291
308872 804291
471080 324710
649699 701696
316647 361815
57615 645121
793527 451861
803855 371679
375727 715224
470442 254357
911206 160062
127531 657154
119993 848585
676639 817898
676617 897695
569882 741302
639355 121544
174834 13103
66742 315956
326657 870663
185384 504563
329320 759504
933697 699579
143943 265731
85814 624421
833734 624699
373951 368944
101583 490231
564569 359037
33 149083
642886 590609
564350 820336
558088 620758
517390 866527
200234 692314
416186 606138
211575 143758
743298 345908
432000 682569
335208 579235
830298 46019
212659 105669
819166 394522
380397 443576
724520 96272
158629 237313
958296 433163
299373 916998
259028 181652
699996 163924
791940 315288
311758 686362
861972 541866
530335 907179
719670 64127
896564 248704
554014 945905
479859 325620
258308 607485
899333 382598
510245 991812
786459 287259
177921 983182
350 575225
585438 312066
71709 137165
293061 868207
683323 907941
199680 364935
550271 800695
20834 136670
816170 130649
27455 632047
620676 251015
971567 102039
866392 63904
912079 831641
619891 972776
805697 267672
220137 931400
38439 763616
352464 229130
464107 630686
248067 532701
916858 551715
390368 78423
250308 79909
387531 870638
969983 201406
474985 866686
937633 216106
89829 65862
258537 838221
948014 949419
974678 200939
509303 882035
428526 753199
309429 835531
916152 126117
803109 615426
76611 768256
426884 196043
275741 928020
82389 357951
570204 572700
835487 298969
18585 978358
810412 690296
896432 346722
783371 276385
287106 195271
651470 276474
773235 225070
662541 235408
667884 441476
647521 258066
112921 277020
472490 107220
368428 893484
1610 205389
580248 908427
574824 983577
94872 726713
639789 872055
121510 514071
156874 773004
425156 615850
674736 880158
366646 396125
953495 115418
977861 518268
869368 384335
379838 194938
128850 9457
879665 268715
325993 302231
963251 643658
678338 370556
835868 137269
949801 912962
280586 900844
662955 883819
667356 973270
269084 833374
66423 243388
127699 561960
991877 927052
993193 936312
53169 526231
241405 889186
306156 942419
381810 810397
438635 391770
985904 895621
412967 384169
643039 133209
669404 762274
976047 169982
245066 923658
106131 417978
35575 274700
17793 454330
226667 900276
557876 30349
454194 904245
186410 202087
966430 981603
640806 877407
518658 587834
290223 492465
688248 725397
734863 482044
634780 593400
206997 723461
887631 395718
908628 675955
164533 917964
729057 751825
20727 459380
378905 641295
49666 42259
452825 643648
422726 49564
138308 857822
955511 877994
754881 531202
58512 851450
967993 505068
730635 616686
837533 748929
826410 496395
639135 278407
649073 971964
676084 878955
505450 836813
478808 143677
869920 897329
31562 960494
542692 504252
120652 866392
839435 955498
74276 560246
709549 180246
808606 344232
754664 134532
720328 305585
565339 285464
696692 201784
605036 57244
255097 667850
244738 152318
673074 995991
607116 408143
378814 880880
790328 976197
688702 355983
570044 659130
830107 400591
972625 725995
708477 770544
293555 594810
13396 307157
852131 513389
109395 826246
260965 456237
7792 92206
788097 89159
242406 830941
389894 466222
936372 20359
484099 757814
441307 633987
463052 973147
364195 84237
582715 873849
199318 249668
694124 590865
151299 525805
707136 498122
534461 419183
249116 113197
170522 594901
23143 476136
969525 74255
328526 850381
709548 980081
702659 545168
577634 927858
627066 27276
258237 690350
387436 670782
765674 261669
477524 763272
775701 744186
554356 830256
709041 393525
23441 535966
961270 22465
499378 545698
942493 391406
293413 161196
172902 375600
22715 663442
954771 479454
217927 998413
788522 992756
23458 727356
99127 563154
281578 188959
255624 119803
188670 536798
482991 725719
408836 152448
907332 268657
104420 802868
202208 466297
9546 661067
975266 33475
424616 710396
415342 614534
987761 16287
245801 877982
887583 832370
458815 666955
336430 864983
847390 890096
841439 917332
466360 312277
633846 728657
583172 889061
96828 287454
771197 222640
958078 983339
398561 503722
34187 43982
722100 542187
350586 290560
971899 312493
940194 661920
634625 649489
21729 60975
530774 81497
16598 482514
509002 678831
621670 950675
835894 584733
913338 20896
399412 20564
704063 99467
706274 354726
864549 102088
426724 813579
865889 369074
548510 150047
963372 648327
754622 671010
407745 192039
434992 964215
138147 630232
348071 721894
502548 68165
821851 136730
521567 526587
531398 591140
437711 708331
983718 300342
525173 337003
677246 445160
496807 43380
26516 164470
466683 16805
641460 840704
517584 851519
507052 888393
550150 63783
640783 417913
199681 25384
162738 795227
841898 825966
786033 69088
207725 490443
334507 294234
479996 317686
640066 857025
155402 894087
438428 791409
72337 232444
681381 962346
745293 229112
326987 509583
902015 599166
415232 147048
134251 297402
658427 341280
649243 409657
349688 636296
786201 886444
876723 501138
113080 529193
721393 163926
870348 389034
351543 157265
900589 4107
246224 468833
113977 401808
649164 436106
505039 845278
37692 984052
196692 635837
836215 377642
605810 73692
197720 202076
123540 60493
423037 747614
372011 343876
956553 818728
168364 367005
605731 923092
90064 247699
205814 905763
177554 42889
762671 679992
525045 36229
569026 727131
324604 257584
397733 300024
453743 534104
385426 722909
799197 260590
800521 132799
739092 377864
850061 128822
656107 37664
510050 346364
859320 479443
608277 640498
250074 487523
745588 525851
80625 780917
826322 934687
666593 815955
612037 551306
888019 685228
662759 493386
956212 392655
629208 675956
870963 36276
760954 288896
376711 563507
355251 829960
248679 389835
98031 509581
758353 183580
755932 952946