5000 5000
2649 4339
1 135
4760 1738
4852 2
3995 582
2703 1
3 4155
4718 2406
2692 2
2217 44
1864 1
4 4523
3 2041
253 825
2 3109
4145 1
4701 5
4593 136
1408 4070
1930 4390
1668 3154
4443 2148
4 2035
2902 2107
4580 3442
950 1941
380 2922
3 1433
1874 3425
2060 2
3995 565
167 229
2394 4541
309 3871
3293 3328
1570 3813
1 3952
1485 3813
548 3709
1792 4269
4019 2152
4966 1779
1185 4070
4176 3797
2019 1161
2941 984
4580 3397
2202 4182
1439 2875
1160 2234
406 2130
741 225
4016 6
2343 4541
2320 5
390 2323
2018 3457
4 2417
3039 3759
124 3
3557 4832
3396 4580
4388 1802
3433 1917
2 4442
4343 121
2883 4754
1 4980
2217 7
2187 6
218 3010
3052 3812
2585 1327
3425 3940
5 2473
4 3383
3498 535
3 124
506 3
856 1911
1781 3
2 3025
681 3310
2123 1
377 1070
539 1828
4283 4297
1598 2022
8 1697
2217 7
3681 7
3222 3328
2685 156
3 3560
1911 738
2673 401
718 1769
3541 1790
1045 2234
3806 3515
1761 1009
3681 7
115 4343
1344 4408
2217 38
1 135
2321 4437
7 1784
3164 3327
3871 4097
1618 2805
3924 4604
4754 2875
2466 2118
2457 4339
4065 1920
1 4137
537 530
149 2685
2820 3528
4475 2036
68 1506
4067 4761
3310 665
805 1911
2796 3528
2028 1563
564 4189
1941 860
1881 7
3146 2898
2903 6
5 2320
2942 4526
1455 3854
3341 1896
487 3187
492 3757
1706 1984
4343 3843
1809 4106
2732 896
4541 2355
5 2473
3891 3059
3327 3150
1307 2585
3920 2785
4429 3153
2585 1273
5 4701
4137 3716
2368 4541
3187 412
2038 2902
2187 5
2187 5
939 4416
2333 1303
4322 534
1497 1515
3915 4693
2801 5
4886 5
3809 4348
5 1169
798 1911
5 4335
231 4
2 2060
4437 2224
3457 1934
267 2
1323 4834
3642 4427
37 3002
4182 2176
4343 100
871 83
2204 3077
2823 4829
4527 4491
712 2174
2805 1617
267 2
4827 4773
4810 635
825 252
2 2198
2 2198
2 2740
2274 3408
484 623
2 1278
3734 3163
3348 2962
4297 4154
2287 545
1 2925
4541 2348
2050 241
9 3002
3460 4936
1984 1695
3343 3427
4789 1539
3704 3428
4908 459
4137 3651
2372 8
4427 3563
1751 938
7 1338
1386 4912
2187 6
3722 539
3684 3479
1133 2597
2846 4754
3307 6
4858 4448
2201 1182
2903 6
6 2543
4569 2315
1924 2598
563 1971
4765 4827
1092 319
1116 1474
4144 1155
4700 282
3800 1871
2915 760
1853 3420
1998 3380
4548 2670
2714 3726
1719 2198
937 3445
1493 1674
60 1449
3543 2593
2805 6
1761 1000
1946 3380
3175 2013
1474 1080
536 4837
3059 3891
1792 3698
2585 1249
5 4233
3046 848
651 2912
2201 4594
677 2838
4 1467
4681 4997
1917 3292
1618 3520
3 506
3 4058
1433 3
547 21
2804 2078
4895 1109
2428 4339
1152 4144
2131 3137
3 3436
1921 2775
928 2181
4348 3799
1176 1115
1860 2729
3 2525
3627 2
2245 3537
1199 1960
4445 2641
1 451
4160 2450
3092 4617
3481 101
4997 4670
4714 4181
2086 2902
4024 1915
142 4778
10 3057
3657 9
4799 3889
3377 2044
4678 3629
4997 4653
4445 2639
4276 3647
279 8
695 2307
7 349
4297 4210
3939 1386
1021 6
3645 90
2583 3543
3084 2741
3430 3557
4504 4997
3351 4580
628 4331
3257 3328
3242 2364
3537 2230
4130 3587
3423 849
5 1169
3287 5
3543 2530
711 3690
4678 3593
2186 4109
5 2801
3242 3328
2657 5
3492 3806
5 3242
4038 3330
4 2613
53 1125
3 4299
2124 1397
2 611
89 1
4300 3130
1857 2275
11 3146
20 1232
4997 4589
10 696
4997 4664
2107 270
9 946
8 342
1623 7
2791 2919
4493 1553
4844 3432
6 3670
4836 2261
192 5
1670 3726
863 4
4997 4578
2452 2770
3806 3481
915 4687
3108 3
926 1604
4720 407
3797 3653
3305 1745
2836 4754
2747 2036
4971 4888
4971 4813
4948 4010
1036 4194
3478 1410
806 1735
4105 2
147 1
814 4922
3500 2044
2209 924
2563 3835
488 1098
2387 536
3916 2333
2966 498
3186 330
12 906
2374 11
38 4255
3603 4581
2929 3382
3224 1083
335 1405
3005 182
10 2238
1661 1657
1205 4221
4241 3706
2855 9
2703 3737
575 8
4147 1325
1269 2585
3625 1658
342 7
2241 67
6 4131
3797 3469
5 4425
4484 349
1396 4
1527 4979
4286 1394
481 4765
403 2130
1907 524
4941 4379
2108 260
2665 524
4182 2164
1447 3854
607 3
2715 580
2 611
2198 4594
4909 3570
3225 3328
75 2102
1006 2029
1039 2
4331 627
2609 4445
3558 4427
2 3784
1643 1
13 1232
3010 209
3005 812
265 2107
4527 4463
2038 3611
4625 2836
3834 503
2939 4526
4979 1503
702 12
4243 4927
2796 11
213 210
2698 2978
3841 3969
4505 2516
1913 1954
1653 1708
3175 4634
3806 3500
4286 3015
779 3911
458 3625
2876 899
1266 2585
4935 10
538 3997
76 3152
381 572
2956 2245
3339 4493
4927 4218
1639 989
4851 4160
2017 906
1304 9
4493 3336
1388 368
2852 8
7 3624
3525 1208
6 1323
1468 3813
5 192
3266 4937
2294 4644
1179 1698
5 2657
2119 2597
1032 3718
1071 2251
4230 3018
5 617
4357 1371
2337 2162
2436 1675
2602 4948
5 617
5 3242
2048 2804
2515 1996
3582 293
1146 5
4445 2620
468 2100
2659 5
5 2659
2899 3382
5 4014
292 3582
2760 1371
5 1146
2819 3428
4928 2975
2146 169
5 4809
4965 1839
714 445
350 3491
2382 4422
4997 4622
2645 3938
494 2966
908 1176
1384 646
4265 4297
2479 700
4494 2178
2683 4897
5 1788
5 1600
1401 4840
454 4986
2486 968
4 3013
4297 4096
3 3092
2 2357
749 2005
2666 3009
4331 621
4655 4997
4583 2814
1 538
4105 3685
4924 1723
2875 1435
3353 4218
14 196
1848 3854
994 1063
3212 3155
13 1232
4325 4941
2055 1574
2364 2985
13 2451
3537 2228
4367 4589
1424 577
666 13
4204 1582
391 214
2684 3017
627 4000
3779 2994
12 702
3146 2896
2301 1511
12 1293
1464 4019
906 12
2956 2238
4527 4491
1121 3315
12 1555
3039 12
2617 4445
4472 1021
4598 11
4754 10
3278 674
2747 2031
2747 2036
777 669
946 9
9 2428
1304 9
4176 3779
9 353
4241 3697
3536 690
1084 3417
9 4233
3888 4547
2162 116
1470 2537
2856 8
3501 1796
4863 4971
2708 1552
7 342
4431 4858
3005 807
926 1604
4842 2542
7 3421
7 349
990 1063
7 1345
958 3814
3794 2882
275 4257
815 1300
4413 1262
7 4204
1865 1837
3440 3787
1405 6
257 1413
355 2320
4297 4068
1403 4715
3980 2625
1188 1960
2067 4374
5 1600
4972 4404
3994 1785
1788 5
5 2384
4927 5
1681 1984
3976 1545
5 4024
3359 4580
2153 4432
4950 440
962 2379
3363 4
854 1911
3641 2206
1787 3945
1902 4964
2978 3814
607 3
968 1973
93 1111
2970 4526
830 4877
3 4492
3528 2796
345 1177
4922 4185
3 3785
440 1753
1017 471
3494 3458
4207 605
2190 2669
211 325
2747 2031
4780 472
1526 2140
2 4925
1301 2333
1852 3420
2086 2902
2525 204
4685 487
1054 2251
2918 2395
1 2005
4072 399
3670 4188
3948 1165
15 1976
2785 544
2881 4165
3864 1686
4444 14
4997 4495
13 4301
3423 2708
3712 4465
777 666
4537 4997
46 922
3618 12
2374 11
2635 4934
2112 418
2275 2130
4526 2933
3294 252
4286 2999
11 1125
3614 4678
4817 4971
2097 693
11 3202
2344 903
3790 10
4948 3950
353 9
9 4658
2171 4854
2350 806
2428 9
9 2855
3002 9
2715 2199
3657 9
4339 2603
9 594
9 2942
2311 4238
239 2861
3289 3328
9 4686
1355 2760
9 602
4297 4941
1324 4311
3062 9
8 279
4192 719
8 2714
3294 4112
4279 2451
2938 8
3871 4991
4066 1960
4475 2030
7 365
2672 3767
3386 2058
3611 3718
2490 3463
2850 3515
807 2959
3506 3670
4438 3709
3793 1721
1369 3073
1032 2774
533 6
5 2029
4 4533
85 3884
3 954
2262 3078
1113 4709
2695 2974
4242 1231
2174 2
1307 1627
706 3046
1 3613
331 1405
3855 4313
2656 1002
1563 2028
1232 16
1446 61
2288 15
98 14
4247 433
4160 2444
4129 1554
1876 1778
2781 3495
2574 1679
4391 3342
666 13
2059 2890
4720 2507
2057 1761
3541 69
1824 3032
13 701
2333 1278
2592 451
2410 1243
1081 2308
3192 2554
753 3446
13 3831
2522 4220
3779 2984
2861 12
4019 2149
2725 3595
3892 1617
2090 2655
4827 4770
11 1125
11 2172
4437 2316
4765 3132
4561 3637
2222 2980
4530 3931
4886 4123
4942 694
3825 658
1185 2680
3494 3806
4444 4858
3129 380
4609 2325
1433 1765
1777 4457
1402 1674
3203 11
3146 2896
3980 4948
648 2912
3443 3213
696 10
10 209
161 229
582 4890
3303 2141
3671 4238
2744 1751
4971 4860
4988 1903
1597 2022
3911 761
3428 2819
10 574
1058 3759
2055 9
2234 8
1278 2044
3150 2723
3990 3138
893 2321
365 7
1222 690
1056 3265
7 2571
1911 731
3400 2453
3310 681
730 3937
1917 2621
38 2969
456 19
2182 3460
598 3266
4964 1693
7 1510
3377 888
4851 4160
705 282
102 6
3590 2014
3492 4528
585 636
5 4583
2816 3528
2357 1552
3314 688
2532 3731
3179 4764
425 4263
4827 4767
4997 4645
4 231
4231 3217
1837 1361
4879 764
325 622
4297 4265
4 863
4493 3338
516 54
484 4842
2479 121
1537 17
2941 984
2288 4
4357 4589
4 3319
4 472
954 3
1587 3
771 1501
3017 2476
900 4196
3496 3118
1587 3
3100 2304
1984 422
2632 561
3 1611
2381 3092
2986 417
1472 1814
2490 2321
1813 3115
1611 3
678 4972
3775 3
3 3230
3718 3993
2913 3382
3191 4370
358 2
1615 981
59 4408
4313 3484
4022 4264
1511 2750
3817 2569
89 1
3230 4111
495 1
1 4210
16 3235
2168 509
4827 4734
1976 15
1501 768
15 2457
4259 2122
3748 771
2493 4720
4798 4411
223 741
1808 4767
1869 3373
15 2288
3881 3863
531 3493
4066 1952
561 406
2836 2090
3496 3098
15 4995
15 2457
618 4331
4579 948
4997 4574
15 4995
4939 676
1761 998
3234 15
2171 15
4972 4383
712 2174
4383 1749
2632 560
539 1357
4990 2184
2456 2475
4880 282
15 4236
1780 2031
4819 14
1204 13
12 4633
4477 3144
2931 4526
4732 11
10 209
830 10
1328 1935
2672 496
491 1751
3596 1970
4247 4297
3328 3277
4459 4921
3834 150
2420 10
9 594
1573 4385
9 602
4660 9
3953 4948
2148 4443
9 2055
4941 4289
4441 356
4220 833
1775 3291
3655 4188
4628 9
753 1949
3794 497
1806 9
3796 4176
2331 9
4519 8
2288 3670
1268 1905
871 83
424 7
2755 3637
4237 3044
1486 2482
3972 1851
6 102
4429 2195
425 280
3375 6
4000 624
1738 4760
4728 469
1862 4309
287 3113
4054 1815
6 2570
3562 2765
4021 4264
4610 996
4624 4174
4145 3025
5 2349
4338 1594
4 472
1568 3813
4 1396
4556 4997
3812 3052
4317 4941
4997 4470
1409 3478
2269 1456
2930 3479
4358 1107
95 2934
2706 210
5000 4495
4170 4624
610 1814
4580 3354
4 4784
430 409
84 1254
1166 3884
4 1467
3824 703
3731 2531
2361 2850
3935 2278
2654 67
1380 3939
3245 3328
4767 1808
3230 4
4997 4465
4 2035
3762 4
4636 1929
4261 3889
2543 3394
983 4
1315 3676
4341 4589
4 956
3 2004
4704 2
1832 3863
334 3967
3571 1952
1 2682
4136 18
4941 4376
1179 3135
3817 2566
3733 4300
17 999
4464 969
2874 2726
900 680
2275 2398
4654 943
4463 2840
3768 544
16 1232
3960 4948
3499 499
16 132
3706 3208
4018 4264
4693 3893
1715 2643
4948 3997
3090 4617
226 296
219 16
3631 4502
2011 15
4833 2015
3405 3940
14 2676
3552 4832
3609 13
12 1916
4315 3101
3819 3065
3840 1580
2321 1023
3754 4219
2669 11
2678 10
2896 2313
9 2406
3796 3414
2191 2597
4953 4216
2491 840
2442 183
654 4513
2873 3459
1785 3847
8 4169
4283 4041
7 1335
1039 3728
208 3010
1263 842
3475 2925
1035 528
533 6
2687 1485
3654 3030
276 3356
943 3576
572 3804
3525 1208
6 3681
3304 3977
3149 2952
4164 499
1191 3149
4432 4858
1737 2753
1922 4887
4238 2310
2169 4854
6 301
2774 1028
2251 1067
4383 2160
793 1526
3610 4884
2446 914
5 2029
3099 3737
2349 5
4644 5
1830 1716
3905 4693
2873 5
3740 4433
2405 2417
2798 2580
4749 1641
92 634
1485 2687
1023 584
770 863
3413 4038
5 3774
4947 1001
1531 3165
3475 2922
1423 4
481 1897
1781 3
4304 4941
3460 2182
3186 326
4754 2918
33 528
794 2998
3 2004
737 296
2495 82
3 4213
4294 2891
2140 1512
2347 4541
4775 4870
3562 2756
3125 3903
3 4891
3 4260
1486 2482
361 3863
4460 4527
3813 1561
368 2561
413 4256
2509 4505
2 3126
1 4369
18 4136
1984 1700
2488 18
3438 1340
2925 1758
1003 4624
4681 3434
3183 4427
904 2017
2488 18
18 2256
1970 3596
3007 4183
3512 2033
4310 965
1764 2021
4835 4348
4262 3207
18 431
401 2673
4778 2422
1627 3667
4645 3942
17 1343
4482 2545
154 3892
302 2351
16 4205
4190 3156
4658 1750
4966 4161
3031 3759
4736 2914
2116 2466
410 1951
3315 756
1226 3715
3614 15
1221 3532
3086 4460
2325 406
1727 1262
2683 14
13 701
3537 72
1943 3154
1797 1256
2527 4129
654 1594
878 3377
4171 3356
3052 3669
4624 4168
2847 846
2819 3528
13 4436
750 743
3854 1843
1204 13
3356 1794
4176 3775
1428 1923
2011 1631
2233 121
4850 4971
3004 1755
1795 2518
1243 3756
2624 13
2507 81
2962 3348
3025 4855
3684 3479
4316 4699
13 2308
207 3010
1767 3445
403 1184
12 1293
12 1020
2660 1610
411 12
500 4090
4664 230
11 2172
1933 917
11 2669
4358 1028
2841 3903
4644 1321
1474 11
11 13
4241 3705
4660 4997
2607 1188
1607 2589
3838 632
1208 1175
321 3911
4780 3326
503 612
3043 596
13 1199
3344 4766
2647 789
1593 2453
985 874
979 2776
3814 955
1943 2715
465 1101
4273 3359
4036 4283
4191 1376
3670 839
1352 3098
11 33
10 3823
899 423
1819 977
4619 3447
1720 4772
9 3168
342 8
1499 8
3442 4580
2685 143
997 1761
899 2514
3494 3893
782 1643
19 2082
8 575
1757 899
1786 1607
1499 8
2997 1800
582 2905
4356 2683
3629 3386
1650 1166
3691 8
108 4824
8 1697
2967 4526
67 1351
4620 2382
4849 3638
3515 2849
239 75
4702 4827
3848 8
432 4247
549 988
4949 8
3369 1477
8 1369
3095 3293
7 2239
6 301
1593 6
6 4026
2164 3268
4239 1697
5 1030
3243 3200
1808 3474
784 600
3091 2556
4667 4997
114 1150
1592 2453
2671 4
1903 1744
4525 4997
2473 3366
3 4376
2753 2412
4545 329
973 1038
1973 966
3205 4488
1403 1255
1565 3128
1485 3830
3504 400
1875 2
1809 2408
3514 2406
1 656
4801 198
3633 18
3453 3494
3775 4176
2861 451
1982 2515
4842 1155
2354 1023
17 117
488 1098
806 2557
16 132
2331 3916
706 2246
3984 4948
4260 826
2905 581
2639 4445
4066 16
4831 2871
1715 3298
3826 3969
4566 3566
4878 16
3347 4298
4185 2764
485 1821
4156 770
15 1770
810 14
3925 1944
3929 4623
4249 13
297 2030
12 3045
100 3694
4046 1067
2749 3637
3211 1129
670 11
4072 394
1488 3479
3209 3602
3702 798
3948 3842
574 10
3350 4580
842 2715
4183 3002
975 1053
3443 3199
251 3071
756 1936
1764 4429
4919 3168
10 888
4171 345
484 4377
4805 2124
2202 533
10 927
1089 2914
9 1846
1154 8
3469 3797
1544 666
4474 4997
2299 743
3755 2075
1303 2333
1312 2318
7 424
2525 995
386 2323
3748 1443
2561 1048
3377 140
3197 2794
2655 1221
1060 143
1757 897
3852 2240
1566 1011
3228 3604
4185 2873
4160 2448
1613 107
2489 225
1030 1915
2563 4841
4234 4927
3988 2457
7 4421
2914 3349
546 141
2881 1732
2463 4799
2926 7
1113 709
4709 4017
3938 3033
1021 6
4658 1881
238 4067
4070 1408
3815 2357
1546 2357
1707 2643
2966 493
6 860
3102 4793
2846 4123
4947 1777
1914 4278
139 4691
3822 6
4022 1749
1439 742
4244 2942
1583 4044
3960 4521
395 3810
1017 726
4119 4016
2851 1908
827 4046
5 3598
3993 1295
1782 2771
3863 361
733 1064
146 3922
4683 2390
404 4
3529 4572
4337 4589
4722 3
2482 1926
2074 2576
3804 4348
2 788
1475 435
1 2190
2347 585
3401 20
2218 2980
19 456
19 480
1096 3208
2030 3754
1790 397
3793 19
3589 4876
2152 18
3911 2237
17 1673
4595 16
2555 1074
2778 3647
428 890
812 4922
758 3412
145 1628
1398 3248
4997 4524
1747 3098
2023 1728
2160 4849
15 1770
3851 15
17 2524
3730 843
1669 1171
15 496
3899 4693
3362 4268
1282 894
1248 2598
918 1396
919 3912
14 1777
4284 13
2010 822
1252 119
3881 3863
1738 12
11 1056
1881 3464
4625 2833
10 830
4015 2434
888 10
4780 3323
3378 1267
927 10
3599 2863
573 3722
1464 4019
10 2784
4300 3126
2069 10
3676 1313
4411 4798
431 4247
2454 1186
155 3998
2092 4457
484 611
2110 1347
498 4993
1464 3353
1553 2415
10 314
10 781
4693 3910
558 3308
3158 9
4658 2792
146 8
611 7
3193 4279
1307 6
2320 351
2091 2879
1030 5
4464 5
4019 2151
3842 4183
5 844
4 404
4 2199
4651 2977
4589 4363
776 2964
802 4
3 2469
10 835
3658 4853
1367 3943
1289 1507
2301 1508
4807 4971
358 2
3579 139
4158 59
788 2
4397 3702
2887 2900
360 1125
3544 3784
1648 3486
3609 1731
3735 2576
2018 1810
1682 876
4959 595
2134 983
4052 1490
2 4038
2 836
2 4159
4506 3447
4863 1
4461 1069
3269 3482
4941 1567
2476 22
768 2599
2549 3192
21 531
2497 767
4185 2758
3071 251
504 986
4761 4063
4887 2708
2965 20
4508 2666
3173 1888
3686 3900
19 480
2082 19
3565 1052
2759 46
2882 3794
4878 1933
3793 19
3389 2925
1392 2750
4096 1830
3649 3103
1958 19
4588 3540
4992 4640
2737 3569
1958 19
3149 1191
1403 4667
509 19
2070 77
3083 4575
4136 4297
2297 3298
1412 120
571 1206
1022 64
19 509
1139 59
351 3279
3567 19
3249 19
3990 3652
2499 19
4927 4235
3534 19
737 941
18 511
35 3002
3663 4649
4811 16
729 3337
1471 2014
600 15
3005 171
4297 4270
892 3004
937 2378
82 1341
1899 4964
3539 3387
953 139
3136 3615
250 3298
98 14
4096 2943
442 714
2108 2542
1827 14
4194 1034
189 72
14 3510
826 13
1569 1790
1320 4963
238 2268
781 1643
2326 3916
1328 1935
1211 4200
12 411
1339 3438
12 1020
12 2916
12 578
3624 4496
4815 4971
12 578
484 3448
4885 4971
3871 1298
2937 2958
1637 3565
4782 12
12 4802
11 4959
3366 2472
9 117
3827 1505
128 8
1541 3976
4997 4586
2236 4739
7 3547
4482 49
860 6
1989 4547
6 1992
6 2246
4900 3561
4936 902
1478 5
54 1469
2496 4
4623 2823
3814 953
4180 1728
1047 528
4325 2355
1541 416
2502 4391
440 1176
408 430
2041 3
2123 1929
2525 3159
835 2492
3681 1157
4916 4484
3098 4432
2137 3303
3365 421
3189 3074
3709 548
3826 1644
4936 1854
1989 4547
2469 3
1806 2052
3 4400
266 3588
3 2525
4234 4806
265 4744
630 2529
3854 1449
4519 2383
1418 4973
2058 3846
75 273
3504 2941
4948 3947
3441 1394
1863 110
2134 2423
3746 2489
3756 3122
4075 294
853 173
3 3092
3 4363
531 1922
899 423
190 3776
4722 3970
2212 2980
3 3108
1459 3729
4456 2147
2633 1730
3980 4184
1679 655
4498 1129
4778 3
373 4615
1065 3
4726 1228
3736 3221
1999 3
3052 3669
1177 343
3585 1511
1359 4307
1722 3490
4465 4997
2087 3999
1586 4780
1065 3
3834 150
2010 363
2747 3358
3025 4021
3337 2380
1999 3
2531 3731
4963 4664
4329 4589
1870 3800
1907 510
650 3009
1953 4992
1000 2896
3 2745
1903 1739
404 515
4339 2425
3268 3482
710 724
4630 4235
2745 3
1208 3
4220 2781
3973 4534
2270 3
2907 2065
3603 3757
990 239
333 3
2 3120
11 13
3011 11
3294 3286
3528 2815
2059 3739
2669 2143
2914 1086
1 360
23 528
3540 3546
22 4634
320 3196
852 3685
3176 21
3932 4645
422 2993
1548 943
2536 756
20 1414
1714 1469
3734 3157
3830 3969
256 1769
4530 3931
19 1906
18 4468
2126 17
4570 16
3509 2020
2276 755
442 1258
1911 796
496 15
3895 15
4138 4951
600 15
4144 1139
2735 15
3547 1695
4864 4971
4997 4641
15 2259
14 2914
19 2342
1449 1982
1010 12
1643 2649
3840 379
3009 11
1129 3211
314 10
1474 1080
781 10
2096 1196
4892 1173
10 2589
4422 2410
10 3277
863 363
1026 1166
4832 3547
4247 429
4971 4834
10 835
10 2117
1536 10
1171 9
977 8
2603 2718
83 4484
3059 3194
3571 146
3667 1160
4589 4331
894 1780
918 4277
7 1261
1817 1352
1592 4489
6 486
4927 4217
167 3221
700 4289
2669 4082
3428 486
1931 4878
3717 2895
2330 5
4526 4838
4 802
4 3560
4017 4359
656 3825
3382 2900
2543 3394
3367 3629
4 956
3328 3247
2341 1665
1678 899
3482 902
4 4129
2824 674
1007 4621
4927 4531
2036 4
3 3466
3077 1425
894 4966
3853 1542
2677 3472
4058 2
2479 697
4270 1580
3754 2030
3085 1
24 2191
4345 4835
4549 2091
3715 1224
3166 262
4297 4142
4568 3359
4349 3009
528 23
23 4356
2475 2454
4356 23
2016 1559
4784 408
3178 4764
4488 3205
11 186
4743 4052
1442 2500
3491 4236
2107 263
4997 4485
4853 3656
938 4849
142 3314
878 3377
3403 1777
4448 4858
1174 308
3945 4045
1621 4067
2236 4739
4602 1230
3813 1465
267 4884
812 23
4635 1511
1344 4408
1258 1957
4223 828
645 1628
4604 3917
3903 3125
492 1276
2372 23
1030 4740
2511 22
2701 4824
2689 21
544 2273
2288 1981
2220 3643
2837 3084
3758 164
2548 20
3329 239
4151 709
431 18
3503 18
437 18
2724 594
4791 1779
4993 2201
1120 4628
17 117
1855 2471
17 2787
345 17
16 2349
4405 1253
172 4465
4755 15
3409 3249
4849 3638
4635 14
826 13
2997 1615
13 4887
1267 3378
4712 3788
1160 3348
13 524
4427 3182
12 271
1820 3574
4841 4607
801 2159
4242 4968
1536 10
2069 10
1347 3001
3221 1145
4712 1799
10 2211
295 737
10 1171
1839 10
2874 1672
1615 153
3705 4660
4438 4116
2621 3814
9 1868
4496 3623
3412 758
2023 4475
1054 4524
2513 1686
1165 571
4490 103
4509 4997
4714 4180
2553 1943
3458 3596
4024 4283
8 128
2174 1706
4198 389
937 8
8 4703
1506 1300
4729 1445
611 7
3522 4572
3711 4465
816 2010
4818 429
551 3680
7 4333
305 950
1957 1258
1971 2626
1469 7
6 486
3293 2031
2785 2462
3199 6
3328 4038
6 2845
4368 5
742 2564
2084 1271
2105 2265
985 2759
983 4
1372 3916
4605 2906
159 1257
3142 1464
4253 4297
4562 4997
546 4022
3180 4232
1249 2292
1423 4
2036 4
200 2525
2199 4
2794 2368
4325 2352
2686 360
2545 4
2288 4
2613 4
2525 2449
1184 369
2097 693
2287 4
2750 955
3901 1405
3377 878
1199 1960
4 4460
1421 1669
4633 4269
3894 1687
2427 4
195 3813
1815 3439
4471 25
3959 4521
2477 3746
4928 895
628 1211
4782 4
2110 1346
2287 4
3263 1316
2378 937
3687 2731
4827 4720
1905 1268
988 548
2775 1648
3547 4198
4137 3650
2417 4
2443 3384
864 285
4 2427
1912 1954
4297 4244
2952 3149
4 2496
4 2974
4538 1943
3237 1815
1725 1051
4641 1794
4599 3724
4047 4783
4372 4097
4047 1184
4680 4
3779 2981
3201 4262
530 4034
3018 924
4577 855
3723 2662
3768 4
4500 2410
425 4263
3738 1369
4591 4939
3291 1770
542 387
788 2418
3876 4096
2284 1886
3438 1328
4 2545
861 1196
570 1165
3509 4635
2671 4
999 2707
2592 4
3302 1769
2244 1532
4906 4
3925 1115
2891 4937
4948 3996
4 2117
4272 1340
4 877
2308 3916
4112 3294
4055 1272
877 4
1358 3310
719 2407
3962 3371
3828 1428
2136 218
3977 3295
4444 2500
1370 4262
2117 4
2202 4
1510 4
944 4579
4 4420
3874 854
342 3
4806 2571
836 2
2668 3907
273 3252
4567 4997
1314 2814
4928 2521
575 3479
1976 1360
4937 2546
2882 2955
988 549
2394 2804
934 2137
3382 3629
2 1039
4475 1209
3782 4712
1116 3705
2440 1817
4283 793
4437 2224
2325 1902
953 137
4547 1569
2 1127
2388 3836
4275 4990
3679 1840
2750 824
125 3437
1507 4905
4396 1074
1127 2
2792 4528
3314 2
1112 3743
4227 4806
3348 3180
1194 1435
2183 1250
2222 2
4763 958
670 2
4804 4834
2478 3746
110 4695
4091 846
1 147
1092 3425
3263 4937
1832 100
2589 437
1 360
1 1439
4928 2518
4159 4966
1916 3244
2938 4886
1 451
4567 4573
1014 2167
2361 3126
2171 3484
1516 467
1 495
1 538
472 213
813 4350
2710 56
3328 3253
473 2837
775 4675
3473 3806
2110 2466
4487 1258
48 3
4657 4452
73 1
1835 1123
4454 4921
1051 971
1 1819
1656 1
3975 533
3201 4262
3458 4187
428 3639
4761 4977
3002 4183
1 774
73 1
4963 1319
1 2212
3531 2151
1627 2919
1 656
1257 159
4153 4946
4329 1
1666 1319
3217 4231
1984 2515
1 1744
561 3928
3799 2055
24 4038
926 23
4589 4365
573 3722
4767 2877
4958 2998
2067 10
2471 3366
2358 4439
3996 1464
2268 238
22 2716
2355 1625
3786 3002
4500 1415
4311 245
3006 4183
1238 2289
3047 3642
950 305
4538 4997
1396 918
21 2623
2561 3812
762 4703
2256 4836
2454 1995
4878 1933
1143 3480
4066 315
2062 701
20 3939
27 1742
132 19
3383 365
3203 4722
18 1029
2191 17
4584 1298
656 3825
3834 3130
2831 4973
219 16
59 16
16 1155
3494 3457
15 3156
4946 4149
3465 14
3493 993
103 2979
1238 231
4109 2185
13 4425
2209 923
1948 3571
3386 4092
1876 622
1934 1553
4853 4971
4373 3090
2797 4479
4997 4615
272 1934
4032 2665
4121 4199
73 3922
775 762
1010 1566
4124 2446
2046 268
2128 12
11 33
3157 2607
1364 1950
4276 11
204 2525
1521 1212
2478 4822
11 2962
2407 3722
2959 738
453 4986
905 4258
3571 3901
9 556
8 2754
4210 4297
3838 632
3399 3040
1133 2597
2323 4609
1479 3813
509 3099
1722 403
4890 4376
1078 7
608 4696
3870 6
730 1302
5 844
1854 1775
1482 1898
2793 1587
4463 5
2706 3423
601 1204
1907 514
752 4503
1204 1198
1178 5
3167 4
2 2776
1463 4083
3950 800
718 3458
1591 2453
1 2161
4312 3434
3463 3806
26 1814
4775 1959
359 2694
25 2607
2157 4383
413 24
4842 2534
509 23
522 184
4885 4971
269 22
21 531
3060 1090
4526 2953
1559 21
4555 4545
21 547
4636 3530
4375 1221
4067 1535
1516 2784
761 3229
2072 1846
1730 3115
3695 21
21 1559
21 4959
2652 4914
3233 744
21 2623
21 4244
21 2291
3046 3996
20 3416
19 132
1307 227
2781 75
3866 1569
872 4999
19 2055
4964 1898
2507 633
19 3930
514 3076
4538 2597
2383 2115
4898 3833
568 3853
3471 4428
4358 48
437 18
1581 4850
166 3180
898 2429
18 4854
1045 215
1676 2756
3224 1082
1968 2626
774 3336
4959 18
3831 2042
1631 20
17 4352
3714 16
996 2396
4784 992
15 1294
1184 369
1640 4739
3386 4939
4424 4858
2419 14
2718 2505
3885 4547
1515 13
4477 3144
1681 2581
3515 2849
2870 12
2099 3463
2100 3857
4696 2767
3187 48
2128 2573
3205 1903
4148 4714
730 1302
138 2623
1869 2968
1634 3565
3703 4241
4667 1403
4176 3795
3517 249
2106 1456
11 2103
4946 2531
4678 1453
4478 4916
3252 3300
4800 4834
3228 2945
2764 2175
1171 10
710 2863
3025 4336
10 206
10 2288
974 4954
1338 1065
1582 1047
3010 3595
2521 1493
4522 432
3616 585
4240 3897
708 2904
117 9
4827 4697
4255 4796
1252 118
3378 4716
4858 4411
556 9
648 2134
68 9
2794 2368
4213 4426
4870 1542
3734 3160
1656 1219
3501 78
2831 9
1992 4765
9 68
2566 3874
925 9
9 1133
4618 8
3749 215
2236 1351
2848 1004
3431 7
1307 6
6 752
2047 1936
804 2927
2536 3347
6 372
1923 5
2039 2184
2600 4471
3125 3957
2059 3676
1510 4
4 4595
4997 3043
1589 4375
4875 3134
1651 302
4919 3166
662 2618
135 4906
2379 4
4939 4728
2264 4139
48 3
1499 3
408 3
4410 2683
3208 1093
2897 3146
1285 3396
5 195
179 3005
2299 1160
4130 3577
2 3341
3922 4604
4271 1
26 1814
4695 26
3989 1194
1025 550
3874 3935
3407 3222
26 2262
2049 3799
3120 4743
2526 159
4230 3017
2254 3583
2522 4172
3049 4663
2020 1717
2192 25
2648 3802
2855 1287
3808 2092
3119 24
4521 3959
4232 4806
1759 4892
23 4097
3211 4944
1882 3165
22 269
4267 22
1910 1954
4166 22
21 3591
4363 19
1500 4979
2631 4934
4699 4313
2125 2573
4633 4261
4751 1135
18 4092
1829 3432
2908 3382
1439 4813
3152 1508
9 3699
182 3005
17 1456
59 16
1426 72
16 475
2883 4754
4831 2867
4220 833
4241 3692
4205 3800
351 3413
592 4116
1567 4941
1967 4013
1320 2902
183 16
831 3934
2637 4445
15 1294
3604 2804
2197 15
166 3180
4026 15
345 17
1156 1728
4971 4876
4445 2615
427 3955
1743 2982
530 2146
1222 590
2766 3478
1154 2306
17 942
14 3700
13 4384
12 3146
3604 2803
488 547
3858 1746
994 2388
186 11
11 2323
670 11
471 3548
1942 2278
4034 11
11 935
4714 4180
3221 1145
1344 3931
51 10
2480 1282
302 8
3116 3152
4486 4997
586 1222
863 2143
4492 7
3839 3969
6 372
3481 1610
4148 1621
1886 4985
1816 2440
6 4148
4007 4889
1398 6
4689 4768
1476 1645
3567 3627
4699 2568
3525 4
2652 4452
2087 430
3 333
2050 319
2902 3937
1151 269
1168 1704
4979 1527
2012 242
2032 3349
342 3
956 2711
1780 1403
1763 4068
2607 2908
4256 1629
3 855
2331 3341
3777 2404
408 3
1673 279
1412 653
4971 4841
840 151
3588 1914
818 2010
1242 3
4086 3
2357 3815
3578 4979
1434 531
3 942
3215 739
3941 638
4241 3695
1844 62
4722 1325
417 4077
4526 2968
2520 4972
3582 258
3236 3401
2 670
968 1973
4858 4440
1727 1524
3398 1931
977 1819
896 471
401 2851
4502 3631
1048 3459
1097 3488
3752 1681
1897 3999
4165 612
146 8
3779 2980
3796 3841
2072 1845
148 3546
913 2321
3644 761
235 4652
3432 3506
2 1889
864 4420
3408 2270
8 333
2133 2920
2608 4671
3159 3734
2942 4937
1951 3970
2 1730
4971 4836
3668 4188
1 1241
1651 301
1568 4765
281 705
3290 2356
528 28
3185 24
3485 27
289 3582
2466 2118
2262 26
4331 621
3902 3994
838 3360
4460 3084
3332 26
766 26
3814 957
69 3062
2411 4741
4387 3262
2660 1610
2613 3046
411 4763
2698 276
2831 4973
2573 2126
4775 2818
4900 2132
353 25
3119 4743
3165 1662
2112 2383
2680 4965
4482 2543
201 1667
1313 23
2122 4442
2685 2647
2853 2824
4132 1176
2371 4658
3806 3500
849 3583
1315 1737
2233 1371
1345 2110
4660 662
3743 3084
1412 652
2180 3667
3111 3642
2476 22
528 2759
4205 3982
1257 373
1515 1377
1065 1338
1092 1469
4254 56
1334 1798
2093 22
2301 22
1647 3994
1599 4560
487 4007
839 4682
21 119
1250 3714
261 3534
3359 515
41 592
858 4850
1284 20
19 1906
3728 2126
3403 2151
1708 1653
1841 4478
4594 2201
3315 4780
619 1876
1035 526
3917 19
4677 4030
545 19
2376 3337
1779 3203
2211 3078
4736 18
942 17
2244 1262
3540 362
3775 17
17 999
1286 2198
3087 752
834 2492
4147 3892
2876 4767
4884 3608
4780 3305
3629 3364
2378 1921
4720 2492
1343 17
503 467
3220 59
4797 3815
2473 3269
593 2971
3477 2249
2870 2615
606 17
3210 2943
2226 4479
1647 2800
4930 4995
3579 621
1146 325
606 17
3195 3443
2678 2558
4912 17
576 2989
1456 17
2407 719
3016 17
1537 17
2274 1813
4561 4997
2472 1954
3154 17
493 2966
105 1321
17 446
17 4997
2214 2652
4521 3956
1895 3974
3977 3295
2536 2350
4650 1312
2125 3535
3561 3163
463 2605
173 1448
819 16
15 2011
175 1430
676 3583
2573 2125
15 582
364 1799
4720 1410
15 582
4470 2784
15 2171
15 2197
2964 2562
830 2773
2425 2435
1198 1204
1786 1600
2579 2798
4697 184
801 3660
4733 2581
4012 3681
794 749
3907 3803
4208 692
4311 15
4297 3081
15 1253
3310 1358
3761 4176
4170 4220
3553 4977
3661 4149
4995 4900
744 3233
1596 297
2286 3921
4835 4347
3027 3358
4892 1759
3120 3601
2285 3921
2466 2811
58 3352
956 3228
4973 4677
4717 4377
1351 67
2016 1558
3840 15
612 502
900 4999
1496 227
692 2317
2249 4774
2067 1001
2607 3229
519 1233
2410 4679
15 4399
3495 14
2363 2556
466 2381
4341 3449
3606 2951
3139 3836
3117 3949
4700 1151
4678 3612
4995 3810
1247 2598
2980 97
3258 1362
630 13
2985 3032
4990 2184
2016 1556
4216 2232
3747 3095
3007 4183
29 12
29 4012
2464 4292
1269 4698
3065 4364
561 2389
11 1591
10 3891
2648 9
298 3598
1294 2612
171 2625
1339 2954
951 3138
4221 4066
4254 4624
4242 4682
755 627
8 4370
7 1598
4144 1152
1318 465
3143 4289
2800 234
1706 6
1515 1497
5 4115
539 1605
2202 4
4 634
2847 845
1626 107
4448 2686
2968 2773
4834 4784
4995 4914
2092 339
2729 2815
3266 1570
3957 3125
4496 3617
2999 2084
634 4
2440 4
3127 4
309 3871
2910 3382
795 3
4108 2
774 1
2480 4068
2398 1999
4392 3208
1 2216
1 244
4214 3128
29 1226
4973 3130
4284 205
1533 3686
28 528
2237 4524
4012 4119
3390 4863
243 28
4030 2780
28 3045
3477 3534
2756 4439
1683 3360
3958 4521
4111 1876
3866 2130
2613 4929
3705 889
3664 3718
27 2187
445 1643
302 1647
3106 3642
796 3554
947 3046
4359 26
4762 4827
1125 4250
1939 2324
2908 2607
1170 3113
2324 1939
25 1071
3004 1754
1974 4754
4577 4001
2140 3931
413 24
2361 4643
2097 24
24 1476
1544 2544
1987 307
3968 1511
4311 245
3177 3227
2036 1674
3405 3035
4438 4112
23 998
1069 2772
22 697
4693 3668
2850 21
4336 176
2825 2374
2966 4154
1399 20
111 4737
4522 1600
3046 3996
4277 3771
341 500
4711 975
3220 19
18 4203
1979 2288
1617 2696
1144 4700
4904 3840
4076 4851
2376 3337
4198 26
1550 2357
17 3784
2218 16
4010 1817
2581 1391
4742 179
4541 2346
4851 4971
3471 3730
4761 4977
579 2715
413 15
825 253
2769 2649
354 2372
14 455
1434 3585
1094 1937
1939 740
377 4609
2993 2333
3808 2092
4953 4215
4399 1418
2764 4296
2956 3006
3067 2654
4494 2178
3588 1835
4978 3708
2676 13
3934 2851
3559 287
3755 1047
564 448
235 4521
12 3011
4274 4990
4426 3249
596 4170
11 847
1887 2738
4631 2994
10 4667
925 9
4894 2689
1133 9
161 229
3438 4567
3155 1250
3010 209
3291 3328
3035 2578
9 1117
3317 3748
1178 3330
2516 4001
4625 4572
1554 3270
4997 4555
9 3332
9 3038
3327 3154
3819 1028
614 3887
2428 3076
4238 2309
649 1655
4490 437
507 3242
2225 2581
3736 3328
2999 4286
1413 2335
3300 3250
8 1325
918 80
3919 2987
2282 7
2857 736
4731 4971
2026 6
4658 664
2271 4725
4111 1862
2288 1975
1072 4649
4898 5
691 3741
1996 1885
3515 3651
4 2701
600 3
2 1352
1832 99
3152 3113
706 1110
2189 1411
1777 1710
223 1165
1 244
1097 1
2789 2919
4268 1
3290 4709
1252 117
30 2659
164 2767
2243 3771
29 393
28 804
3046 2613
464 1258
465 2468
1054 2763
909 27
1234 1919
131 4840
4735 2591
4368 3453
4426 4192
2660 3746
4404 3785
25 2766
4146 3192
24 3819
500 23
174 3006
3250 2467
3566 3071
22 4166
4259 2120
22 2172
2209 4873
2732 4116
3407 1195
93 3463
22 3374
3633 2808
4247 429
119 21
21 1025
2822 270
2192 3748
3201 4722
21 1118
4714 4147
1161 3211
608 3795
4915 614
266 293
1538 605
1919 793
4988 4855
2075 3419
3318 3892
714 20
2299 2296
3141 1408
19 874
3586 2122
2956 3006
2703 2083
2014 2440
4887 1708
536 1707
2640 2504
18 511
1029 18
2152 18
3172 4194
273 1786
18 887
4429 101
4068 2512
4293 2966
4297 4081
1976 1360
1333 93
3528 2816
122 18
4370 2760
1189 4355
1430 175
2286 3337
476 1310
2654 4109
320 3472
1801 272
2625 2497
1662 4851
2605 462
4128 18
3582 258
122 18
2295 1876
521 2634
18 887
18 533
18 536
2413 1640
3931 3511
4836 2822
1908 3165
120 1412
3864 3684
18 83
681 3314
3959 609
838 4103
1512 3487
528 32
2318 82
3508 2385
901 4674
2513 4001
1255 1705
140 3808
1003 4672
600 2997
4993 3931
2515 1984
2913 2103
2960 1711
4358 223
17 3336
2891 16
3423 3844
1566 1011
3202 1253
4536 1985
4375 544
4088 2828
4664 2538
3785 3596
895 157
4044 4783
3347 1257
3397 2270
15 2820
2195 2704
2577 3035
4961 1021
3331 431
4021 3024
14 2610
1521 3192
3124 4300
3806 3472
13 3218
2882 12
3727 3886
3119 4774
11 4172
3969 3825
3277 10
2738 4586
4370 4890
51 10
4130 3204
1340 10
58 2475
3514 3651
2024 3167
225 4162
373 4482
10 206
10 3750
2963 208
10 2736
1606 2227
1319 10
9 1718
1898 3141
3170 4194
2055 8
7 4594
3510 470
1610 2058
2443 2504
1216 1686
4244 6
952 5
4551 1760
4429 3839
4183 3241
4575 4940
4850 4609
1240 2551
2610 4552
4498 1128
2413 1174
4827 4769
1242 1866
3958 4521
3145 2726
4830 4971
2689 928
4038 680
1485 1678
4995 4895
2379 4
513 2792
4660 4
1703 4
1526 371
4635 2996
2278 3935
2476 1488
3224 361
4171 727
83 18
2223 2581
3501 1796
541 18
4130 3584
2958 2400
3395 3
2 4498
3973 1732
1 635
4012 3678
399 4072
1441 1234
1638 2413
31 4363
30 2659
4895 3667
1727 4121
991 524
4311 4840
1726 30
2274 449
30 1100
1064 3487
29 1841
586 2259
4596 601
4154 2966
339 319
4596 2682
4971 4838
1475 2837
1787 4881
28 749
2958 2398
1256 4179
3702 4509
3365 420
4644 126
4187 2785
4971 4849
4005 4431
27 3367
1956 26
4973 3697
4415 4922
4255 106
161 759
4153 1832
25 1377
826 4512
4996 4511
1054 3829
3194 3443
3062 3964
24 334
2759 984
4028 479
2283 566
2899 2887
3603 1414
2436 3659
1791 748
1866 4839
3455 4454
2857 734
4592 23
4640 4992
22 2234
3303 4040
481 1747
496 3550
4997 3042
21 2604
3722 4599
3080 1510
166 3603
2395 1857
1575 2256
2209 494
2710 1822
1329 2391
140 3683
2640 20
19 545
90 1378
1065 4496
2588 19
2794 3744
1198 245
2933 4114
2662 4091
19 2634
980 1564
1571 4872
2735 4529
533 18
18 4466
1091 4678
18 3050
17 3766
2284 1886
3639 1095
618 281
2680 4965
3483 1675
3581 1929
4051 4253
621 16
297 1596
1403 1254
15 4045
4916 4480
139 1068
1885 14
2643 3008
2327 4259
2387 1344
721 13
12 29
1459 3729
54 1063
271 12
1069 2668
2193 1129
1362 1927
12 695
12 1858
893 4522
281 4632
4521 3957
4517 1489
1960 2197
348 2251
12 3734
4108 3186
756 4325
4672 1042
2616 2045
4300 2266
2690 2569
2776 11
1403 3513
10 3703
4602 2002
1284 1076
2202 9
3098 1327
8 3399
2021 1968
4241 3697
1904 4707
7 1078
906 2017
3935 7
1835 3588
2342 3655
4591 1566
574 2682
1707 4186
7 3766
752 6
3736 4305
4901 617
1701 2336
2719 1178
1421 6
6 3295
561 5
357 1250
3765 4743
3647 3421
372 3368
4 1703
4864 4785
239 4
1858 4
3989 4948
4382 550
4279 2451
109 4651
1897 395
2130 3
3234 3401
2644 2331
1278 2
784 1970
1352 2
3597 492
2807 3633
1730 2
2 4778
4081 4380
998 3971
4183 3469
3270 746
2253 3961
345 4514
1313 1825
2 553
2534 587
2632 560
3592 2
161 1553
1453 2
2671 1
3141 2932
501 106
31 2506
3568 30
2283 4558
752 28
3504 27
26 766
1612 711
1196 2744
2090 1911
4732 4827
2630 4934
3155 1422
26 232
3879 4200
1397 4643
2407 280
26 4808
3261 1938
3013 3347
2496 2909
353 25
1639 989
1260 2788
4026 4439
3501 4438
108 1812
1681 2746
25 4848
1687 1602
4310 2101
817 160
25 1071
4978 4035
856 2799
4841 4596
4247 4297
494 3084
2662 3723
25 2985
3809 25
72 3481
3983 1556
3280 1915
4971 4863
1697 24
3997 4948
3638 2940
1174 2140
515 3359
4217 23
4955 806
22 2966
4032 4240
4294 2888
4627 3860
3508 4537
1025 21
1937 4939
3295 4027
4355 2173
4334 2684
4801 196
1774 1200
3427 1206
4334 21
4616 4998
21 1118
1511 3326
1836 21
85 3264
1867 4498
2802 2935
4188 3654
339 2374
551 3012
2968 773
3410 4038
72 3421
2846 4123
711 376
3382 341
21 1836
719 2400
2144 2871
21 4591
2291 21
2525 21
2525 21
3985 2565
2771 2372
1451 4678
885 1979
1737 4870
2492 832
2683 1421
4778 2421
2988 21
2078 4019
4756 2714
2909 3751
2920 2133
2592 3011
3335 690
4202 1765
4864 3933
3008 4977
2604 21
21 4736
2445 4124
1847 406
4701 21
880 3730
20 3033
3563 1029
3899 4693
19 874
2055 19
4676 1316
237 4067
2098 2902
2557 536
3771 2241
2798 976
4226 19
1043 3739
4481 3889
1052 4138
4565 2824
19 1531
19 2889
2298 2456
964 4310
2357 977
3274 1846
3254 887
4417 74
2811 1001
4605 18
2651 3219
2942 1044
446 17
3075 1369
3146 2788
1439 17
4399 1702
3169 3007
3557 796
2383 2111
573 4602
17 3250
126 3884
3901 1404
16 3364
413 15
1806 2052
4751 1132
15 4112
16 4836
4361 1849
2322 4609
3328 3245
4973 180
2347 4733
1648 448
4962 2149
3576 4138
1349 3959
1253 15
4418 4858
3740 3046
4057 3459
4496 4354
104 1321
4566 2419
295 15
1386 3183
1405 331
205 1275
1738 351
1627 70
2341 1002
2433 4146
2876 677
3756 3122
1855 284
1851 3972
4986 4960
28 4804
3334 2151
4008 3269
2893 2909
2306 4493
4990 4272
1366 15
4548 2670
14 2049
843 3655
4540 13
2121 1616
2580 12
4096 4297
2065 3732
749 2002
3045 245
499 1426
2804 2046
1373 4191
259 11
2903 4425
1319 10
10 566
1655 3057
3071 1254
2771 2529
2675 1513
1979 4173
1411 1986
4304 2651
10 566
1660 2451
4614 4754
3730 10
10 1340
422 10
2536 2349
4632 3145
3554 4664
2939 3866
3534 261
4546 962
2907 3382
10 422
626 4680
1883 657
104 537
3824 703
1560 10
2914 1085
1753 10
9 3487
2369 8
2275 1857
3289 3128
3516 4572
4541 4692
7 3337
544 4269
1855 284
2839 153
1323 6
3194 3057
902 4721
3943 3871
6 2806
4935 1260
6 2297
1011 3411
3780 426
2775 3035
4011 3642
844 3490
5 624
3800 4680
4 3841
4901 3808
3336 774
4997 4620
3 2077
4415 2073
1399 3127
2917 118
3464 4183
1881 1257
4189 2
467 2464
3354 2516
705 1110
1379 3314
4280 4857
1589 2956
1916 905
2071 2230
3710 2420
4699 3000
3129 4640
1758 2738
601 2337
4633 4269
1 2022
3391 32
31 2506
1264 936
4740 31
1755 4027
1594 4338
857 4850
31 928
1877 1345
4784 992
1419 230
4014 966
3110 736
209 11
30 2087
2096 4408
4079 1892
4840 1269
4363 29
560 406
27 909
1602 27
3563 27
4997 4657
4764 1977
3636 3378
4621 759
794 2998
1977 3593
425 4107
670 2824
4615 3489
2618 26
2542 1399
2915 760
1991 106
1094 407
3948 1368
4624 4168
4783 4760
4122 610
1296 3595
1428 2681
4624 25
4131 2173
502 395
3044 817
3998 4577
4230 3016
24 3232
2977 1168
2528 3679
4253 23
3457 2016
4699 4827
4194 4426
4728 28
4333 2961
22 697
3969 3830
3177 2263
3003 1415
2031 3293
4678 1891
22 3794
1725 22
455 2100
3681 4222
160 3105
21 1062
4827 4771
4294 2891
4721 612
2122 3391
6 1951
4172 3886
1488 95
20 4645
2698 1061
296 19
771 3753
3549 197
3344 4766
2670 3716
1484 4594
1656 1217
3077 2947
4450 4376
4948 3985
4788 4890
3588 4775
984 821
536 18
18 4358
18 4166
1739 1045
3262 17
3115 1850
15 2572
4895 583
14 2254
13 3704
4929 3130
3141 4241
4011 3639
1553 3448
1308 2746
4900 3561
3305 12
2619 4445
4761 4057
1766 10
3322 4777
4418 3260
4001 1630
1255 2814
3253 3328
3186 1454
4149 3773
9 378
4678 3451
3166 946
1942 1164
3939 4559
2496 3924
574 143
8 1944
2040 1071
2917 134
3221 1470
3746 2660
7 2547
195 5
3647 3421
3541 4507
1153 2702
4874 2233
3938 2645
5 561
4818 4971
4937 2890
4496 3616
2524 2482
2602 4948
5 624
952 5
1305 1285
5 1178
2912 651
1792 1266
5 4898
20 714
5 213
4237 2516
213 5
5 1935
5 2394
426 1806
5 2418
2520 2498
2239 2043
4448 3115
176 1736
4902 3953
84 4862
2338 5
5 849
5 2887
1470 969
4416 939
73 4931
634 2269
1006 150
625 4680
1299 1506
3760 172
3092 1151
2822 3806
1906 20
3 2249
4311 1633
2337 686
1897 1441
849 5
5 1478
1923 5
219 3346
4923 2594
116 4845
2005 3746
4657 4449
5 1345
3756 3623
4722 3969
4091 2662
5 231
950 1941
4342 715
2905 2590
719 2639
4932 34
4928 4686
2742 3358
4243 3887
2871 2144
2767 3428
4815 3533
3984 2539
4247 3938
5 231
1309 318
4410 2782
4100 3737
1345 5
5 1395
1766 4625
2217 2980
2781 3495
2665 5
4590 1544
312 1341
3194 3057
4993 559
4267 354
983 2134
4958 2997
3927 165
5 2742
2982 4943
4241 2711
1907 1285
5 1395
295 15
3972 762
1935 5
3878 119
532 4269
1826 5
1826 5
1209 4342
753 1949
309 1887
353 4925
5 3548
2752 95
3364 2322
39 2996
266 1327
189 1482
2330 5
1828 4853
4440 4501
4101 4719
4335 402
5 2907
1883 3533
3654 4188
878 165
4271 5
1920 3723
15 1366
2603 3825
4830 15
4754 2846
213 4343
4720 3268
15 2259
219 2920
3749 1101
3460 3408
3120 15
15 819
3936 3945
4856 5
3297 2046
1194 168
4370 4299
2883 2899
4 2205
4370 3189
3542 233
2 3778
2914 1924
1 4326
3716 33
1348 1679
3361 3863
1300 815
4561 3633
1581 4322
2337 682
4034 2929
4940 32
4603 3397
2772 2968
3345 1725
1806 1541
3335 239
875 2868
2669 1028
146 31
4772 1301
836 3825
3545 30
2061 2833
29 2330
27 3516
4563 2877
26 4717
2360 2034
1538 602
4051 877
638 2541
277 1673
3685 604
679 1320
4787 4890
470 1148
1377 25
3478 3436
1786 25
2184 25
24 1280
500 23
1112 23
757 23
4638 1068
4384 3385
3756 3620
4147 22
1865 2083
3787 1114
2952 1002
3369 692
2676 2639
3982 3315
3828 4898
1062 21
4275 1655
4926 4995
4864 1818
3915 2401
4217 1376
4488 21
776 4988
1055 3319
732 3579
21 1930
806 1592
3181 4788
4160 1573
3914 4693
20 1958
4868 929
4435 134
233 3542
3235 1623
4536 4997
296 19
4895 3665
4940 2045
399 19
268 1395
4541 2343
920 1747
996 19
4794 4834
4971 4805
4889 4006
4916 4995
4761 4055
3105 3642
940 1548
2386 3224
4724 2527
18 476
33 4180
4156 4966
776 2395
3756 3618
957 2167
1439 17
1672 962
17 4029
3982 3314
3603 3757
4722 3965
17 4170
2413 489
2225 16
239 15
2913 4887
196 14
3627 4937
2426 4112
14 1210
842 4087
455 14
4794 4346
310 3767
4198 4426
275 583
2362 3753
1071 4524
4434 3127
1756 750
14 810
2519 4972
1763 2859
3515 14
1210 14
864 578
4783 4043
359 195
4826 3395
2748 785
3244 4528
1209 646
4863 3389
14 1777
683 1027
1827 14
2625 4526
1557 3826
14 2560
4615 3486
1943 1304
3272 3715
1181 3784
1048 1694
4010 240
2735 850
14 3163
3509 2479
2043 4745
2896 3679
3483 2925
14 700
3715 1223
2676 2638
1012 4873
3982 3312
1031 2774
3573 929
546 1816
14 2096
175 197
2447 3279
1109 4183
3060 4208
321 14
923 13
930 751
12 4491
11 209
2439 319
64 2877
806 27
4715 3442
11 2949
11 259
1051 1624
2381 11
2122 1107
1974 11
862 2143
3986 604
10 2653
139 4623
401 3770
88 3213
3787 9
302 8
1379 4182
496 2672
25 1786
4544 3678
3004 1755
881 2622
1035 8
1400 3675
2555 25
164 1707
3042 4997
2806 2759
8 333
2683 1258
3636 1326
4604 251
4182 2176
2320 287
4637 1267
1925 1109
4124 3491
8 3600
3129 2799
8 1404
276 4550
4722 7
2620 6
4870 4971
653 669
410 1065
1854 989
1201 425
3327 3736
4312 4699
1992 4765
2753 1735
2197 3544
4393 2268
2182 2458
3793 1721
418 2270
4055 5
3171 612
2968 4
1078 2208
1109 1925
3859 4318
126 3978
1792 956
600 3
3 2575
1962 2599
603 579
4806 4220
4412 4922
795 3
4714 3890
3 4028
418 3
2699 3239
1007 1793
1741 4227
2948 3153
502 4859
633 2507
2629 4934
45 1250
2 553
4767 4031
1390 4954
2177 859
902 3714
1687 2
972 303
2573 3667
3177 1908
2976 4306
4848 881
1156 642
4609 2323
2372 4988
2 3507
4152 635
2368 2066
2881 4809
1 3534
34 2908
3433 1951
3976 3694
32 2117
31 588
4502 4284
3852 2240
1100 30
4073 1815
2606 3157
3769 4277
984 2759
2531 1597
4705 4592
4104 503
437 3312
385 30
3709 30
4918 2423
3793 2258
3489 2761
4072 4433
3325 29
4585 4997
243 28
4827 4717
1228 1484
2037 847
28 3232
28 749
4712 952
3150 1697
936 951
2783 4470
4594 3504
1326 28
2720 1660
3157 2606
3974 28
2219 2660
26 1248
4613 25
3141 1648
24 4795
3150 121
23 4871
4714 3890
4475 1031
1387 2760
1192 1435
1952 3571
3532 4815
1725 22
22 2093
2172 22
3750 829
3927 4694
2156 4688
22 2234
4672 2595
3045 3486
1931 1588
2993 442
4269 532
1957 264
4320 1235
2310 562
2114 4661
4060 3450
3860 3553
625 4680
22 2301
4612 2870
2079 22
2443 3771
59 1139
1738 1459
3386 2117
4916 4481
2034 22
1589 1821
4304 4819
3288 355
2034 22
360 22
1105 2762
1615 4815
1188 2349
3920 2841
2220 3353
3830 4898
61 1446
2285 4583
874 985
1032 2129
2140 1526
1904 2583
4030 3318
4983 2512
434 3099
3923 4604
3930 4993
22 1519
3177 1379
288 22
22 3955
3437 4355
2153 1890
4235 1172
22 288
22 360
3940 3391
234 1429
1008 22
1805 1048
2749 22
2043 2345
1008 22
1981 3953
2222 2980
2211 3078
3193 4006
4283 22
3751 2428
1519 22
364 2225
22 2885
577 3107
1728 1217
4664 22
21 694
4634 20
4797 3811
3319 1055
4839 4087
3437 3713
4903 1524
3833 2386
399 19
4610 4957
3907 3802
1555 19
277 4489
3412 4038
3072 3444
3537 2228
19 1391
18 2831
17 2861
658 2514
68 1506
16 4192
4794 4346
239 15
15 3356
1096 2413
3092 1151
15 2237
14 3836
898 2429
2732 4748
1143 1588
4688 4325
1813 4790
3066 2173
3435 2623
4902 1780
1387 1828
837 1027
804 2927
2522 1343
2480 4658
2318 3512
13 524
13 4535
96 3291
234 13
3779 1665
900 12
3168 2533
3720 2415
747 3015
3726 90
564 4215
1180 2722
11 435
2725 4032
1736 1996
4423 2279
276 10
424 190
4768 4687
4507 9
4217 323
8 1119
2690 2807
3779 2981
3966 4990
1325 3422
515 404
2448 1995
3297 83
7 1261
3057 3194
4013 1966
3479 127
1632 1018
3624 2820
3565 1052
2685 3138
1432 1436
4652 4074
1585 7
1335 7
4956 1459
869 4058
7 4489
175 197
1338 7
664 7
664 7
1624 2355
151 3333
4823 7
7 4715
2589 3474
3109 6
5 1761
3039 756
24 3305
3736 4
1074 2337
1609 4902
3 4510
4996 4510
1319 3008
4854 4329
3931 3510
4491 1836
2 4578
2449 3036
1949 1
951 2715
2164 1235
502 395
4979 1090
3202 4561
3002 36
4653 1845
3636 35
2984 1936
1258 3347
2492 834
34 1981
4476 2753
345 338
243 964
2637 1459
792 4960
4395 4986
3772 1364
4213 3157
3943 3870
824 3261
3907 3801
1620 33
1219 3390
32 3717
1983 2391
31 146
3635 2422
1364 4073
3896 4240
557 2330
2768 2556
3340 2619
1060 2698
4046 2681
3684 869
1053 975
3614 461
31 588
2011 31
3543 2593
4769 4432
189 2280
2270 31
1377 31
4272 1994
2179 4916
2041 30
29 607
1281 2480
1840 3349
1332 2993
656 3804
1401 1005
4353 3078
1721 733
28 752
954 3142
661 1218
3141 1408
3280 1580
2418 28
4174 1171
4895 28
2802 2691
821 27
26 247
1345 1901
3364 1705
1702 4399
3620 3756
162 1707
1184 25
4102 67
2433 708
2442 909
838 4392
23 1438
3189 2072
4245 3866
2140 232
1886 1951
22 4765
1559 4484
1209 21
4910 481
1131 4751
3021 50
4404 2564
4354 3510
4779 1668
921 2207
3077 860
3792 2846
4629 595
280 1183
4869 4971
749 1775
20 4120
4692 3907
4981 3674
2428 3249
3092 4996
3619 2125
4293 2963
3493 19
1482 1937
1724 1023
649 4325
1526 1161
3303 3157
4806 4971
18 712
17 1673
4039 1826
4332 3154
4082 3594
2116 1715
3242 17
3395 1477
3242 181
1667 2797
4713 1652
2798 2580
4162 1171
4104 1630
3525 519
725 47
213 210
17 2126
685 1866
252 17
252 17
3903 931
3392 3080
2191 17
4665 2691
2709 4241
2451 4189
1818 629
4180 3631
17 4129
2524 17
481 3214
2787 17
1830 1716
17 624
624 17
1539 4789
1188 17
2292 1249
1188 17
2063 2907
3410 2718
2588 1083
3753 850
4715 4827
3366 2472
2774 2639
17 4790
2504 2440
3949 2210
1477 992
1046 97
3632 17
4974 4157
642 894
1706 3693
4147 4749
17 1590
57 1762
3351 17
3476 191
16 183
1363 822
3984 2539
1307 3783
677 3402
413 3739
