736106987103294
354114900825304
354114900825304
736106987103294
354114900825304
3250118417603275
354114900825304
699037207921500
699037207921500
699037207921500
699037207921500
1696067246858607
354114900825304
3404918841181440
354114900825304
354114900825304
354114900825304
699037207921500
354114900825304
768907570066920
699037207921500
736106987103294
699037207921500
699037207921500
354114900825304
699037207921500
2390268036940378
354114900825304
354114900825304
2933067193937320
699037207921500
1696067246858607
354114900825304
354114900825304
354114900825304
354114900825304
699037207921500
354114900825304
1696067246858607
3146658233204386
8175958304404760
768907570066920
736106987103294
699037207921500
768907570066920
7674572439262102
699037207921500
1252004267686900
942720596696580
736106987103294
7674572439262102
354114900825304
354114900825304
354114900825304
26474214815941825
354114900825304
699037207921500
354114900825304
1696067246858607
354114900825304
1696067246858607
354114900825304
354114900825304
354114900825304
942720596696580
354114900825304
3779758018922286
354114900825304
1521008655354153
354114900825304
354114900825304
699037207921500
3146658233204386
354114900825304
4177859125900542
699037207921500
354114900825304
354114900825304
699037207921500
736106987103294
354114900825304
354114900825304
7674572439262102
736106987103294
699037207921500
768907570066920
354114900825304
354114900825304
354114900825304
699037207921500
354114900825304
699037207921500
1402627459999376
699037207921500
5030620074229722
354114900825304
736106987103294
5030620074229722
354114900825304
736106987103294
