100 100
-992449737 238262467
-904304141 201366390
-884817729 154699158
-879991178 135907418
-863389166 322462108
-847494219 598567212
-810691432 515269583
-765737211 375421432
-762042136 504159745
-753131890 627190060
-740547045 26123421
-721069724 436789888
-713666390 119160374
-700672836 834451652
-678295105 645797841
-663634370 377334361
-600273838 432567075
-596832755 481871267
-587350281 631022366
-557545881 790924840
-542721722 504070796
-524714104 430204306
-524115178 798840663
-506607725 401226737
-467119705 693468273
-462687870 74818191
-456522687 440325737
-445247681 908597007
-428832436 931999382
-402829163 34419544
-370079407 163305131
-357555581 27552522
-348685977 894242668
-343759737 788623808
-331721516 812218371
-310026646 599112629
-292734866 855144135
-291320320 29948515
-290628370 980293855
-288169678 446032792
-286683084 231625836
-267861952 199943072
-259085923 373279746
-230652791 756546350
-211327255 519381258
-205568666 813336260
-136269733 600066982
-124675435 921472043
-67243290 171401950
-24410132 370733830
44821633 689061529
47936393 252605628
53843858 992584001
77436425 619031756
104549750 12838757
117012397 544091020
123330889 484776235
131784994 472783623
136268860 458970164
179561629 418562817
212510594 550793282
213681785 897362695
216155371 630685256
266304188 865300147
315218152 129213715
349515614 762228471
358899835 116364690
412627905 798603589
432378370 589305604
472871212 726829225
476695735 82185596
483577435 804908513
494240042 281801924
495078358 140610270
534540263 355730001
535589855 637691853
536355425 593705141
544911313 985884605
642892129 211866597
655894749 448730399
663090589 622966591
684290779 293479696
705856286 934138779
715560697 205382803
769269475 359799772
815490892 448797225
841290578 128045488
862504578 778392938
863488049 768179005
866187788 211432104
888306314 733221873
895836639 82397995
902285516 161066701
910925878 839834116
922870763 299674788
923750700 574146372
927291793 475720858
967873190 212862565
997551781 916671821
998377089 302719101
15 29
1 74
73 96
6 29
44 97
6 17
26 96
27 66
37 49
17 64
30 45
58 65
70 92
23 26
8 77
23 80
4 87
25 62
33 81
86 97
10 64
21 31
12 66
35 68
65 86
12 45
28 33
52 97
49 77
51 57
37 62
48 71
68 84
48 98
24 86
16 85
35 53
19 74
47 68
12 19
32 37
83 98
14 24
22 63
85 96
45 47
17 65
25 38
76 79
17 34
44 51
7 85
16 95
28 85
82 83
2 96
28 58
55 81
57 66
11 80
43 72
40 100
33 100
17 76
75 88
50 89
62 69
10 75
84 91
62 99
40 83
1 46
8 21
5 79
52 61
11 46
16 75
18 94
24 54
1 23
21 99
68 89
45 51
15 35
18 57
83 100
60 87
35 79
47 88
9 63
72 90
9 71
2 6
12 65
42 50
61 88
18 34
41 46
21 80
17 37
