1000 1000
-998877299 494900222
-996315701 142743596
-995288466 965026528
-995167887 147973361
-993942709 502431840
-992964728 870855003
-991710699 186597218
-991473148 62392717
-986044529 729627326
-982711286 73917674
-979456518 48177778
-978052961 199964977
-977069923 304704888
-976871178 431772557
-976584060 757726575
-976351972 648625098
-971354161 221895307
-971220247 440938227
-970516875 842960139
-967236657 859463268
-966196813 316711746
-961837643 20618973
-958639497 679162501
-958385397 742207404
-954464702 894446298
-953915144 598402238
-950756667 402960996
-949549916 999999911
-947202506 100946856
-946430462 849683874
-946300718 633925017
-944260436 776287143
-937576450 703660673
-937099008 703290069
-936281050 252356126
-927188709 85124703
-926841345 589332324
-925372552 778589534
-921403126 855335268
-920642359 185392106
-918225612 98004014
-916416585 627306718
-914897506 372626645
-914056683 61274437
-911387116 287964697
-910197512 226954627
-900104437 568399761
-899121088 280519914
-897535361 734468474
-894207455 191881791
-892991663 392308630
-892404951 755900131
-884195832 637932122
-883243112 24876067
-877979133 369930227
-875388379 349347913
-873789172 662876757
-868957008 370391251
-865310604 76498366
-860935825 625970430
-860846245 841418259
-860635453 611096877
-859024676 150943289
-858905024 851768409
-855844000 377931542
-855710890 408841913
-853791420 707067246
-851227151 409618736
-849235362 759065521
-848110949 916016357
-846825392 709396466
-845347167 698035564
-839819488 892723736
-839687669 815967147
-837654692 401577620
-830113064 237561798
-829793746 349588264
-829468416 603579648
-828186627 565666952
-828176804 183320456
-821815307 131891718
-817845246 385950079
-816281519 943444953
-811362275 25272498
-810856898 376067835
-810405265 686890294
-810225630 540391121
-809945457 655295129
-809429499 95378954
-804586755 241272986
-799911849 816672427
-794583390 295648574
-794520217 544919227
-787874908 772566054
-786635916 739566709
-783896182 844714187
-780433005 387742468
-779675768 258862614
-778799856 990871855
-770154176 44108227
-761656851 173915436
-760639362 994477094
-759616563 267080094
-759161263 513957623
-758576453 266348088
-756228921 92081615
-755752119 927777559
-753924419 947812072
-748918975 1218698
-746265271 905160072
-744595683 505820040
-740416204 39432689
-739703677 143166465
-738890067 77701648
-736152501 445375915
-733383252 72003100
-729988966 658920677
-727719357 847134047
-727698533 569016307
-721285053 889624396
-719935311 578155779
-715950325 171006529
-715680591 810775545
-714723671 614789161
-712848369 364065810
-708055204 796972494
-705424070 411751918
-699764414 686246919
-698980614 966426390
-698139608 510578293
-697119813 150120733
-695566463 377413827
-691190773 118480709
-691046329 305114996
-686059405 553201713
-681941636 435025178
-680445550 411863784
-676463088 360471160
-675507292 132199799
-673798673 910342102
-673424221 703139151
-673299501 306750
-672627979 921416880
-665309801 766357920
-661228683 696319398
-659288680 719748559
-657097753 61684423
-653720954 229961295
-652877805 587586106
-651769503 711951747
-650635762 351483153
-650111641 260428753
-648813426 275108074
-648556727 520864149
-644975806 708890155
-642024033 836416193
-641507837 188294145
-639982267 50888728
-636621716 145159331
-633467887 664678896
-631770052 874009550
-630753337 636143505
-629281097 802718786
-628017858 454969603
-627522109 201322627
-626053468 411503866
-626015761 545255170
-624088592 836401913
-623022796 988530481
-622940830 402973963
-621970303 40142888
-618493919 460079332
-617705122 940162493
-617625778 621849129
-614094920 211867822
-609497886 57110098
-608164327 339788919
-606474223 749740340
-601117941 910733160
-600985675 720813620
-600400589 104045038
-600173526 647196618
-597814102 654731209
-596638454 387803642
-590693633 287256615
-587163846 842648743
-583651384 633392281
-581932794 431737206
-576399791 155949063
-575958868 22604982
-575170380 805124300
-573603338 811250641
-573568453 54806442
-571720837 288904894
-570382931 766129203
-565725258 741594928
-564415366 35975610
-564384727 91358537
-563312207 757727040
-563200900 182269232
-562619827 316901111
-561196643 55541356
-557880615 723923686
-554021443 54183315
-553195013 404487608
-542555931 191612031
-542004078 5335514
-541569166 157380438
-533718391 340788015
-533494797 587422034
-529957873 394197287
-529208990 796458879
-529018800 569747981
-525832875 274468440
-525354220 847576842
-520463956 909821444
-520069955 852591823
-518958690 751343754
-517583141 898010314
-512573076 37590693
-512383579 631779098
-512307671 648843605
-506359562 381357849
-505921862 569778894
-503860761 444625943
-503705968 57015108
-502507278 646440471
-500404035 919560498
-495679130 238887530
-494139867 139870342
-492434298 643757471
-491379277 742530355
-489180273 213819848
-487286393 144986228
-485742718 448113061
-485396565 804593742
-484871574 776075135
-483931769 26558317
-483755447 470436862
-483575904 746447220
-476847180 69087225
-476799691 464308055
-474331787 889633000
-474069722 630515748
-472176663 365329880
-469693761 313392989
-468680181 193022015
-466901294 75481410
-466475266 662715174
-465244276 122728659
-464764680 593292809
-464079158 309032940
-461231810 961640845
-458764276 923758600
-456854104 300313212
-455215258 282139414
-454890513 345299678
-453863791 749553577
-453283670 226769740
-452640788 991938371
-452326001 554433306
-450753147 179399721
-449758514 822562068
-449723275 848060416
-446152744 386231830
-441740183 54347449
-439159629 188473802
-437348386 619916028
-437327003 159557294
-437301658 333243432
-436710884 649728779
-435875650 451685173
-435132282 712703859
-435020362 765757827
-431596551 686835511
-430988816 878994826
-429405993 425251711
-428319530 972313549
-426935821 275981650
-426177577 661525660
-425170823 632191853
-424283308 353953197
-422208246 458292654
-421033781 837005350
-419459042 726714977
-419433759 206210148
-419084367 837660142
-413554457 421843883
-412742246 254805308
-409518155 597518082
-408950227 706197237
-408751746 639595710
-405972710 787048672
-403410907 62525686
-403356621 338699635
-401638074 284995226
-400632570 635476884
-398693367 997667129
-398021647 197234123
-394736186 37132206
-382192757 372515910
-378228636 626277425
-377755485 678477892
-376164113 404087483
-374022789 645773750
-369502502 477406997
-365557567 376991779
-364440322 857865154
-362557595 55685488
-361533805 188046217
-357087581 468486844
-355594843 626932849
-353700994 133858449
-349210895 703408487
-348421331 312204971
-346273490 84723364
-345855709 912784838
-345745636 327950981
-344198609 657680349
-337454139 360562730
-336138687 282499590
-333417997 780430755
-329017706 999839387
-325297561 876954917
-323438406 281548711
-323142416 772624528
-320110213 796764156
-318920465 206499577
-316556051 730316505
-315390606 128982303
-314645761 20120751
-307298142 630098780
-306723309 403779468
-304964877 253840524
-302835561 378608384
-301775930 887975542
-297125239 165697088
-296002925 33077699
-293088181 477639115
-284321944 368147205
-284205666 739637521
-282018987 713950543
-281305944 678058132
-281036288 336833881
-280627509 546297603
-279218905 199292679
-278780532 393680105
-277824878 774890031
-277352650 968289072
-270874978 407745113
-270748843 725238029
-269979100 957451754
-268430117 833376117
-266506717 402553607
-265388377 627794494
-261872992 130293061
-260385715 359972393
-259341346 304892455
-256146569 135510377
-255568683 313502851
-254998149 566130988
-254077586 182410388
-253933006 262137431
-253496094 880455879
-250347575 949577252
-249768765 850503047
-249147975 795231039
-244334855 847095174
-244208231 156856148
-242219005 58525258
-242113390 114242993
-242029219 715528035
-241343610 906920528
-239991402 1455341
-234486066 691104691
-233209524 132025685
-233104237 824171977
-231166160 815394521
-229596696 521303601
-224448495 677413560
-222834796 241415137
-222582972 100238493
-221737834 539795144
-220710629 880201585
-219358971 99763323
-218666436 843630468
-215498064 581769046
-215147429 204640737
-211101472 138853167
-209921953 920849473
-207550068 549107067
-207190320 775797797
-206412815 668809099
-203938834 837448341
-201750929 557758954
-201148281 157784129
-200335967 125192847
-191871371 152123239
-188356201 627331427
-187416861 52364911
-185636590 410594215
-184077626 816087905
-177845322 284303923
-176212793 458494543
-174111950 819036128
-173577222 346926934
-172212274 285912736
-170997841 904317818
-169461009 891210264
-168852175 197585012
-168542560 813831453
-168119806 964626775
-167763216 2631866
-167226350 445509141
-165548472 479731191
-164175618 48432142
-162793430 719970452
-158694506 602309661
-157499874 461027107
-157115875 544139594
-151080357 103245188
-147749412 936546950
-147675258 836520034
-147187908 371670000
-146583953 127098491
-146484752 935245247
-144760507 270933272
-144065016 231421113
-142951619 49689715
-138751072 199215784
-138575139 180548881
-137216062 344022756
-136262287 409591597
-134402781 995051613
-134101947 495224139
-132041779 427968460
-128655596 807775096
-126616467 156430597
-124603751 314444781
-112566340 153832379
-109788057 234540399
-105994877 104305449
-105682402 152098938
-101739482 42279742
-101655105 90031340
-101250565 121094194
-99408686 509718068
-99064037 92597351
-98872360 587965905
-96703798 594573366
-92336242 915740643
-87259017 790591841
-84467965 385753295
-80373208 257011219
-79218755 282648146
-78873570 717624093
-76724046 259745172
-76383501 20720317
-74223276 845807183
-74021114 774488292
-72400671 257650441
-67313291 812290732
-66432502 690212782
-66379042 75923268
-64462314 213341164
-63576506 898261538
-60458188 279683348
-59759264 806595341
-59044856 239311071
-57315779 14882147
-57172357 179680655
-56711690 552778267
-53638126 676016744
-51730049 578889341
-44277606 404294594
-42330661 336857332
-36834692 215303031
-36595714 149529947
-35902917 860922172
-31917442 410658349
-28318109 46337261
-27977320 143899415
-27810831 537325071
-26619762 509321424
-21321527 809123043
-19438277 657764000
-18106294 617430119
-16533254 933370854
-13125588 808739557
-10894316 24107487
-10759484 747535205
-10241048 507193391
-2573243 464228592
-2182605 974902293
-1299490 530877872
852316 461569339
2996937 262870987
4251105 435160443
6666276 155695280
7566165 296233079
11845355 285856879
12540552 125322581
16138814 114579220
16708313 144339354
17181024 414227955
18409993 135809043
19631542 710009276
22079300 236031104
24662727 897013497
26303899 926849875
33974729 731800748
34394934 140331815
36405647 988864450
37611453 702795897
41911500 414048200
41946290 606821873
43562620 401262646
43940549 231998355
45785460 102168571
46733421 955042760
49463713 790115232
50673075 988604591
51173450 374579044
51299591 514680511
58973797 743926800
59177294 458008174
59446171 502125070
61235840 756150647
63997205 520140340
66596592 161566971
68199133 672035110
68875583 550555085
71482248 741901260
71827558 190124946
72994049 803237456
76474759 833799623
77209539 404173321
80170603 756449328
81693978 149766828
83862569 592998162
85986020 816747930
86356191 745391416
87462029 88277533
88703085 439862760
91354023 897555658
93944873 830837079
99824667 728232688
100550575 868902765
102016307 110229666
104272239 857537183
112118345 265828679
117770398 619519253
118387844 328228420
123950139 870279584
128134562 302239978
130161343 718157225
130918686 501483192
131660597 871658646
131980943 490659578
132796255 493960590
139614562 661827294
140402307 153413300
140639159 937862254
141027655 817643392
142383750 701984051
142476088 847482083
143663470 201985407
144555855 86254232
145849453 73868758
147815669 882491870
149254794 672593252
155820159 765724336
156069991 302653679
157135219 708573258
157898947 986920099
162328030 436586767
163307006 635372077
164259828 206682955
166791672 879022437
167583358 760447327
169798006 683974026
170413202 449478655
171225468 66599478
172232649 249122730
172705453 344656755
173477136 878565360
175745964 230925168
177389458 894982275
177606111 903135817
177632395 678828994
183554466 14426876
184011570 23876778
189981140 745369672
194376442 903683962
199620539 729372698
200207662 126499609
203565804 853626463
211074466 124391673
212009524 862227464
214696346 664679486
215757860 236371473
216855087 705483015
219617558 329748796
220904713 622509146
223561219 256549135
224019844 279628981
227846024 763817824
228438832 143748499
229196943 861174566
230351658 64831415
230463506 886714672
230812097 969528097
232508245 52624667
232654754 300293588
241771675 301213399
244384504 803872001
245709100 435181358
246466097 644421516
248217867 687064074
248777420 607581465
249051696 143654032
250355369 750877820
251992966 685608504
259345246 401185877
261392502 849082521
262787091 370710454
267305260 774910236
267562302 265204325
270431103 715923751
270762772 789612249
270762801 190459362
274714237 957475942
278497576 56410242
280228049 341132139
281972814 83304652
282570021 816184678
283014372 900209022
284544581 387093905
286395158 75723745
286503606 19951228
288055410 214534523
292278534 495960308
292562937 621029704
294154811 173281328
294177786 140851957
303094823 524039108
307324878 494861765
310527938 766791530
310700328 30399534
312644976 888351474
314461472 518017277
316442327 110290346
322532727 968286095
324126947 389495361
325123452 631546357
325487511 845296796
325691261 774435286
325822784 462472034
326469616 514894715
327383585 182738476
329423078 565609559
332160348 531168835
332982262 855044481
334736267 844682063
336407808 774657978
337168009 39415340
338739986 454149315
339196051 217694149
340460002 156963437
344508059 408797639
345183797 973144990
345589561 511584617
346796874 251793285
348442438 125309985
353946059 927142146
357379504 747920189
359841422 753408888
360123303 364658056
361363842 244116028
362747827 70576333
363194760 558475739
363207792 6132847
363644404 358852669
365483792 773676406
368780513 117268902
369588136 240341901
370351650 644886698
372956431 456264688
372976189 71160798
374116605 740039341
375800378 411668161
376068035 595474942
376822365 340404895
379374289 969812351
380520876 940136526
381300491 346542349
384900161 662887805
385158528 527030978
387005002 828268528
387761559 742422343
390308738 804593340
390615055 946005675
392138879 278098961
392509005 940829900
394845987 782967797
395415204 986989070
397139131 539538255
397450298 290261320
400836174 385990560
400993544 333378463
401043304 230550641
402652915 88859157
402882544 707455348
404405949 225364330
414146678 197151655
414612825 315142070
416288254 96278217
417015588 76670127
417235851 493861687
420523632 756217859
421914739 961948930
424683344 768354784
425607848 299299558
427175395 390758737
429150442 254337319
431277740 431949698
431448586 314084308
431936731 869215828
431969216 75387728
433398659 975338958
433862223 577976274
435672768 33594889
435741163 224614728
436184743 100371691
437184331 212396348
438054839 326684870
447293044 263288821
451023514 918205524
451120666 497994925
453246343 568331083
453707254 716847517
454119393 242630001
454532847 240851275
456507172 823455210
457182715 708613147
457548934 797390951
458596153 958300190
462312052 491095077
467799131 112662667
467999322 244433236
470385083 439470463
473403380 788068863
475294832 324336966
475624702 161264843
479119479 916833709
479874722 876240779
484440303 994630506
486342223 278185762
486623669 343786660
489810784 152878363
491665313 10686844
496928850 186297470
498442570 395903582
498566693 666891331
501407506 347916421
503232053 463537601
504532169 198900504
513542575 714435067
514616116 67313709
515037970 823379466
516484074 248721883
517138491 908703826
517368942 364166043
519009616 749420121
520063887 677803610
521281490 471068800
522869320 975358710
524426553 835323264
525506522 981835596
525868375 476063096
526112855 963223212
527377292 230464043
528928357 234409824
538116586 823136002
538177145 371874553
541809626 46575557
542273190 77511422
542809718 249980130
542967118 741543055
544497236 202548650
545607114 34253117
548276621 644199332
551754789 260294666
553368602 289828048
553469281 697979987
555053816 685591227
564320666 978038520
570678871 759391294
573937062 230781525
574141281 44814912
574795860 788150672
575005530 284645814
575694112 146486327
575837309 723687097
579026625 990553550
582381911 581769540
582963906 638091198
585953182 48344529
586925152 419337908
587993567 910063617
588509193 165417112
589651787 561847128
589790112 274903813
593171047 975424346
593564896 292031933
596459758 967125839
599823872 42172284
600704716 739454034
604287915 56969996
605635057 720031053
605684444 137037762
606801587 370746044
607113351 251600348
611473325 313055666
612606343 311170332
613998141 645877033
614493062 985507912
615926977 590982916
617063900 958631335
618835700 570126624
619481197 778193701
620088322 24799031
622572465 8302491
623824374 806678459
625452965 437208163
627972243 91822481
631070905 511304897
631833396 233608055
632979677 735520429
633691257 761808420
634206578 574589454
634461163 301845287
638046117 654501902
639446617 706007696
640533743 162707354
641013637 515113555
641391936 820231931
641491186 721704795
642568899 663862028
646826249 791733116
648928416 269367346
650118587 880795767
653567736 984087844
654756901 993300698
658345666 521555957
662089341 422813430
662581557 555805334
665846637 739379275
668480203 879733036
669167726 548996919
670894061 190159669
673414599 400591094
674162758 619019969
676175633 345024591
679065911 706083085
681930726 67452848
683367814 385487565
683894148 410063248
686617604 358599445
689286287 401460063
694142234 983004760
695430606 103185213
696244115 353029586
703206293 210531811
705806200 613548550
706145096 334750976
711738551 161572546
720725506 453065321
721315501 628947491
727277491 446196158
728073781 940530427
728751123 203041292
729218041 756409952
730570792 79146722
731189173 515147245
737541383 527341138
741903019 643194363
742435397 162991994
744451828 693841000
749809783 646737961
750354591 568018275
750729709 521267996
751517610 907665738
753508184 973282853
757074661 584666293
757698807 442361853
760955851 231636670
762134561 482024629
764130938 871494412
765028219 823782960
765211818 937201721
767652610 245489825
772238179 592427147
775412762 161959638
775924850 190282421
777086221 16231706
781284486 449139727
784700695 608187025
786774937 510461887
792574465 907637515
794030101 468042678
794315435 994185186
796822368 922086698
797185504 612355984
797777147 388530007
798612875 441116235
800233983 217295007
802310006 298548152
803590934 355061982
803679460 10886630
803998287 353263701
806423086 847898265
807665424 259602833
811253130 277441356
812950995 298969921
822113901 879533526
823531122 256902635
825492703 238269885
833259669 228973790
839981756 925935256
840845861 903651232
850887101 395300808
856341111 629839450
856853617 951998584
856964600 999417429
858655623 4455346
859001649 892608169
859809481 682080788
860537154 104219921
860547374 439247700
861243295 776010418
869892815 361332502
871072736 11446952
872403181 217206219
872680267 537197328
875401493 294921919
877048570 740940144
879608947 409480300
881050739 516230754
881599199 576839634
881919028 174200568
883871712 615654544
883943052 381269878
887215641 482991398
889032808 33400733
890774124 939412749
891725858 483527370
898537916 211367415
904955607 282884299
905617635 325457861
907707713 732648452
910537108 628759407
919116691 52717920
919886354 201953182
928198092 320004868
928522881 412207524
928804192 321564649
932694514 937313051
934619701 442296132
945269335 551007178
945645296 565511831
947994932 911335172
950480664 938839107
952183223 446783954
954500344 687678801
954775275 482924974
955620752 856416085
958922365 970188687
959851724 886927917
961899828 801546398
964505323 999798240
966164257 680641139
969918469 24888081
970076158 958477513
970816096 371408759
971717431 321141954
971982279 416956542
973688861 75970312
975173482 978788746
975825890 172348741
982080192 531038634
983512818 841713410
990417135 907535573
993008666 810189790
993418942 798363846
995313440 782526012
995417774 736949135
996785859 111989506
997404949 89918604
999132763 558522256
78 204
190 511
548 863
565 948
341 531
420 447
38 387
540 609
173 278
430 595
502 705
418 729
3 630
386 565
454 820
395 841
250 767
245 274
180 528
419 474
69 814
112 120
676 688
689 952
452 568
660 958
681 968
164 727
660 928
445 882
201 561
525 641
172 259
381 497
131 574
367 824
589 640
46 442
495 825
12 790
213 327
220 652
728 893
587 617
708 953
408 776
409 986
302 674
669 829
559 891
686 747
234 573
179 850
369 395
9 610
634 927
309 531
235 730
242 989
344 433
341 634
482 855
238 911
377 689
174 656
618 781
598 992
491 937
307 693
292 876
491 730
297 481
228 603
6 538
267 847
378 684
557 600
163 429
975 998
217 472
176 288
309 333
295 524
320 729
306 681
191 730
332 500
378 574
319 322
69 297
186 709
568 892
44 488
315 570
80 242
406 887
611 706
218 261
387 567
5 29
197 639
74 542
369 955
393 951
377 968
558 838
283 472
245 930
20 162
542 549
262 791
887 918
150 617
273 619
383 553
166 912
280 458
135 436
531 563
459 946
72 313
352 618
650 872
178 589
78 865
659 973
55 423
9 826
327 715
106 315
561 660
351 868
340 951
52 759
73 425
573 748
585 873
869 882
184 874
63 161
393 399
829 855
233 248
608 775
393 630
309 441
127 572
518 538
520 827
521 881
56 884
551 773
54 202
60 356
755 771
621 981
103 246
583 915
134 948
224 266
398 468
392 682
22 967
541 851
196 506
441 818
281 441
27 805
17 931
735 889
255 468
190 360
464 924
310 860
603 908
787 813
408 974
602 944
679 724
201 465
36 295
441 947
514 854
28 72
11 605
329 572
16 284
390 674
63 265
47 493
542 806
20 947
116 426
171 368
354 448
241 434
105 951
192 471
305 380
221 315
299 316
573 623
496 614
470 485
386 903
423 727
401 487
98 571
597 605
106 160
314 482
282 707
29 464
34 891
738 925
272 481
286 724
409 530
833 886
573 658
277 705
537 684
340 430
385 461
627 763
211 973
893 958
416 849
28 354
545 707
485 708
468 864
108 654
620 905
393 839
206 743
824 953
83 939
192 995
89 921
449 997
14 845
33 946
368 593
796 912
55 287
344 524
404 839
158 334
607 937
67 668
597 633
13 683
300 578
127 680
312 814
259 496
73 519
127 360
113 867
148 875
96 177
390 658
798 967
217 734
413 585
195 639
773 887
320 756
10 205
188 308
372 664
161 697
61 486
694 879
27 324
723 957
272 945
648 914
15 825
338 521
665 901
13 464
2 443
11 927
418 738
62 625
30 680
24 76
382 476
48 66
662 752
378 394
362 646
45 830
683 898
136 382
27 48
125 313
34 446
336 743
303 835
217 647
569 657
276 940
5 10
18 559
581 584
251 927
162 873
473 543
308 612
164 316
190 766
82 664
326 386
12 750
348 551
67 723
696 842
734 860
579 797
149 449
79 381
569 689
580 912
387 397
916 933
8 767
881 893
458 994
120 145
430 828
471 668
237 330
8 888
80 538
447 901
453 683
684 995
805 866
124 936
271 480
280 654
71 592
60 130
242 906
179 357
355 406
215 490
162 325
12 697
271 433
239 277
782 807
344 763
629 875
643 954
627 950
740 800
135 761
317 580
367 467
623 684
10 729
513 862
389 977
335 955
303 912
412 481
585 615
392 433
260 986
34 465
57 286
176 540
553 643
6 967
216 860
146 908
619 906
335 953
440 544
163 683
247 260
42 237
937 941
611 777
4 673
244 803
90 868
33 723
478 698
255 698
347 611
281 687
60 409
230 436
18 634
154 604
452 895
2 854
615 877
45 845
451 493
216 486
629 676
180 880
499 611
443 979
376 425
58 886
608 761
399 957
208 893
353 546
858 958
509 587
329 932
543 557
178 348
356 601
464 779
66 131
371 827
567 571
171 978
700 959
91 251
130 501
204 423
652 788
132 332
81 731
14 930
261 440
677 962
300 673
624 921
226 829
336 732
344 639
718 954
863 878
435 641
892 912
182 225
83 357
199 436
121 632
325 412
462 860
82 718
756 970
347 405
680 859
225 315
649 744
6 771
259 544
278 888
444 574
620 753
136 732
33 132
331 348
603 682
3 20
91 637
282 930
160 465
661 952
29 726
461 944
473 547
28 800
502 640
470 560
587 706
367 812
71 130
482 676
553 577
9 276
475 666
917 923
9 49
904 936
404 924
509 789
466 827
470 631
587 702
293 718
276 318
695 766
574 846
101 107
556 557
135 244
305 459
542 732
131 233
515 689
14 977
568 745
623 686
577 753
232 536
495 663
20 352
449 768
7 217
309 532
79 257
387 785
487 592
175 425
318 444
351 722
317 504
738 766
262 408
61 956
36 120
361 519
130 969
720 945
731 857
513 788
735 871
594 992
5 974
236 876
267 814
32 662
36 274
386 676
44 996
4 535
207 620
292 389
143 911
392 507
673 958
66 181
246 289
468 980
148 867
431 729
391 990
543 788
758 896
740 817
321 758
42 154
716 797
11 782
183 394
509 853
64 392
41 477
186 966
805 841
392 473
422 925
103 737
218 224
293 526
531 838
209 227
418 539
261 390
245 360
256 579
255 858
56 65
169 231
184 199
372 902
745 890
383 912
221 749
649 707
319 504
474 866
269 957
17 380
81 289
362 630
13 205
129 546
879 885
136 967
33 891
157 751
213 391
923 939
109 689
849 914
149 318
300 411
618 850
428 646
501 889
276 364
348 967
18 530
501 859
339 867
123 935
729 961
57 336
237 274
689 834
101 709
122 533
735 843
506 511
554 727
442 662
388 801
213 541
283 735
310 963
88 107
142 756
678 837
918 978
475 630
375 670
98 143
307 551
68 829
9 702
453 535
298 614
62 301
136 670
465 722
392 724
169 646
179 682
774 808
180 838
160 576
425 893
552 787
97 411
162 547
484 885
142 592
459 557
679 835
39 966
682 923
397 751
434 628
501 707
772 960
637 774
456 869
46 228
837 907
3 573
279 691
790 921
572 704
124 254
760 826
364 915
79 857
198 212
830 878
317 602
422 709
364 957
373 399
540 847
48 558
146 857
40 895
857 939
386 770
255 688
826 906
713 956
216 415
38 935
89 388
46 614
98 768
120 351
249 533
18 72
233 583
503 945
491 956
725 874
68 139
210 507
103 231
108 999
931 936
752 969
416 867
250 392
798 920
445 960
279 346
734 814
841 947
242 375
410 674
312 656
1 860
2 669
685 849
211 398
169 327
732 875
55 933
191 228
140 405
586 926
376 926
126 872
481 854
208 783
374 979
29 105
425 641
541 663
431 739
133 589
579 650
201 282
89 638
141 874
188 368
182 989
607 830
283 592
415 496
475 507
88 143
595 944
539 547
5 572
223 269
526 932
185 429
427 500
158 733
546 979
172 522
821 842
15 281
672 912
445 953
482 538
150 610
7 81
608 778
457 567
297 461
118 676
372 402
786 992
828 873
262 276
732 900
147 781
186 455
387 587
169 625
416 498
162 324
278 975
544 867
131 321
628 648
553 858
175 871
810 899
72 349
478 507
488 653
215 904
740 741
30 999
50 588
217 526
236 722
179 227
463 598
525 943
29 618
474 684
290 809
340 606
428 953
175 894
501 598
681 888
68 234
89 543
343 421
392 980
309 768
325 367
100 521
120 720
281 725
313 387
209 371
109 430
170 839
418 998
53 252
361 679
20 999
672 809
458 827
441 856
840 937
353 978
808 922
243 916
409 665
425 871
91 696
101 455
532 536
369 622
10 324
512 520
476 703
83 444
190 844
218 705
551 667
272 987
47 456
616 716
146 862
674 897
188 921
550 623
281 341
198 642
462 696
461 592
307 594
800 904
100 570
632 752
226 578
19 892
373 890
246 269
49 113
201 451
111 535
380 736
80 118
635 941
45 822
621 782
223 256
112 870
41 256
142 288
143 241
19 627
678 705
20 633
257 356
668 937
164 942
353 820
19 495
395 882
227 272
219 684
227 717
19 556
465 473
96 664
210 978
553 572
110 310
20 418
246 430
285 767
77 435
850 918
304 401
643 838
10 599
158 996
545 720
341 388
193 270
134 839
33 818
57 827
394 481
104 684
374 811
215 253
424 558
28 866
511 975
421 692
314 360
277 452
571 874
246 985
166 199
406 853
762 853
366 615
136 693
495 794
381 655
27 235
143 451
70 547
330 936
706 734
211 314
165 809
783 993
729 1000
733 784
262 906
49 749
164 820
367 474
439 989
581 711
359 773
19 643
449 968
330 975
9 293
241 531
54 217
362 437
349 966
451 901
750 757
251 324
238 459
483 838
478 868
361 886
65 250
177 719
208 518
170 342
653 709
1 636
416 988
375 830
14 186
255 842
544 916
50 423
688 739
288 723
223 774
575 961
630 684
827 881
333 973
470 742
703 916
464 763
283 776
92 618
290 689
153 817
586 599
669 825
550 827
609 733
401 733
678 895
137 783
282 888
49 94
118 351
89 291
4 600
106 170
133 315
32 658
504 991
