3901390929933
3901390929933
28422076719
28422076719
11164012165914
11164012165914
3901390929933
17508753458016
3901390929933
11164012165914
28422076719
28422076719
3901390929933
11164012165914
28422076719
28422076719
28422076719
12490034400470
3901390929933
11164012165914
28422076719
29489914971696
7357979092752
5554239086620
27904586188444
5554239086620
5554239086620
28422076719
7357979092752
28422076719
11164012165914
28422076719
3901390929933
11164012165914
3901390929933
28422076719
28422076719
3901390929933
28422076719
28422076719
12490034400470
28422076719
17660246754715
17508753458016
5554239086620
28422076719
28422076719
28422076719
7357979092752
28422076719
10420872752388
11164012165914
28422076719
18246918829365
3901390929933
7217212222875
11164012165914
28422076719
28422076719
18246918829365
28422076719
28422076719
28422076719
28422076719
28422076719
28422076719
28422076719
28422076719
28422076719
28422076719
28422076719
11164012165914
11164012165914
3901390929933
28422076719
28422076719
17508753458016
3901390929933
155065937152266
11164012165914
3901390929933
111058664256630
11164012165914
28422076719
28422076719
28422076719
11164012165914
11164012165914
845917614968640
3901390929933
28422076719
28422076719
3901390929933
11164012165914
3901390929933
28422076719
28422076719
25330408451920
11164012165914
59147808049185
28422076719
3901390929933
28422076719
28422076719
28422076719
28422076719
11164012165914
28422076719
7357303308784
655451679469408
28422076719
180378931509192
3901390929933
11164012165914
11164012165914
28422076719
11164012165914
3901390929933
258470797516008
28422076719
3901390929933
11164012165914
7357979092752
3901390929933
28422076719
5554239086620
3901390929933
28422076719
28422076719
3901390929933
28422076719
28422076719
28422076719
28422076719
3901390929933
28422076719
28422076719
321374916163296
28422076719
7357303308784
229866159282464
82228914165646
25330408451920
28422076719
11164012165914
18246918829365
3901390929933
112172089527255
28422076719
28422076719
28422076719
28422076719
3901390929933
3901390929933
131917292986299
28422076719
3901390929933
28422076719
28422076719
25330408451920
11164012165914
28422076719
28422076719
28422076719
3901390929933
28422076719
18246918829365
28422076719
28422076719
42328057566405
11164012165914
3901390929933
28422076719
28422076719
28422076719
56282028767703
28422076719
28422076719
7357979092752
11164012165914
3901390929933
28422076719
28422076719
104727414595050
3901390929933
11164012165914
3901390929933
28422076719
3901390929933
3901390929933
28422076719
28422076719
3901390929933
3901390929933
11164012165914
12490034400470
28422076719
3901390929933
18246918829365
12490034400470
249530082261950
17508753458016
17508753458016
27904586188444
28422076719
28422076719
11164012165914
3901390929933
922546117004946
29489914971696
11164012165914
28422076719
3901390929933
28422076719
32395966825912
11164012165914
28422076719
11164012165914
153037220055500
28422076719
28422076719
28422076719
18246918829365
11164012165914
28422076719
28422076719
5554239086620
28422076719
3901390929933
28422076719
28422076719
28422076719
28422076719
28422076719
28422076719
28422076719
5554239086620
28422076719
28422076719
28422076719
28422076719
28422076719
28422076719
11164012165914
42328057566405
3901390929933
11164012165914
28422076719
3901390929933
28422076719
28422076719
28422076719
28422076719
11164012165914
28422076719
28422076719
11164012165914
3901390929933
3901390929933
28422076719
28422076719
29489914971696
28422076719
5554239086620
28422076719
11164012165914
28422076719
42328057566405
28422076719
3901390929933
3901390929933
28422076719
28422076719
3901390929933
17660246754715
3901390929933
5554239086620
28422076719
7357979092752
28422076719
11164012165914
7357979092752
3901390929933
3901390929933
28422076719
28422076719
3901390929933
28422076719
104727414595050
11164012165914
104727414595050
7357979092752
86036583721120
28422076719
28422076719
10420872752388
3901390929933
192489351953904
3901390929933
3901390929933
28422076719
28422076719
28422076719
28422076719
28422076719
59147808049185
3901390929933
317989409175648
28422076719
28422076719
35516069839670
11164012165914
3901390929933
28422076719
28422076719
18246918829365
28422076719
11164012165914
28422076719
17660246754715
42328057566405
28422076719
3901390929933
3901390929933
28422076719
28422076719
229866159282464
32395966825912
28422076719
367500097607427
28422076719
61185858013020
28422076719
28422076719
12490034400470
28422076719
3901390929933
28422076719
28422076719
5554239086620
42328057566405
28422076719
11164012165914
28422076719
3901390929933
7357303308784
28422076719
3901390929933
18246918829365
11164012165914
3901390929933
28422076719
18246918829365
12490034400470
56282028767703
28422076719
28422076719
5554239086620
28422076719
56282028767703
28422076719
11164012165914
11164012165914
28422076719
28422076719
28422076719
28422076719
28422076719
28422076719
11164012165914
17508753458016
66813136807445
28422076719
3901390929933
3901390929933
3901390929933
28422076719
28422076719
28422076719
28422076719
28422076719
28422076719
11164012165914
28422076719
203757707931540
3901390929933
5554239086620
28422076719
28422076719
28422076719
28422076719
28422076719
28422076719
28422076719
11164012165914
28422076719
3901390929933
12490034400470
28422076719
3901390929933
28422076719
28422076719
28422076719
28422076719
27904586188444
11164012165914
28422076719
28422076719
17508753458016
28422076719
86036583721120
28422076719
28422076719
28422076719
28422076719
11164012165914
5554239086620
35516069839670
28422076719
585183009703158
3901390929933
11164012165914
28422076719
7357303308784
28422076719
207134779618020
28422076719
5554239086620
3901390929933
3901390929933
12490034400470
7357979092752
3901390929933
28422076719
28422076719
12490034400470
5554239086620
28422076719
28422076719
28422076719
28422076719
28422076719
5554239086620
321374916163296
28422076719
180378931509192
3901390929933
3901390929933
12490034400470
28422076719
18246918829365
28422076719
28422076719
5554239086620
18246918829365
7357979092752
12490034400470
7357979092752
28422076719
11164012165914
28422076719
11164012165914
28422076719
28422076719
7357303308784
128810992369828
28422076719
59147808049185
28422076719
28422076719
3901390929933
5554239086620
28422076719
28422076719
35516069839670
28422076719
28422076719
27904586188444
28422076719
28422076719
7357303308784
28422076719
143074603881292
3901390929933
28422076719
32395966825912
88762689872076
32395966825912
28422076719
28422076719
28422076719
28422076719
28422076719
28422076719
21780917775806
17660246754715
28422076719
355606472550100
923686132332031
3901390929933
11164012165914
28422076719
3901390929933
28422076719
28422076719
28422076719
28422076719
28422076719
11164012165914
28422076719
3901390929933
28422076719
3901390929933
11164012165914
3901390929933
28422076719
17508753458016
3901390929933
18246918829365
28422076719
11164012165914
71487385917473
12490034400470
28422076719
7357303308784
11164012165914
28422076719
5554239086620
17660246754715
28422076719
42328057566405
28422076719
28422076719
28422076719
28422076719
28422076719
3901390929933
28422076719
28422076719
3901390929933
11164012165914
18246918829365
28422076719
11164012165914
5554239086620
7357303308784
12490034400470
28422076719
28422076719
28422076719
28422076719
28422076719
42328057566405
56282028767703
28422076719
7357303308784
17660246754715
28422076719
3901390929933
28422076719
3901390929933
3901390929933
28422076719
42328057566405
11164012165914
28422076719
28422076719
97209508139324
11164012165914
28422076719
77650523207443
11164012165914
12490034400470
12490034400470
11164012165914
28422076719
119976460089096
3901390929933
3901390929933
28422076719
42328057566405
28422076719
28422076719
7357979092752
11164012165914
28422076719
28422076719
3901390929933
3901390929933
11164012165914
3901390929933
3901390929933
367500097607427
28422076719
28422076719
28422076719
12490034400470
204475883793777
28422076719
180378931509192
3901390929933
18246918829365
28422076719
28422076719
28422076719
21780917775806
28422076719
3901390929933
28422076719
28422076719
28422076719
5554239086620
3901390929933
12490034400470
17660246754715
28422076719
3901390929933
42328057566405
1033208521756131
28422076719
28422076719
28422076719
11164012165914
28422076719
28422076719
53101189692573
28422076719
7357979092752
5554239086620
17508753458016
28422076719
29489914971696
11164012165914
28422076719
28422076719
27904586188444
11164012165914
3901390929933
28422076719
28422076719
28422076719
28422076719
28422076719
56282028767703
28422076719
3901390929933
28422076719
28422076719
3901390929933
3901390929933
28422076719
3901390929933
27904586188444
7357979092752
28422076719
10420872752388
28422076719
11164012165914
28422076719
5554239086620
7217212222875
28422076719
3901390929933
153037220055500
3901390929933
28422076719
32395966825912
28422076719
3901390929933
42328057566405
28422076719
28422076719
70767120116224
82228914165646
11164012165914
28422076719
28422076719
86036583721120
28422076719
3901390929933
28422076719
28422076719
32395966825912
28422076719
28422076719
82228914165646
5554239086620
12490034400470
28422076719
3901390929933
3901390929933
28422076719
3901390929933
11164012165914
104727414595050
11164012165914
28422076719
28422076719
17660246754715
7357303308784
11164012165914
3901390929933
28422076719
216574003370779
5554239086620
28422076719
12490034400470
32395966825912
28422076719
21780917775806
56282028767703
5554239086620
12490034400470
28422076719
28422076719
28422076719
28422076719
10420872752388
12490034400470
3901390929933
17660246754715
28422076719
3901390929933
3901390929933
28422076719
28422076719
28422076719
28422076719
28422076719
28422076719
7357303308784
28422076719
28422076719
28422076719
3901390929933
28422076719
12490034400470
28422076719
28422076719
3901390929933
28422076719
28422076719
11164012165914
11164012165914
64830566577364
29489914971696
28422076719
578258683848166
3901390929933
16667478044326
28422076719
3901390929933
11164012165914
28422076719
28422076719
3901390929933
82228914165646
3901390929933
7357979092752
28422076719
35516069839670
3901390929933
7357303308784
28422076719
27904586188444
11164012165914
28422076719
86036583721120
5554239086620
82228914165646
12490034400470
17660246754715
28422076719
3901390929933
11164012165914
3901390929933
11164012165914
3901390929933
28422076719
28422076719
3901390929933
28422076719
28422076719
28422076719
42328057566405
3901390929933
64830566577364
28422076719
28422076719
592352953704600
28422076719
3901390929933
11164012165914
28422076719
3901390929933
17508753458016
28422076719
3901390929933
28422076719
28422076719
11164012165914
28422076719
28422076719
17508753458016
7357979092752
3901390929933
3901390929933
18246918829365
28422076719
28422076719
64272723671020
3901390929933
28422076719
28422076719
18246918829365
12490034400470
3901390929933
28422076719
28422076719
3901390929933
28422076719
28422076719
7357979092752
28422076719
28422076719
32395966825912
28422076719
32395966825912
28422076719
28422076719
28422076719
28422076719
3901390929933
321837969193860
11164012165914
3901390929933
35516069839670
28422076719
3901390929933
28422076719
28422076719
28422076719
28422076719
3901390929933
28422076719
28422076719
7357979092752
28422076719
17508753458016
21780917775806
28422076719
28422076719
17508753458016
11164012165914
42328057566405
3901390929933
7217212222875
11164012165914
28422076719
28422076719
16667478044326
7357303308784
11164012165914
3901390929933
28422076719
53101189692573
5554239086620
28422076719
28422076719
25330408451920
28422076719
3901390929933
3901390929933
3901390929933
3901390929933
7357979092752
28422076719
12490034400470
7357979092752
28422076719
28422076719
3901390929933
28422076719
12490034400470
28422076719
28422076719
3901390929933
27904586188444
28422076719
28422076719
143074603881292
3901390929933
3901390929933
12490034400470
28422076719
3901390929933
180378931509192
18246918829365
7217212222875
3901390929933
28422076719
28422076719
18246918829365
3901390929933
28422076719
28422076719
28422076719
11164012165914
28422076719
28422076719
25330408451920
11164012165914
28422076719
28422076719
28422076719
111058664256630
11164012165914
28422076719
28422076719
3901390929933
28422076719
42328057566405
11164012165914
28422076719
28422076719
28422076719
3901390929933
3901390929933
3901390929933
28422076719
17660246754715
12490034400470
28422076719
5554239086620
5554239086620
71487385917473
28422076719
28422076719
28422076719
11164012165914
28422076719
28422076719
28422076719
28422076719
28422076719
28422076719
3901390929933
11164012165914
3901390929933
18246918829365
28422076719
28422076719
160185468734830
12490034400470
11164012165914
28422076719
28422076719
28422076719
3901390929933
28422076719
11164012165914
3901390929933
7357979092752
28422076719
28422076719
28422076719
7357303308784
28422076719
28422076719
3901390929933
10420872752388
28422076719
28422076719
28422076719
28422076719
82228914165646
28422076719
28422076719
17660246754715
28422076719
28422076719
3901390929933
28422076719
28422076719
17508753458016
7357979092752
28422076719
28422076719
28422076719
7357979092752
28422076719
28422076719
7357303308784
3901390929933
3901390929933
3901390929933
29489914971696
3901390929933
28422076719
28422076719
