2000
1 119074 601021
1 324458 559959
1 113558 975329
2 324458 559959
1 273391 824031
1 230480 801467
1 358337 876272
1 248291 854723
1 152123 831582
2 152123 831582
1 378075 974656
2 113558 975329
2 273391 824031
1 351271 598075
1 282537 551147
1 205900 960835
1 55259 999595
1 231468 853727
1 418031 747848
2 205900 960835
1 181373 691463
1 300890 666455
2 55259 999595
1 350343 760762
1 78224 788641
1 364300 711909
2 119074 601021
1 319877 664780
1 212601 657493
1 318460 891829
1 39216 899868
1 256088 724953
1 320428 864695
1 431964 627330
1 64244 922637
1 120760 976102
1 219545 854931
1 70921 676100
2 364300 711909
1 180752 802813
2 219545 854931
1 108023 687860
1 406143 865135
1 149409 662832
1 343795 585700
1 187294 709150
1 14423 584756
2 212601 657493
1 442302 795166
2 187294 709150
1 382775 680748
2 358337 876272
1 220665 859032
1 51685 558145
1 386416 585082
1 209134 574532
1 7854 994219
1 16210 821146
1 193160 619750
1 317073 997072
1 210370 954996
2 406143 865135
1 321793 996553
2 209134 574532
1 79490 855059
1 388145 718389
1 66676 670874
1 144799 837244
2 39216 899868
1 42778 905312
1 116904 960942
1 360828 797689
1 375391 822660
1 323189 707768
1 39921 904069
1 175517 879490
1 359729 735559
2 350343 760762
1 441348 763870
1 38874 705973
1 217664 724079
1 107594 737172
1 405218 915396
1 13097 845065
1 74371 779784
2 42778 905312
1 17999 664456
2 116904 960942
1 199512 708675
2 442302 795166
1 35278 720623
1 239257 653996
2 323189 707768
2 388145 718389
1 97638 852515
1 200049 683037
1 250230 648340
1 33563 980569
1 57838 829756
1 151515 708002
1 66039 817627
1 304645 578707
2 210370 954996
1 238840 661680
1 375754 642537
1 364365 986357
1 418166 669208
2 38874 705973
1 193702 654035
1 79991 766630
1 286501 688867
2 35278 720623
1 216973 790051
1 375497 669518
1 140523 631737
2 250230 648340
1 353803 622581
1 277889 741052
1 421332 822694
2 343795 585700
1 437616 558840
2 441348 763870
1 11455 606037
1 137725 899333
1 168511 943729
1 425504 678287
2 79991 766630
2 351271 598075
1 267184 827784
1 379971 657993
1 53978 865638
1 639 667966
1 407106 767169
1 258544 990857
1 298675 628164
2 317073 997072
1 222266 993171
2 97638 852515
2 319877 664780
1 446230 677406
2 199512 708675
1 206472 765498
2 66039 817627
1 130527 654325
1 337307 731856
1 443820 572494
1 205490 740579
1 234608 687909
1 419966 889224
1 37037 922697
1 279606 661252
1 330880 591595
1 349284 567995
1 27924 728034
1 318212 553797
2 353803 622581
1 119354 994470
2 51685 558145
1 117284 810798
2 78224 788641
1 17986 798200
1 118025 919343
1 89723 953455
2 74371 779784
1 167976 896427
1 28340 893974
1 222605 885285
2 437616 558840
1 331327 634206
2 418166 669208
2 321793 996553
2 11455 606037
1 264697 718157
2 360828 797689
1 166465 857059
2 144799 837244
1 424304 886773
1 436730 889041
1 44864 942150
1 414580 764867
1 97364 782675
1 173704 794672
1 422103 742322
1 214747 708921
1 27845 965394
1 197622 926406
1 357192 835672
1 309506 941714
2 140523 631737
1 212255 957876
1 46236 628853
1 428721 575942
1 83365 659825
2 382775 680748
1 322649 902923
2 149409 662832
2 193160 619750
1 17654 862801
1 332919 664482
1 372678 814628
2 118025 919343
2 256088 724953
1 175588 769281
1 396677 677669
1 381152 916471
1 7832 925224
1 146793 705757
1 205334 806177
2 282537 551147
1 110611 979208
1 114089 898999
1 191345 908464
1 305461 975382
1 163305 550608
1 12737 936593
1 149495 573623
2 446230 677406
2 181373 691463
1 321154 730368
1 410859 802942
2 379971 657993
1 381107 591025
1 333139 928039
1 109502 638303
1 256698 722480
1 286242 966303
1 258554 624443
1 317687 772240
1 156018 914643
2 217664 724079
2 13097 845065
1 356470 729392
2 120760 976102
1 352499 916257
1 236159 838213
1 315619 706921
1 160655 608264
1 247236 761045
1 234910 927707
1 151557 699185
1 389696 807799
1 230526 654310
1 142303 741229
1 206726 810826
1 353638 868639
1 384718 859687
1 234391 553085
1 277067 936095
1 245233 774762
1 413996 761214
1 78748 875873
1 241563 852984
1 354411 709321
1 104165 972938
2 389696 807799
1 369293 709914
2 318212 553797
2 108023 687860
2 418031 747848
1 14741 907344
1 374324 717398
2 53978 865638
1 294631 848053
1 165504 782826
1 380333 985907
1 143497 961728
1 177751 931279
2 180752 802813
2 238840 661680
1 201906 800710
1 272973 770584
1 367232 685325
1 52667 720999
1 412501 866512
1 267768 839441
2 264697 718157
1 183235 750697
1 6409 753042
1 146444 880779
1 272607 872698
1 212315 685012
2 206726 810826
2 337307 731856
1 405328 753054
1 136574 803376
1 395129 753490
1 183827 564714
1 396580 760637
2 396580 760637
2 79490 855059
1 65744 680670
2 425504 678287
1 383031 961575
1 199914 800217
1 183184 974904
1 240985 669954
1 182173 973527
1 171472 815879
2 201906 800710
1 309350 715128
1 386017 581311
1 271097 646573
2 428721 575942
1 105168 959718
1 155106 839998
1 283337 906088
1 448540 594665
2 258544 990857
2 114089 898999
2 410859 802942
1 332467 640045
1 239892 764810
2 165504 782826
1 65786 633847
1 64624 851882
1 248440 680289
1 370430 581627
1 369190 759070
1 55053 595708
1 223339 735604
1 157676 627611
1 14277 812273
1 101482 813830
2 283337 906088
1 339147 617790
2 175517 879490
2 353638 868639
1 165639 960762
2 272607 872698
1 67415 791205
2 230480 801467
1 352975 813132
1 368658 565474
1 38812 649488
1 410951 581392
1 377448 928858
1 431294 886386
1 321161 954441
1 377195 669606
1 9951 786750
1 368852 890989
1 272533 693021
1 445921 799638
1 277850 580591
1 294815 965322
1 382704 593486
1 87179 867661
1 311427 761414
1 52553 883613
1 370436 954076
1 229489 780479
2 52667 720999
2 17986 798200
1 73970 973409
1 380448 733949
1 108748 619951
2 279606 661252
1 118828 662698
1 393802 825568
1 398658 851402
1 178692 906131
1 437732 931094
1 32447 608934
1 117228 772411
1 48083 880352
1 267592 959737
1 261278 574928
1 162404 757131
2 155106 839998
1 315944 596107
1 270414 874529
2 370436 954076
1 324504 572697
1 155668 674579
1 62708 851817
1 230050 558632
2 157676 627611
1 264726 648712
1 115347 648841
1 320691 572415
2 239892 764810
2 117284 810798
1 73110 788579
1 21341 860625
1 135488 677291
2 32447 608934
1 239 995483
1 433532 779322
2 214747 708921
2 318460 891829
1 224618 855746
1 226060 694767
2 437732 931094
2 44864 942150
1 341578 551252
1 129196 864142
1 442411 947923
2 130527 654325
2 396677 677669
1 286645 942012
2 311427 761414
1 328812 849952
1 121245 777467
1 251691 991440
1 94558 784570
1 261071 566358
1 50920 964562
1 358551 782614
2 231468 853727
2 104165 972938
1 439911 925115
1 73385 690231
2 39921 904069
2 236159 838213
2 381152 916471
1 17553 606704
1 276189 895260
2 222605 885285
1 258437 782934
2 222266 993171
1 377468 616212
1 338658 593661
1 314233 982656
1 66021 596353
1 54104 596341
1 212439 769628
2 7832 925224
1 336312 650066
2 349284 567995
1 409801 732172
1 174924 736817
1 323080 769298
1 304817 766345
1 7180 753546
1 438633 648554
2 146793 705757
1 158880 626340
1 426352 890393
1 75968 820974
1 105764 735568
2 298675 628164
1 311923 626889
1 383813 810616
1 10950 585096
1 184040 663318
1 345595 971109
1 270532 612793
2 142303 741229
1 418877 945742
2 33563 980569
1 437248 783401
1 378810 661584
2 54104 596341
1 171066 942423
1 187118 727430
1 157737 612403
1 328909 854862
1 305682 687325
1 189549 593693
1 174559 781936
1 327917 596076
2 183235 750697
1 193117 875644
2 314233 982656
1 27500 637417
1 253748 591680
1 288219 581942
2 118828 662698
1 3892 928721
1 177052 666106
1 352825 868005
2 73970 973409
2 165639 960762
1 162098 740443
1 169433 620685
1 166871 557901
1 133596 883372
1 240618 799391
1 51928 685448
1 227639 896499
1 295703 728865
1 430115 765466
1 343571 786385
1 50642 572173
1 72569 728121
1 6292 800657
2 359729 735559
1 95955 934296
1 383655 812363
1 211011 588932
1 184811 589313
1 304958 762920
1 317044 754428
1 68528 984323
1 154111 854137
1 268614 754092
1 348028 970529
2 448540 594665
1 138224 656576
1 130765 706005
1 216500 910676
1 96447 858065
2 304817 766345
1 201493 836738
1 382473 779679
1 135759 823880
1 6487 804572
1 323521 917341
2 66676 670874
1 193275 681571
1 115200 754767
2 160655 608264
1 223919 733839
2 171472 815879
2 384718 859687
1 217583 559348
1 139099 711925
1 259895 675733
1 379084 952255
2 171066 942423
1 321886 888791
1 17176 982179
1 77642 956308
1 239177 733216
1 80391 683373
1 217031 686336
1 338948 887718
1 151474 913968
1 5357 715013
2 375754 642537
2 73110 788579
2 191345 908464
1 50282 958911
2 382473 779679
1 13582 756940
1 108856 890019
1 60105 693891
1 395533 750972
2 377195 669606
1 418626 710924
1 53312 723827
2 247236 761045
1 113981 692261
2 321886 888791
2 133596 883372
1 437160 640015
1 90121 592812
1 409547 825257
2 338948 887718
2 436730 889041
1 177554 685002
1 115383 917595
2 332919 664482
1 176010 781377
1 95878 829624
1 80518 611932
2 177751 931279
1 412606 993287
2 55053 595708
1 228450 976789
1 346673 880101
1 193043 946929
1 178538 719314
2 320428 864695
1 380697 648036
1 124510 930419
2 276189 895260
2 9951 786750
1 32015 551622
1 117184 760083
1 430659 839945
1 415501 922524
1 118200 996243
1 217547 796989
2 115200 754767
1 334497 909049
1 243455 743760
2 240985 669954
1 236076 758620
1 431148 702990
1 208134 786908
2 73385 690231
1 309384 956932
1 201053 980417
2 157737 612403
2 168511 943729
2 374324 717398
2 6292 800657
1 350158 908654
2 367232 685325
2 97364 782675
1 428360 769377
1 155109 735592
1 262219 892759
1 286934 664304
1 297867 841452
1 6370 865429
1 445285 945550
1 346038 657678
1 257098 909949
1 328071 722937
2 211011 588932
2 80391 683373
1 162907 663379
1 229726 709023
2 333139 928039
1 333131 996960
1 135948 752507
1 347820 967508
1 12881 881720
1 55482 804025
2 346673 880101
1 436958 566190
2 223339 735604
2 330880 591595
1 100620 976677
2 176010 781377
2 338658 593661
1 170520 823829
1 206393 663202
1 141587 937128
2 433532 779322
2 379084 952255
2 135948 752507
1 378788 606824
1 341262 841810
1 299932 821733
2 70921 676100
1 348491 710624
1 274506 854969
1 12072 637097
1 158180 772883
1 183858 723657
1 290509 882551
2 304645 578707
1 143303 923765
2 368852 890989
1 393822 833696
1 193966 648125
2 27924 728034
1 199566 841646
1 370741 679920
1 125629 927100
2 383813 810616
1 290867 626095
1 40724 959799
1 85120 856034
2 66021 596353
1 384147 855679
2 154111 854137
1 100715 833908
1 33819 686343
1 251345 956242
1 121123 897632
1 364046 737215
1 371251 716702
1 131059 717050
1 238063 659985
1 44007 951361
1 344175 662851
2 437160 640015
1 203621 752001
1 201062 742708
2 286501 688867
1 57229 922027
1 163714 919595
1 305202 899078
1 424363 834352
1 97038 667150
1 39913 811364
1 152080 782863
2 437248 783401
1 214446 648722
1 356961 655058
1 51987 671740
1 326322 849100
1 413171 967319
1 267299 566275
1 120743 744399
2 121245 777467
1 217472 862011
1 245717 873050
1 177183 829678
1 66254 774371
1 136558 882487
2 201493 836738
1 422840 957304
1 359573 939517
1 24322 666174
1 439598 900455
1 134281 760786
1 394626 589136
1 220935 637789
2 177052 666106
2 332467 640045
2 288219 581942
2 226060 694767
1 5290 643814
1 308312 969625
2 334497 909049
2 259895 675733
1 370352 837630
1 417171 650863
2 417171 650863
1 427835 814318
1 15520 849309
2 431148 702990
1 171188 849886
1 427189 810805
1 169596 861067
1 308052 653869
1 365101 721135
2 442411 947923
1 6282 631388
1 313041 702512
1 250899 772313
1 269033 779347
1 75190 805934
1 409740 736658
1 6916 770436
1 80980 834446
2 141587 937128
1 288504 692249
1 58525 605841
2 427835 814318
1 159306 552513
1 429430 903921
1 375666 602397
1 275061 955293
2 375391 822660
1 420598 555924
1 348283 818312
1 197228 876962
1 127312 712582
1 117007 950567
2 320691 572415
1 156780 748485
1 384744 937873
1 265383 643072
1 72920 796642
1 12817 680000
2 286242 966303
1 388655 635361
1 318998 720562
1 46063 712909
1 302856 923561
1 297179 813760
1 437609 606232
1 257003 680665
2 309506 941714
1 78789 931771
2 46236 628853
2 258554 624443
1 61654 634826
1 336167 994426
2 216500 910676
1 333554 613677
1 422310 674700
1 348493 782971
2 170520 823829
2 333131 996960
1 89362 983240
1 152906 811599
2 151474 913968
1 25112 709160
1 20408 875633
2 378075 974656
2 358551 782614
1 264814 663979
1 239631 834354
1 227972 814850
1 61335 714626
1 432529 874516
1 407042 998443
1 88030 561914
2 375666 602397
2 193117 875644
2 445285 945550
2 308052 653869
1 384981 978886
1 139205 881806
1 197634 842295
1 107096 579325
1 272328 999003
1 421512 850517
1 208275 638070
2 95878 829624
1 242648 779813
1 5778 565777
1 36549 808432
1 84706 622429
2 155668 674579
1 28066 708381
1 71499 673812
1 92221 924837
2 245233 774762
1 55010 840439
2 94558 784570
1 167807 569358
2 370741 679920
1 197445 570684
2 217583 559348
1 6760 693034
1 187838 709546
1 157846 943815
1 192534 901898
2 124510 930419
1 82151 660336
1 52312 852790
2 203621 752001
1 414532 885867
2 371251 716702
2 382704 593486
1 403236 742510
1 247321 651442
1 254033 662355
1 297244 668099
1 214090 602646
2 216973 790051
2 27500 637417
1 143558 880702
2 262219 892759
1 338614 853342
1 81443 766494
2 386017 581311
1 201640 793189
1 353285 581276
2 163305 550608
1 310262 625953
1 316367 890986
1 302742 903462
1 389003 731720
1 310306 632670
1 1629 558691
1 195010 614450
1 295355 819777
1 323967 570538
1 388915 756978
1 101322 714603
1 82166 661341
2 364365 986357
2 136574 803376
1 63780 988072
1 394249 876957
1 23679 626874
1 103759 662211
2 206472 765498
2 197445 570684
2 61335 714626
2 64244 922637
1 91529 777875
1 161274 841978
1 89279 835062
2 394626 589136
1 307340 638279
1 425155 811395
1 32381 598221
2 430659 839945
2 21341 860625
1 368303 601186
2 224618 855746
1 66733 850944
1 389282 894495
1 241378 996679
1 131278 733945
1 362890 731032
1 345930 858411
1 252126 788875
1 366129 991039
1 343267 990818
1 32944 799365
1 392582 612123
1 52804 558705
1 288168 922416
1 374414 747363
1 275445 587284
1 78645 584692
1 234284 589898
1 87285 872238
1 196676 630015
1 213145 732165
2 443820 572494
1 319026 928116
1 177342 797413
1 340615 682037
1 232753 560870
2 36549 808432
1 271430 917981
2 277067 936095
1 294484 982119
1 161262 589192
1 202511 950995
1 359171 838111
1 334485 558797
1 324886 832695
1 214717 649801
1 357154 877947
1 91533 586134
2 413171 967319
1 212490 971946
1 372192 614551
1 92188 596076
2 410951 581392
2 183858 723657
1 148552 776872
1 139598 842598
1 44194 719211
1 435470 901482
1 133825 584408
1 181002 721004
1 59936 710420
2 187838 709546
1 194225 618242
1 2322 738231
2 405218 915396
2 205490 740579
1 372155 953342
1 254246 691550
1 301529 700836
1 449779 701807
1 346249 754525
1 68126 807451
1 75526 761667
2 250899 772313
1 232304 599421
2 101322 714603
2 439911 925115
1 444955 749093
1 205413 580600
1 90476 590067
1 35151 822130
1 403425 665863
1 6292 823103
1 318419 609095
2 57229 922027
1 425873 936303
2 357154 877947
2 63780 988072
1 55226 920882
1 111005 702319
1 311644 786360
1 302335 818612
2 383655 812363
1 243200 685751
2 23679 626874
1 115598 963553
2 32381 598221
2 161274 841978
1 382046 827634
1 249143 992837
1 401917 599699
2 230050 558632
1 190772 888348
1 12810 585052
2 158880 626340
2 178538 719314
1 88229 588989
1 247454 689370
1 431319 743220
1 130116 753569
1 150537 665308
1 361890 975494
2 61654 634826
1 177099 836471
1 408782 891732
1 34596 839537
1 231046 828518
1 58954 749751
1 12068 752399
2 158180 772883
1 37538 644371
1 381910 896725
2 323080 769298
1 275373 777945
1 212933 875009
2 174559 781936
2 350158 908654
2 319026 928116
1 162086 907402
1 46511 751180
1 243121 785223
2 318998 720562
1 433431 914807
1 83543 922361
1 68259 690129
1 45812 849783
1 80290 668174
2 50642 572173
1 334785 946697
1 60361 966356
2 24322 666174
1 357888 756844
2 137725 899333
1 329168 653098
2 334785 946697
1 148837 761243
1 186359 583085
1 424305 775240
1 431767 759962
2 256698 722480
2 82166 661341
1 599415 753482
1 367270 913313
1 524328 526273
1 446123 941197
2 130116 753569
1 152420 908154
1 614628 771411
1 721829 759408
2 197228 876962
1 437793 775010
1 188698 738843
1 252478 943830
1 85801 539494
2 38812 649488
1 317332 563865
1 202394 202670
1 190255 381695
1 698969 817033
1 96805 736053
1 43188 433551
2 152420 908154
1 625814 757928
2 119354 994470
1 68993 280520
1 276686 895009
1 82759 272643
1 83545 104858
1 601028 787636
1 55055 844976
1 642903 934005
2 393802 825568
1 151220 800601
2 12881 881720
1 790020 945055
1 212215 946016
1 942041 972444
1 128297 241008
1 146978 682770
1 137779 244654
1 165633 179906
1 231331 509899
1 707872 796231
1 338497 940660
1 305392 834442
1 94184 358529
2 377448 928858
2 58954 749751
1 357277 833219
1 400965 872625
1 129353 934360
2 134281 760786
1 418863 616336
1 318378 638889
1 62996 842245
1 196436 967481
1 652764 855414
1 127586 630720
1 271731 434882
1 546626 762278
1 161425 904528
2 212439 769628
1 121565 312243
1 53030 524088
1 125487 916791
1 28002 303953
1 95954 728598
1 641545 957289
2 297179 813760
1 12039 768364
1 187058 650508
2 107594 737172
2 378810 661584
1 403611 996597
1 257908 423091
1 290358 765424
1 28195 929547
2 125629 927100
2 315619 706921
1 512010 587049
1 169140 502301
2 87285 872238
2 429430 903921
2 62708 851817
1 314256 977702
1 76004 197236
2 300890 666455
1 308600 774055
1 647769 808562
1 843533 868451
1 24854 938366
1 224129 517050
2 68259 690129
1 157029 913303
1 887905 958902
1 170742 258168
1 187789 465021
2 302856 923561
2 100620 976677
1 23668 780019
2 316367 890986
1 398852 399970
2 384981 978886
1 102657 693571
2 381107 591025
1 145202 594948
2 309384 956932
2 111005 702319
1 329408 439471
1 424911 790048
1 486349 724692
1 437521 479972
1 124219 705562
1 671789 951521
1 208446 336080
1 708207 755456
1 419626 870831
1 146472 784924
2 6409 753042
1 703191 965114
2 83545 104858
1 163186 725068
1 711560 797691
2 242648 779813
1 143901 210876
1 253636 581192
1 152532 385403
1 76127 675848
1 106737 503375
1 28582 610497
2 359171 838111
1 654592 800391
1 161556 602693
2 425155 811395
1 632923 767355
1 200915 434516
2 205413 580600
2 267592 959737
2 252126 788875
1 245285 971945
2 424363 834352
1 5900 985042
2 425873 936303
1 392046 966114
1 401311 518926
1 736378 739803
1 60752 953952
1 609397 854105
2 12068 752399
2 78789 931771
1 44828 296854
1 123267 587813
1 163389 892852
2 439598 900455
1 408 269168
1 322685 372162
1 319612 338115
1 372530 459181
2 17553 606704
1 46871 451550
1 205275 399311
1 193213 856305
2 65744 680670
1 311245 921875
1 213399 369289
1 292024 674742
2 96805 736053
1 176507 693283
1 118664 838781
1 394737 405372
1 173771 733372
2 196436 967481
1 759485 952222
1 432251 707732
1 129609 240942
1 91161 543103
2 1629 558691
2 309350 715128
1 808223 976765
1 640963 756355
2 212255 957876
1 523346 584545
1 202579 556824
1 766421 973264
1 363547 909635
1 771400 781218
1 233293 444029
2 771400 781218
2 5290 643814
2 299932 821733
1 148601 171355
1 865403 953437
1 312917 976893
1 197049 555864
1 490453 852149
1 91270 605132
1 679019 882190
1 195004 211062
2 253636 581192
1 432675 436473
1 372832 996029
1 73120 443863
1 136296 722807
2 177099 836471
2 389003 731720
1 303798 750983
2 197622 926406
1 157013 357972
2 318378 638889
1 381064 668237
1 309222 389528
1 110726 801517
1 315314 432371
1 106679 901751
2 790020 945055
1 572782 734170
2 271430 917981
2 124219 705562
1 681801 748567
1 215639 494874
1 267783 440612
1 24026 924407
1 310423 341848
1 277384 755818
1 246391 512578
1 835457 897446
1 414799 570984
2 328812 849952
1 12660 301886
1 517925 701846
1 429016 663524
1 149947 690940
1 459215 720050
1 652784 794030
1 500128 761026
1 662897 817541
1 77494 599617
2 721829 759408
1 341798 993662
1 206473 352822
1 153983 655320
1 168108 881335
1 258346 916290
1 603628 819806
1 195975 379570
2 305461 975382
1 32041 908661
1 59581 252581
1 124842 605899
2 124842 605899
1 8753 355435
2 865403 953437
1 213762 550596
1 313119 544653
2 186359 583085
2 136558 882487
2 24026 924407
2 149947 690940
1 783005 819980
2 100715 833908
1 57407 81175
1 227785 997355
2 143901 210876
1 331319 794883
1 258551 574845
1 9852 715215
2 654592 800391
2 127586 630720
2 236076 758620
1 70960 896220
1 423725 540165
1 108487 240626
1 508046 994609
1 86799 936918
1 717250 809111
1 191278 491310
1 12303 240690
2 272328 999003
1 33204 246304
2 261278 574928
2 200915 434516
1 640235 905841
1 454540 518967
1 631325 910135
1 44488 987704
2 302335 818612
2 288168 922416
1 206298 927728
1 62271 979181
1 678707 707095
1 117709 181318
1 212216 993879
2 72920 796642
1 162989 423272
1 409227 916784
1 278165 791595
1 3817 24151
1 94918 706872
1 189103 369304
1 321969 766037
2 246391 512578
1 108195 695799
1 749409 912296
2 37037 922697
1 125463 250668
1 276329 599688
1 11170 750901
2 313041 702512
2 152080 782863
2 414580 764867
1 231036 790210
2 454540 518967
1 487899 731733
1 830112 954550
1 56758 346194
2 28066 708381
1 38766 871220
1 134153 990790
1 4515 606023
1 538529 754886
1 781583 841870
1 702902 918718
1 211852 440259
1 496760 684922
1 204224 890576
1 159567 841413
1 32443 591639
2 424304 886773
1 463931 981240
2 339147 617790
2 55482 804025
1 646032 701126
1 611248 693231
1 154680 591821
1 602876 840580
1 364987 836788
1 148845 525667
1 668088 961901
2 224129 517050
1 160490 436663
1 229821 476018
1 133179 868129
1 54376 465498
1 932075 996830
1 78483 652459
1 338599 937692
2 108856 890019
1 239822 936702
2 231046 828518
2 215639 494874
2 58525 605841
2 166871 557901
1 354465 607855
1 23237 219448
1 34686 402473
1 277538 461216
1 113791 385659
1 128423 529831
1 403295 515692
1 739928 945689
1 690485 750713
2 211852 440259
1 289442 524103
1 144528 991934
1 244876 414354
1 48821 245230
1 89882 896443
2 95955 934296
1 571326 608026
1 338338 694280
1 215749 553575
1 136769 147181
1 129679 903059
1 105165 912285
1 207544 644983
1 244803 669934
1 681081 718418
1 58717 302490
1 158191 698864
1 241994 244234
1 17283 257671
1 424032 600978
1 151171 766020
1 121364 699621
1 639816 688796
1 826140 963553
1 253868 528875
1 295681 364834
1 292097 972483
1 363488 953281
1 394631 690506
1 30959 919646
1 188459 213507
1 62967 936786
1 816322 975470
1 101264 517894
2 46063 712909
2 10950 585096
2 444955 749093
1 221933 743679
1 130585 958004
1 365360 733260
2 277538 461216
2 161556 602693
1 194667 919363
1 260357 466514
1 684678 694724
1 617868 790275
2 238063 659985
1 532325 572434
1 690535 722670
1 565522 769362
1 289635 528398
2 409547 825257
1 400965 843971
2 187058 650508
1 483096 714855
1 467394 951173
1 262052 655203
2 146472 784924
1 782049 826844
1 342613 419533
1 657699 681902
2 348283 818312
1 214673 606219
1 197616 935719
1 324247 825591
1 117595 826270
1 247916 487355
1 587656 682628
1 509099 565375
1 335225 837108
1 389492 713816
1 918629 964255
1 383898 496882
1 18278 206720
1 229378 447021
1 229495 464072
1 158106 923906
2 162086 907402
1 619511 937837
1 119578 691262
1 574047 629220
1 287217 649946
1 188962 753759
1 169959 947567
1 541256 868676
1 280122 951700
1 695654 986215
2 341262 841810
1 31758 929878
2 125463 250668
1 592047 709846
1 359272 625709
1 499479 540172
1 804021 845410
1 652900 956119
1 665378 738678
1 793911 987449
2 432529 874516
1 19831 974969
1 537439 548070
1 262580 733884
1 320326 861006
1 602954 908171
1 371221 866610
2 546626 762278
1 84930 226423
1 138338 303859
1 602251 925687
2 184811 589313
1 634454 708681
1 440501 798370
1 198825 692650
2 565522 769362
1 130034 725332
1 62705 573629
2 249143 992837
1 337182 349839
1 256154 687484
1 248213 546516
1 331349 603558
2 194667 919363
1 623904 771530
2 53312 723827
2 288504 692249
1 114775 939382
2 382046 827634
2 231331 509899
1 37021 540288
1 416075 894154
1 326852 866011
1 389241 548285
1 305667 691921
2 574047 629220
2 157846 943815
2 244876 414354
1 42086 782776
1 51620 618253
1 702352 773604
1 372165 455958
2 168108 881335
1 164950 834385
1 261549 710334
1 699182 886909
1 228398 400701
1 62213 457743
1 486464 930857
1 182680 941658
1 318842 389320
1 167723 312037
1 140718 963849
2 341578 551252
1 546022 845472
1 326091 722792
1 363626 852134
1 319221 399015
1 615553 821444
1 582270 746550
1 243535 340568
2 419626 870831
1 131033 137585
1 23296 309363
2 205275 399311
1 435369 731888
1 57908 521480
1 491472 843863
1 511892 579871
1 295256 645650
2 400965 872625
1 279146 435851
1 20641 703690
1 82635 824941
2 412501 866512
1 522692 925949
1 251479 506446
1 368908 420270
1 504761 821007
2 60361 966356
1 76316 153870
1 649770 797213
2 277889 741052
1 521787 675544
2 424032 600978
1 167745 616454
1 354840 492925
1 558085 851237
1 377737 513073
2 437609 606232
1 285376 861792
1 123624 493860
1 400703 541966
2 372678 814628
2 671789 951521
1 164856 513910
2 394631 690506
1 500034 750141
1 319940 432458
1 684292 833836
1 26506 962193
1 891988 906595
2 345595 971109
1 128124 645397
1 209330 324402
1 97509 466824
1 194507 502394
1 167588 541091
2 614628 771411
2 312917 976893
1 598665 974067
1 92565 212136
1 164938 918520
1 353828 750885
2 295681 364834
1 22811 222771
1 55364 682739
1 78145 995062
2 32443 591639
1 452755 556371
2 90476 590067
2 157013 357972
2 129609 240942
1 710316 937125
1 192845 814176
2 91533 586134
1 594371 805591
2 129353 934360
1 47933 180530
2 207544 644983
1 385774 464692
1 783941 793920
2 401917 599699
1 148428 501157
2 169959 947567
1 334944 677011
2 416075 894154
1 188281 211496
2 326091 722792
1 289215 627748
1 444378 487522
2 413996 761214
1 569331 626976
1 197055 851173
1 63026 591110
1 39009 625430
1 341679 431119
1 142662 401295
2 121123 897632
1 4638 106532
1 163800 592892
1 637531 797474
1 588472 862508
1 691170 726235
2 641545 957289
1 528139 762406
1 155414 454639
1 186636 847184
2 194507 502394
2 44828 296854
1 298007 365338
1 111505 978393
1 137489 609232
1 140029 706310
1 468183 829833
1 694906 741882
1 678760 746336
2 352825 868005
1 630430 781997
2 6487 804572
2 133825 584408
1 148443 941054
2 389282 894495
2 418626 710924
2 202394 202670
1 717421 991213
1 482211 631672
1 478266 882409
2 323967 570538
2 214446 648722
2 341679 431119
1 228214 974413
1 435553 679216
1 221031 694422
2 415501 922524
2 305202 899078
1 349111 937262
2 106679 901751
2 77494 599617
2 422103 742322
1 368002 534243
1 537045 999244
2 248440 680289
1 70498 627167
1 21153 972430
1 651594 832982
2 66733 850944
1 138025 399182
1 228124 281719
1 62954 734345
2 105165 912285
1 244875 757128
2 380448 733949
1 773269 834604
2 101482 813830
2 68993 280520
1 80027 364790
1 199866 623877
1 637005 818589
1 582446 850653
1 772143 965606
2 151171 766020
1 342291 424427
1 26686 172462
1 75580 661401
2 483096 714855
1 470268 564712
1 586927 693590
1 24743 58387
1 689007 833433
1 652519 928656
2 33204 246304
1 332203 506979
1 880258 976910
1 223180 525270
1 133899 327591
1 78612 798546
1 446789 603028
2 631325 910135
2 319940 432458
1 215603 377987
1 487990 982982
1 18056 459717
1 41696 99582
1 175684 459345
1 5551 257896
1 260856 474149
1 505824 665400
2 337182 349839
1 574489 715825
1 705179 851923
1 115573 336112
1 315542 569037
2 199914 800217
1 752885 924789
1 467291 504729
1 366119 799665
1 516070 676162
1 4093 411966
1 257102 615377
1 798311 974044
1 398732 717587
1 94416 763706
1 222370 492553
1 590591 805831
1 686519 947887
2 11170 750901
1 632451 870147
2 403611 996597
1 335771 726577
1 535444 576610
2 3817 24151
1 164301 946150
1 86707 651298
1 434948 654455
1 494348 716587
1 318389 996744
2 711560 797691
1 166550 913008
1 376585 940488
1 715720 736325
1 70910 835981
1 178156 463117
1 182402 620841
1 265136 641777
1 506557 990507
2 265383 643072
2 234284 589898
1 393414 600892
2 702902 918718
2 523346 584545
2 71499 673812
1 321023 589472
1 431815 451797
2 512010 587049
1 2269 834870
2 386416 585082
1 65551 484583
1 425980 905126
1 256576 906491
2 5900 985042
1 312837 900427
1 725118 839884
1 568846 588169
2 37538 644371
1 309142 377001
1 322681 335934
1 316144 721625
2 414799 570984
1 4561 442527
1 255163 452032
1 182602 690627
1 290144 608009
2 808223 976765
1 104811 685355
1 181114 627147
1 575744 602644
1 739427 835116
1 467390 524635
2 193213 856305
1 435759 930764
1 242273 796843
1 156333 561577
1 344494 917408
1 649600 781880
1 132754 680071
1 443161 570294
1 738190 777434
2 17654 862801
1 102765 400703
2 652764 855414
1 239053 900265
1 198713 747912
1 117343 472094
1 782515 911385
1 10395 459247
1 73911 559210
1 229878 869304
1 18587 997590
2 55226 920882
1 297485 663615
1 279107 860723
1 210658 521133
2 32041 908661
2 227785 997355
1 468445 768332
2 62213 457743
1 824437 961413
1 300479 894824
1 130887 633460
1 265881 720704
1 73684 178509
1 446209 687705
1 324294 334893
1 239064 302954
1 457671 594732
1 610464 755614
1 550087 842212
1 421273 447929
1 727264 980900
1 701184 841948
1 353549 467697
1 160511 659306
2 162907 663379
1 127175 233340
1 79047 746003
1 371648 729104
1 223084 468056
2 496760 684922
1 2518 447220
1 730141 793165
1 518479 818407
2 537439 548070
1 804307 927262
1 929391 938189
1 126629 993307
1 125853 907172
1 45759 233091
1 434736 748154
2 270414 874529
2 126629 993307
1 656658 926966
1 244220 584708
2 349111 937262
1 385753 529494
1 99598 786161
1 266469 905796
2 272533 693021
1 751222 928735
2 167745 616454
1 509985 623130
1 589747 954985
1 826570 840219
1 507761 961692
1 213455 974985
1 285995 745878
1 362098 964777
1 171509 621888
2 139205 881806
1 523453 748130
1 87707 212268
1 257567 547818
2 587656 682628
1 691130 702886
1 229395 282432
1 436044 792254
2 429016 663524
1 109359 814790
1 18202 498489
1 603484 982632
1 412202 415870
2 368002 534243
2 357192 835672
1 538811 839767
1 853975 867420
1 50228 423436
1 24543 914454
1 729852 932759
1 454385 796084
1 170976 654826
1 214747 714654
1 239712 345358
1 242045 856423
2 647769 808562
1 436472 726450
1 418986 924268
1 491025 613071
1 4672 233635
1 83628 284422
1 202308 334153
1 28358 579810
1 69713 617765
1 499182 690302
1 119195 537295
2 221933 743679
1 70445 986492
1 667097 955633
1 424027 534512
1 313056 325060
1 303348 925836
1 197459 294827
2 68126 807451
2 308312 969625
2 316144 721625
1 443657 565192
1 24272 430819
2 329168 653098
1 167342 741810
1 316633 709727
1 304276 732253
1 30551 283169
1 542176 880225
1 95328 165266
1 146935 985780
1 576617 997362
2 418986 924268
1 661558 958475
2 257003 680665
1 605752 718180
1 97937 701992
1 259873 513968
1 421710 937886
1 316611 862317
1 102988 868207
2 717250 809111
2 117709 181318
1 475765 813537
1 99595 187694
1 82608 695375
1 370584 451755
1 676056 784352
1 573715 672186
1 560076 579385
1 121823 996158
2 363547 909635
1 12935 160437
1 184452 549182
2 324247 825591
1 28644 229518
1 460206 881278
1 332080 609954
1 533945 807870
1 105957 476594
1 857091 927518
2 599415 753482
1 300266 540488
1 25068 838273
1 589694 977964
1 582504 915588
2 131033 137585
1 799884 966423
1 790367 866564
1 491936 935472
2 213455 974985
1 353166 965411
1 274572 424374
2 431767 759962
1 122747 770111
1 475162 596200
2 87179 867661
1 1386 442383
2 70498 627167
2 388655 635361
1 262278 295420
1 131574 187624
1 650810 912598
2 78483 652459
1 23363 682257
1 109378 835279
1 453459 987526
1 838229 873898
1 271001 744710
2 354840 492925
1 70876 427436
1 445737 457453
1 426924 600863
1 549870 718041
1 122615 652121
2 92221 924837
1 114621 420242
1 431364 577064
1 238474 858478
1 77463 719475
1 717871 860134
1 231524 495568
1 778141 779863
2 759485 952222
1 40740 928019
2 394249 876957
1 206014 417031
2 686519 947887
2 52553 883613
1 482366 502125
1 331232 599317
1 429058 881436
1 454605 827602
1 23949 433210
1 112095 681302
2 151515 708002
1 177477 963191
1 269993 590313
1 298109 823875
1 79679 232357
1 163420 421745
2 195004 211062
1 338565 966773
2 159567 841413
1 363677 405299
1 539389 633107
1 369152 462648
1 218173 791005