18
4 9
1 3 5
1 2 8
1 4 8
3 7
3 1 4
1 2 10
4 1
1 3 9
2 1 3
2 4 7
3 10
2 1 10
1 3 4
4 5
2 3 5
1 2 2
3 4 5
2 9
1 2 10
2 2
2 1 9
7 8
4 2 8
6 1 5
1 7 4
1 2 2
1 3 7
5 4 1
1 10
6 5
3 2 3
6 2 2
1 2 6
5 1 2
3 4 2
6 6
1 5 8
2 6 6
3 2 9
1 2 8
1 4 9
1 5
9 7
3 1 8
9 2 6
2 1 5
2 4 1
8 3 6
5 4 8
3 6 6
7 5 5
1 8
5 3
3 1 3
5 4 7
2 1 10
3 4 8
6 8
2 1 8
3 2 7
2 5 9
4 1 2
6 4 8
3 1
3 1 2
1 2 3
6 2
3 2 7
1 2 2
2 4 10
2 5 2
4 6 8
9 3
2 3 7
5 4 3