4
12 13 7
14285884 3667620 66740627 13836520 84213838 60093863 21883110 2213340 38056794 36933016 6747003 25703717
76504854 81624832 27661709 15496452 43242089 585865 5354837 37013252 29117265 71916779 2106863 71285580
12 21 17
55476037 62541051 11570027 25965178 68142745 82434006 60554343 14298323 41636424 3746705 76811481 81298739
39010326 15586310 37007022 81495439 80086520 75886017 9450438 16963351 10354757 22147091 6048120 62579042
12 19 16
35066621 84323750 6042069 53506956 62303613 73038470 66780288 1208921 57733868 32720428 40640594 61461562
99310328 6183824 39009939 97974047 86640517 69702653 96576231 10187162 66964116 88236251 31157153 48508030
12 17 1
81494611 82446583 25665414 57278151 75676090 20368518 78541400 27518479 66359499 88581054 69427548 46948985
71120491 54000899 48190897 91593245 24213793 60181841 68532010 82744963 28055915 5791365 704187 56600520