397 69
5 2
2 3
3 4
4 313
28 6
6 7
7 8
8 9
9 10
10 11
11 12
32 13
13 14
14 15
15 16
16 17
17 18
18 19
19 20
20 21
21 22
22 23
23 24
24 25
25 26
26 138
35 248
39 29
29 30
30 31
31 1
45 33
33 34
34 396
64 36
36 37
37 38
38 1
68 40
40 41
41 42
42 43
43 44
91 1
95 46
46 47
47 48
48 49
49 50
50 51
51 52
52 53
53 54
104 55
55 56
56 57
57 58
58 59
59 60
60 61
61 62
62 63
63 1
108 65
65 66
66 67
67 1
149 69
69 70
70 71
71 72
72 73
73 74
74 75
75 76
76 77
77 78
78 79
79 80
80 81
81 82
82 83
83 84
84 85
85 86
86 87
87 88
88 89
89 90
90 44
44 92
92 93
93 94
94 1
169 96
96 97
97 98
98 99
99 100
100 101
101 102
102 103
103 265
170 105
105 106
206 107
107 350
213 109
109 110
110 111
111 112
112 113
113 114
114 115
115 116
116 117
117 118
118 119
221 120
120 121
121 122
122 123
123 124
124 125
125 126
126 127
127 128
128 129
129 130
130 131
131 132
132 133
133 134
134 135
135 136
136 137
137 138
138 139
139 140
140 141
222 142
142 143
143 144
144 145
145 146
146 147
147 148
148 1
224 150
150 151
151 152
152 153
153 154
154 155
155 156
156 157
157 158
158 159
159 160
160 161
161 162
162 163
163 164
164 165
165 166
166 167
167 168
168 119
247 286
269 171
171 172
295 173
173 174
174 175
175 176
176 177
177 178
178 179
179 180
180 181
181 182
182 183
183 184
184 185
185 186
186 187
187 188
188 189
189 190
190 191
191 192
192 193
193 194
194 195
195 196
196 197
197 198
198 199
199 200
200 201
303 202
202 203
203 204
204 205
205 1
304 207
207 208
208 209
209 210
210 211
211 212
212 326
313 214
214 215
215 216
216 217
217 218
218 219
219 220
220 1
317 27
27 223
223 389
320 225
225 226
226 227
227 228
228 229
229 230
327 231
231 232
232 233
233 234
234 235
235 236
236 237
237 238
238 239
239 240
240 241
241 242
242 243
243 244
244 245
245 246
246 306
332 1
334 249
249 250
250 251
251 252
252 253
253 254
254 255
255 256
256 257
257 258
258 259
259 260
260 261
261 262
262 263
263 264
264 265
265 266
266 267
267 268
268 248
248 270
270 271
271 272
272 273
273 274
274 275
275 276
276 277
277 278
278 279
279 280
280 281
281 282
282 283
283 284
284 285
285 286
286 287
287 288
288 289
289 290
290 291
291 292
292 293
293 294
294 1
335 296
296 297
297 298
298 299
299 300
300 301
301 302
302 119
119 201
201 305
305 306
306 307
307 308
308 309
309 310
310 311
311 312
312 1
336 314
314 315
315 316
316 1
342 318
318 319
319 141
141 321
321 322
322 323
323 324
324 325
325 326
326 172
172 328
328 329
329 330
330 331
331 12
12 333
333 1
363 106
106 1
367 337
337 338
338 339
339 340
340 341
341 230
230 343
343 344
344 345
345 346
346 347
347 348
348 349
349 350
350 351
351 352
352 353
353 354
354 355
355 356
356 357
357 358
358 359
359 360
360 361
361 362
362 54
54 364
364 365
365 366
366 1
371 368
368 369
369 370
370 1
394 372
372 373
373 374
374 375
375 376
376 377
377 378
378 379
379 380
380 381
381 382
382 383
383 384
384 385
385 386
386 387
387 388
388 389
389 390
390 391
391 392
392 393
393 1
1 395
395 396
396 397