2011 10
1 1475
2 3
5 4
21 722
22 6
6 7
7 8
8 9
9 10
10 1781
24 12
12 13
13 14
14 15
15 16
25 17
17 18
18 19
19 20
27 1459
29 1684
30 23
23 1650
36 1842
39 1030
40 1152
42 28
47 1805
54 716
55 1795
58 32
32 33
61 34
34 35
35 48
63 37
37 38
38 1409
65 1785
68 41
74 1657
75 76
76 44
77 45
45 46
82 274
84 48
48 49
49 809
85 51
96 1694
101 1074
104 415
105 881
106 56
56 57
57 1569
108 59
111 60
116 472
117 62
118 50
120 330
125 998
135 66
66 67
67 1977
138 69
144 70
70 71
71 72
147 73
154 379
155 495
162 1599
163 1642
166 78
78 79
173 80
80 81
81 427
182 1363
192 1698
196 856
204 218
212 87
87 88
88 89
89 1803
216 91
91 1155
219 93
231 94
94 95
233 1097
235 97
236 98
98 99
99 100
100 764
242 102
245 103
103 1799
246 963
247 1373
255 107
107 228
265 1196
267 110
110 347
269 112
272 113
113 114
114 115
115 747
277 1744
281 642
282 119
119 1738
293 121
121 122
122 28
28 124
124 283
295 126
306 127
309 128
128 129
129 130
130 131
131 132
132 133
133 1400
313 1766
321 136
136 137
137 325
323 139
328 140
140 141
141 142
142 143
331 736
334 145
145 64
64 1533
336 148
148 467
340 150
150 151
151 152
152 696
341 186
186 686
345 156
352 157
354 158
158 159
355 160
160 161
161 1764
356 1433
357 164
164 165
165 1695
366 167
167 168
168 169
169 170
170 171
371 172
172 314
314 254
377 175
378 176
176 177
381 178
178 179
179 180
180 181
181 1293
382 1611
384 344
393 185
185 1077
395 187
187 188
400 189
403 189
189 191
404 1919
405 193
193 194
194 195
195 829
413 1130
425 198
198 199
199 200
200 201
201 414
432 203
203 833
435 205
436 1053
448 207
207 208
454 209
209 210
210 211
211 385
456 213
213 214
214 215
215 1313
457 217
217 218
459 1413
463 220
220 221
221 222
222 223
223 224
224 225
225 226
226 970
470 228
228 229
229 230
230 1329
471 232
472 1890
479 234
234 1833
480 86
86 237
481 238
238 239
239 1435
484 241
241 462
485 243
494 1726
496 359
498 597
501 1892
503 700
504 249
249 250
250 251
251 252
252 1450
506 275
275 807
508 256
256 257
257 258
258 259
259 260
260 261
509 262
262 1150
511 264
264 1078
513 266
266 1137
516 268
268 1413
518 270
520 271
523 1661
525 273
527 274
274 1398
528 276
276 905
531 278
278 1079
532 280
280 1497
535 1574
541 283
549 284
550 285
285 286
286 287
287 288
288 289
289 461
561 291
291 292
292 568
562 294
564 1307
565 296
296 297
297 298
298 299
299 385
566 301
301 302
302 303
303 95
95 1353
567 1020
570 307
307 308
308 1072
579 310
581 311
582 312
587 1972
588 1598
591 315
315 316
594 317
317 733
600 319
319 320
320 188
188 322
322 544
544 324
324 325
325 1619
604 327
327 294
294 329
329 330
611 1240
623 332
627 333
631 787
632 335
335 464
643 337
337 338
338 339
339 770
654 808
657 655
660 343
343 1434
662 869
663 787
665 901
666 348
671 349
349 350
350 351
351 346
674 1540
676 837
687 554
690 1731
692 1529
693 358
698 864
701 360
703 361
361 362
362 363
709 364
716 365
365 980
719 367
722 368
368 369
723 370
370 1924
726 372
729 373
373 374
374 375
375 376
732 440
440 197
197 379
743 380
380 1980
744 1338
746 383
383 638
638 385
747 386
386 387
748 388
388 389
752 390
390 391
758 392
392 473
759 394
394 960
769 353
353 1018
782 781
783 399
399 1319
785 401
401 402
402 1121
789 409
409 559
790 406
406 928
791 408
792 1655
793 410
796 411
800 1570
804 69
69 414
414 1209
805 416
807 417
417 418
418 419
419 420
420 421
421 422
422 423
423 424
424 1825
809 426
426 427
427 428
815 429
429 430
430 431
431 505
818 433
433 434
434 73
73 1580
819 437
437 584
822 439
825 1795
832 441
441 442
442 443
443 444
444 1892
835 446
446 447
836 1853
847 411
848 450
849 451
451 452
452 453
453 1271
850 455
455 1505
861 1618
870 458
872 1991
875 460
876 461
461 462
462 1207
878 464
882 465
465 466
466 206
206 468
468 469
469 1564
889 2006
894 537
537 473
473 474
474 475
475 342
342 477
477 478
478 1427
896 1879
897 1291
899 482
482 483
483 686
901 44
44 486
903 487
487 488
488 489
909 490
490 491
491 492
911 493
917 1998
918 495
922 539
926 497
928 416
416 499
499 633
633 705
705 502
502 1126
930 1991
931 505
505 1103
932 507
507 458
458 1453
938 510
510 1937
940 512
943 1486
945 514
514 515
515 1838
952 517
517 1646
953 519
519 773
956 521
521 904
904 1949
957 524
524 1096
958 526
526 1019
959 583
583 1408
962 530
964 780
780 573
573 533
533 680
680 937
965 536
536 691
691 538
538 539
539 540
540 576
969 542
972 543
543 316
984 995
989 546
546 547
547 548
990 330
330 387
387 551
551 552
993 553
553 554
554 555
555 304
304 557
557 558
558 559
559 560
560 464
464 718
997 563
1004 803
1005 667
1006 360
360 975
1011 1369
1012 569
569 886
1016 571
571 572
572 1107
1018 574
574 575
1019 43
43 577
577 578
578 999
999 580
1021 763
1022 801
1023 641
641 584
584 585
585 586
1029 1079
1033 1803
1034 589
589 590
590 1319
1036 592
1037 593
593 1954
1040 595
1048 596
596 597
1050 598
598 599
599 1640
1054 601
601 602
1055 603
1057 1893
1058 605
605 606
1073 134
134 608
608 609
609 610
610 1287
1079 102
102 613
613 614
614 615
615 616
616 617
617 618
618 619
619 620
620 621
621 622
622 398
1083 624
624 625
625 626
626 606
606 628
628 629
629 630
630 1746
1085 1487
1091 1786
1093 634
634 635
635 636
1099 637
637 1014
1014 639
639 640
1110 500
1115 171
171 522
1116 644
644 645
1117 646
646 647
1120 648
648 649
649 650
1121 651
651 367
367 653
1124 159
159 655
655 326
326 316
316 658
1125 659
1129 1894
1130 946
1139 1918
1140 486
486 664
664 961
961 372
372 667
667 668
668 1423
1141 670
670 1778
1143 640
640 673
673 1911
1146 72
1148 1710
1151 677
1154 678
678 679
679 1978
1155 681
681 1513
1157 683
683 684
684 685
1163 686
686 1339
1168 688
688 689
1174 1049
1049 1450
1175 175
1176 542
542 694
694 695
695 72
72 697
697 1426
1179 699
699 700
700 1414
1184 389
389 1577
1186 1841
1189 1000
1000 706
706 707
707 708
708 300
300 710
1190 711
1191 712
712 1349
1192 714
714 1072
1194 1357
1202 717
1203 718
718 717
717 720
720 721
721 1095
1095 647
647 724
724 725
725 1590
1204 727
727 728
1208 1142
1142 730
730 731
731 279
279 733
1209 734
734 735
735 736
736 737
1211 738
738 739
739 740
740 741
741 742
742 244
244 1782
1213 745
745 411
1224 857
1225 1044
1044 749
749 750
750 751
1227 921
1237 753
753 754
754 755
755 756
756 757
757 83
83 1731
1241 760
760 761
761 762
762 890
1244 764
764 765
765 766
766 767
1248 768
768 1950
1252 770
770 771
771 900
1255 773
773 774
774 775
775 1045
1261 1740
1265 778
778 779
779 1555
1269 781
781 312
312 689
689 784
1271 1416
1276 1801
1279 1552
1288 1746
1291 369
369 1495
1293 190
190 1152
1297 156
156 794
794 795
795 412
1301 797
1304 798
798 799
799 1713
1309 801
801 802
802 803
803 333
1311 1987
1316 806
806 1527
1317 808
808 1724
1320 810
810 811
811 812
1324 813
813 814
1325 1793
1326 816
816 817
817 534
534 1690
1330 820
1334 821
821 1233
1336 823
823 824
824 1196
1339 826
826 827
827 828
828 829
829 830
830 831
831 900
1342 833
833 834
834 1501
1347 1371
1348 837
837 1865
1349 839
839 840
840 841
1351 842
842 843
843 844
844 845
845 846
1353 1361
1355 1723
1363 379
379 467
467 851
851 852
1370 853
853 854
1373 855
1376 856
856 857
857 858
858 859
1379 860
1380 143
143 862
862 863
1384 1273
1385 865
865 866
866 867
867 868
868 869
869 1958
1387 227
1392 253
253 873
873 874
1401 1340
1402 925
1408 877
877 227
227 879
1411 880
880 751
751 1262
1262 883
883 884
884 786
1413 886
886 1169
1415 888
888 310
1416 890
890 891
1418 892
892 907
1424 1883
1427 895
895 1245
1245 1823
1428 898
898 1001
1434 900
900 1956
1436 902
1447 376
376 607
607 905
1451 906
906 907
907 908
1454 1488
1457 910
910 1781
1458 912
912 913
913 914
1461 915
915 916
916 408
408 1327
1462 919
919 920
920 921
1463 682
682 923
923 924
924 925
925 713
1467 927
927 428
428 929
929 1794
1474 685
685 696
696 933
933 934
934 935
1480 936
936 937
937 797
797 939
939 1585
1490 941
941 942
942 1052
1491 944
1496 1295
1497 946
946 947
947 948
1506 949
949 33
33 951
951 1449
1449 1433
1508 954
1509 955
1512 46
46 50
50 548
548 776
776 960
960 397
1513 1934
1514 963
963 970
1517 677
677 1221
1520 967
1522 968
968 1966
1525 970
970 971
971 568
568 973
973 1623
1527 975
1530 976
976 476
1533 978
1542 979
979 980
980 981
981 982
982 983
1543 1521
1544 985
985 986
1549 987
987 988
988 512
1550 1603
1551 991
991 992
992 1086
1552 994
994 995
1553 996
996 950
950 998
998 874
874 305
305 1001
1001 1002
1559 1003
1003 1876
1560 575
575 1300
1571 1007
1007 1215
1575 1009
1576 1010
1010 1195
1195 1991
1581 1013
1013 1207
1587 139
139 1751
1590 1017
1017 205
205 556
556 1020
1020 1768
1592 232
232 1548
1548 1024
1595 1025
1597 1026
1026 1027
1598 1028
1028 447
447 263
263 1031
1031 1032
1032 1164
1602 1212
1604 1035
1035 4
4 661
661 1038
1038 1039
1039 318
318 1238
1238 1042
1042 1043
1605 563
563 1045
1045 1046
1606 1047
1609 109
109 887
887 841
841 1051
1051 1052
1052 1053
1053 597
597 1150
1150 1056
1056 1015
1015 1889
1612 1059
1059 1060
1060 1061
1061 852
852 1063
1063 1064
1064 1065
1065 1066
1066 1067
1067 1068
1068 1069
1617 1070
1070 1071
1071 1072
1627 788
788 1074
1074 1075
1075 1076
1076 1077
1077 1078
1632 1459
1634 1080
1080 995
995 1082
1635 283
283 1084
1636 2010
1637 1086
1639 1087
1087 1088
1088 1089
1089 1090
1090 715
715 1092
1092 1383
1640 1094
1642 1494
1494 1096
1096 1097
1097 1098
1098 1554
1644 1100
1100 1101
1101 1102
1102 1103
1103 1104
1651 1105
1658 1106
1665 1107
1107 1108
1108 1109
1109 183
183 1111
1111 1112
1666 1113
1113 1114
1114 1027
1027 175
175 576
576 1118
1668 1119
1119 1274
1670 1893
1673 1122
1679 1123
1123 1008
1008 1149
1683 112
112 1127
1127 1128
1128 1009
1009 1333
1684 1131
1131 1132
1132 1133
1133 1134
1134 1135
1692 1136
1136 1137
1137 1138
1138 1531
1694 1126
1126 1239
1696 146
146 1492
1492 1144
1144 1145
1145 652
1701 1147
1703 1047
1047 1149
1149 1104
1104 846
846 1152
1706 1153
1153 347
347 1323
1710 954
954 31
31 1158
1715 879
879 1160
1160 1161
1161 1162
1162 580
580 1122
1122 1165
1717 1166
1166 1167
1721 445
445 397
397 1170
1170 1171
1724 1172
1172 1173
1173 711
711 820
820 1486
1486 1177
1177 3
3 1350
1726 439
439 1181
1181 1182
1182 1183
1183 1705
1728 1185
1732 1240
1240 1187
1736 1188
1188 1837
1743 1647
1747 1573
1751 1171
1758 1193
1193 1438
1438 344
1760 1196
1196 1197
1197 1198
1198 1199
1199 1200
1761 1201
1201 1259
1762 1062
1062 1046
1046 1205
1205 1206
1764 1207
1207 1383
1776 977
977 1210
1210 1222
1222 1212
1212 149
149 1214
1214 1215
1215 1216
1216 1217
1217 1218
1218 1219
1782 1220
1220 1221
1221 1806
1785 1223
1223 90
90 1861
1786 1226
1226 653
1787 1228
1788 1333
1789 1230
1230 1231
1231 1232
1232 1233
1233 1234
1234 1235
1235 1236
1792 838
838 902
1796 1239
1239 1654
1798 333
333 1242
1242 1243
1802 1236
1236 1555
1803 1246
1246 1247
1247 652
652 1249
1807 1250
1250 1251
1251 1718
1808 1253
1253 1254
1254 1967
1809 1256
1811 359
359 1258
1258 1259
1259 1260
1260 1105
1105 1135
1135 1263
1813 1264
1264 1219
1219 2006
1817 1267
1267 1268
1268 763
1819 1270
1270 1249
1249 1272
1272 1273
1273 363
363 1275
1275 177
177 1277
1277 1278
1278 1318
1318 978
978 1281
1281 1282
1282 1283
1283 1284
1284 1285
1285 1693
1693 1287
1287 240
240 1289
1820 1290
1290 1069
1069 1292
1292 704
704 1294
1294 1295
1295 1296
1296 1867
1824 1298
1298 1299
1299 1300
1826 1797
1797 1302
1302 1303
1303 59
1827 1305
1830 1306
1831 411
411 1308
1308 1569
1569 1310
1310 346
1833 1312
1834 1313
1313 1314
1314 1315
1315 1626
1835 407
407 1072
1836 1319
1319 1455
1455 1321
1321 1322
1322 1323
1323 653
653 127
127 237
237 1327
1327 1328
1328 1329
1329 658
658 1331
1331 1112
1838 1333
1333 902
902 1335
1335 1169
1169 1337
1337 1338
1338 1346
1840 1340
1340 1341
1341 1165
1165 1343
1343 1344
1344 1345
1345 1346
1346 914
914 636
636 344
344 1350
1350 1680
1842 1352
1352 1106
1106 1354
1354 1822
1822 412
412 1357
1357 1358
1358 1359
1359 1360
1360 1361
1361 1362
1362 975
975 1364
1364 603
603 1366
1366 1367
1367 1368
1368 1369
1369 1981
1844 1371
1371 1372
1846 1081
1850 1374
1374 1375
1851 1391
1853 1377
1377 1378
1857 438
438 59
59 1381
1381 1382
1382 1383
1383 1043
1043 1409
1409 1386
1386 1507
1861 1388
1388 1389
1864 1390
1390 1391
1391 905
905 1393
1393 1394
1394 1395
1395 1396
1396 1397
1397 1398
1398 1399
1399 1400
1400 530
1877 449
449 1403
1403 1404
1404 1405
1405 1406
1406 1407
1407 410
410 966
966 1410
1410 254
254 1412
1412 650
650 1414
1414 1620
1620 92
92 1417
1417 1072
1072 1419
1419 1420
1420 1421
1421 1422
1422 1423
1423 672
672 1425
1425 1426
1426 123
123 1243
1243 1429
1429 1430
1430 20
20 1432
1432 1433
1433 346
346 1435
1880 786
786 1437
1437 1147
1147 1439
1439 1440
1440 1441
1441 1442
1442 1443
1443 1444
1444 1445
1445 1446
1446 52
52 1448
1448 1630
1881 1450
1450 261
1883 1452
1452 1453
1453 153
153 1002
1002 1456
1456 1289
1289 855
855 1459
1459 1460
1460 767
767 1915
1885 1685
1685 1464
1464 1465
1465 1466
1466 1882
1882 1468
1468 1469
1469 1470
1470 1471
1471 1472
1472 1473
1473 944
944 1475
1475 1476
1476 1477
1477 1478
1478 860
860 1365
1365 1481
1481 1482
1482 885
885 1484
1484 1485
1485 1378
1378 1487
1487 1488
1488 1759
1890 191
191 1280
1280 1744
1892 1493
1493 814
1902 1479
1479 1263
1263 871
1903 1498
1498 1499
1499 1500
1500 1501
1501 1502
1502 1503
1503 1504
1910 1505
1505 552
552 859
1911 522
522 311
311 1510
1510 1511
1511 612
612 592
592 332
332 1515
1515 1516
1516 62
62 1518
1518 1519
1519 983
983 1521
1521 1274
1274 1523
1523 1524
1524 1206
1206 1526
1526 174
174 1528
1528 1529
1529 93
93 1531
1914 1532
1532 974
974 1534
1916 1535
1535 1536
1536 1537
1537 1538
1538 1539
1539 1540
1540 1541
1541 1306
1306 702
702 476
476 1545
1545 1546
1546 1547
1547 1185
1185 595
595 1164
1164 1286
1286 51
51 79
79 1554
1554 1555
1555 1556
1556 1557
1557 1558
1558 1266
1266 364
364 1561
1561 710
710 1563
1563 1564
1564 1565
1565 1566
1566 1567
1567 1568
1568 1939
1918 1570
1570 1229
1229 1572
1572 1573
1573 1574
1574 415
415 1187
1187 1577
1577 1578
1578 1579
1579 1580
1580 1700
1919 1582
1582 1583
1921 1584
1584 1585
1585 1586
1586 1968
1923 1588
1588 1589
1589 60
60 1591
1591 784
784 1593
1593 1594
1594 1300
1300 787
787 1307
1928 243
1934 1888
1888 1600
1600 1601
1601 290
290 1603
1603 1976
1939 218
218 1332
1332 1607
1607 1608
1608 863
863 1610
1610 1611
1611 1178
1178 1613
1613 1614
1614 1615
1615 1616
1616 1312
1312 1618
1618 1619
1947 208
208 1621
1621 1622
1622 1623
1623 1624
1624 1625
1625 1626
1626 642
642 1628
1628 1629
1629 1630
1630 1631
1631 1663
1951 1633
1633 1823
1953 495
495 1531
1531 871
871 1638
1638 2009
1954 1180
1180 1641
1641 1734
1959 1643
1643 864
864 1645
1645 1646
1646 1647
1960 500
500 1649
1649 1650
1650 489
489 1652
1652 1653
1966 1654
1654 1655
1655 1656
1656 1657
1657 1987
1968 1659
1659 1660
1660 1661
1661 1662
1662 1663
1663 261
261 492
492 772
772 1667
1667 493
493 1669
1669 1078
1078 1671
1671 1672
1672 243
243 1674
1674 1675
1675 1676
1676 1677
1677 1678
1678 398
398 1680
1680 1681
1681 1682
1682 891
891 1812
1970 763
763 1686
1686 1687
1971 1688
1688 1689
1689 1690
1690 1691
1691 1158
1158 385
385 675
675 1695
1695 1389
1389 1697
1697 1698
1698 1699
1699 1700
1700 1025
1025 1702
1702 1648
1973 1704
1704 1705
1705 1956
1975 1707
1707 1708
1708 1709
1709 1256
1256 1711
1711 1712
1712 1713
1713 1714
1714 284
284 1716
1716 1112
1112 1718
1718 1719
1719 1720
1720 814
814 1722
1722 1723
1723 157
157 1725
1725 273
1976 1727
1727 986
986 1729
1729 1730
1730 1731
1977 1094
1094 1733
1733 1372
1372 1735
1735 1687
1687 1737
1737 1738
1738 1739
1739 1740
1740 1741
1741 1742
1742 126
126 1744
1744 1745
1745 1746
1746 271
271 1748
1978 1749
1749 1750
1750 1081
1081 1752
1752 1753
1753 1754
1754 1755
1979 1756
1756 1757
1757 1082
1082 1759
1759 1731
1731 1084
1084 1041
1041 1763
1763 1200
1200 1765
1765 1766
1766 1767
1767 1768
1768 1769
1769 1770
1770 1771
1771 1772
1772 1773
1773 1774
1774 1775
1775 53
53 1777
1777 1778
1778 1648
1648 1780
1780 1781
1781 893
893 1783
1783 1784
1784 645
1981 1734
1734 391
391 602
602 358
358 1790
1790 737
737 1307
1307 1793
1793 1794
1794 1795
1795 1967
1984 396
396 1583
1583 1799
1799 1800
1800 1801
1801 97
97 1257
1257 1804
1804 1805
1805 1806
1806 1872
1988 16
16 248
248 1810
1810 967
967 1812
1812 1159
1159 1814
1814 1815
1815 1816
1816 1779
1779 1818
1818 450
450 1156
1156 1821
1821 530
530 1823
1823 728
1991 1825
1825 659
659 1086
1086 1828
1828 1829
1829 656
656 586
1994 1832
1832 1228
1228 1507
1507 1900
1997 854
854 1837
1837 645
645 1839
1839 1504
1504 1841
1841 1489
1489 1843
1843 1619
1619 1845
1845 1024
1024 1847
2002 1848
1848 1849
1849 1375
1375 1562
1562 1852
1852 1647
1647 1854
1854 1855
1855 1856
1856 728
728 1858
1858 1859
1859 1860
1860 921
921 1862
1862 1863
1863 955
955 1865
1865 1866
1866 1867
1867 1868
1868 1869
1869 1870
1870 1871
1871 1872
1872 1873
1873 1874
1874 1875
1875 1876
1876 1356
1356 1878
1878 1879
1879 1534
1534 270
270 460
460 497
497 1884
1884 733
733 1886
1886 1887
1887 713
713 1889
1889 1431
2004 1891
1891 908
908 1893
1893 1894
1894 1895
1895 1896
1896 1897
1897 1898
1898 1899
1899 1900
1900 1901
1901 273
273 1847
1847 1904
1904 1905
1905 1906
1906 1907
1907 1908
1908 1909
1909 1118
1118 26
26 1912
1912 1913
1913 1483
1483 1915
1915 1748
1748 1917
1917 1167
1167 1305
1305 1920
1920 1435
1435 1922
1922 310
310 1924
1924 1925
1925 1926
1926 1927
1927 1596
1596 1929
1929 1930
1930 1931
1931 1932
1932 1933
1933 1599
1599 1935
1935 1936
1936 1937
1937 1938
1938 859
2005 1940
1940 1941
1941 1942
1942 1943
1943 881
881 1945
1945 1946
1946 777
777 1948
1948 1949
1949 1950
1950 1653
1653 1952
1952 1944
1944 1171
1171 1955
1955 1956
1956 1957
1957 1958
1958 935
935 1030
1030 1961
1961 1962
1962 1963
1963 1964
1964 1965
1965 859
859 1967
1967 1152
2006 1969
1969 348
348 1791
1791 1972
1972 1152
1152 1974
1974 202
202 1755
1755 586
586 1664
1664 1495
1495 1980
1980 512
512 1982
1982 1983
1983 11
2009 1985
1985 1986
1986 1987
1987 812
812 1989
1989 1990
1990 11
11 1992
1992 1993
1993 545
545 1995
1995 1996
1996 41
41 1998
1998 1999
1999 2000
2000 2001
2001 1431
1431 2003
2003 529
529 948
948 184
184 2007
2007 2008
2008 669
669 2010
2010 2011