16
0.0 0.25 0.0 0.0 1.0 0.75 0.0 0.0 1.0 0.125 0.0 0.25 0.0 0.0 0.25 0.0
0.25 0.0 0.0 0.0 0.0 0.125 0.0 0.0 0.0 0.125 0.875 0.0 0.0 0.0 1.0 0.0
0.0 0.0 0.0 0.0 0.25 0.125 0.375 1.0 0.0 0.375 0.25 0.0 1.0 0.25 0.0 0.125
0.0 0.0 0.0 0.0 0.0 0.0 0.0 0.0 0.25 0.0 1.0 0.0 0.0 0.0 0.0 0.0
1.0 0.0 0.25 0.0 0.0 0.125 0.125 0.0 0.0 1.0 0.25 0.125 0.125 0.0 0.0 0.0
0.75 0.125 0.125 0.0 0.125 0.0 0.0 0.125 0.75 0.0 0.0 0.0 0.25 0.0 0.0 0.125
0.0 0.0 0.375 0.0 0.125 0.0 0.0 0.75 0.25 0.0 0.0 0.75 0.125 0.125 0.25 0.0
0.0 0.0 1.0 0.0 0.0 0.125 0.75 0.0 0.0 1.0 0.125 0.0 0.125 0.0 0.0 0.0
1.0 0.0 0.0 0.25 0.0 0.75 0.25 0.0 0.0 0.25 0.0 0.0 0.25 0.25 0.125 0.0
0.125 0.125 0.375 0.0 1.0 0.0 0.0 1.0 0.25 0.0 0.125 0.125 0.25 0.25 0.125 0.0
0.0 0.875 0.25 1.0 0.25 0.0 0.0 0.125 0.0 0.125 0.0 0.25 0.875 1.0 0.0 0.125
0.25 0.0 0.0 0.0 0.125 0.0 0.75 0.0 0.0 0.125 0.25 0.0 0.0 0.0 0.0 0.125
0.0 0.0 1.0 0.0 0.125 0.25 0.125 0.125 0.25 0.25 0.875 0.0 0.0 0.0 0.0 0.125
0.0 0.0 0.25 0.0 0.0 0.0 0.125 0.0 0.25 0.25 1.0 0.0 0.0 0.0 0.0 0.0
0.25 1.0 0.0 0.0 0.0 0.0 0.25 0.0 0.125 0.125 0.0 0.0 0.0 0.0 0.0 0.0
0.0 0.0 0.125 0.0 0.0 0.125 0.0 0.0 0.0 0.0 0.125 0.125 0.125 0.0 0.0 0.0 0.0