293540293302559104 536836845150588085 396074930704147078
9
278558033070605798 519748516254866233 247316091167117744
91386774673913869 173473194581326948 128705902700220244
258067773390211291 521936024171045162 326310426168736036
214387210193359484 250301134591178948 85798761425616957
258270953480939060 534396898272107433 177734988223996908
214567487605784026 479038631214592861 148846859294267937
3271910239266200 118912826715972260 218267845463141040
194990341555697759 459114528161953050 37520766953592519
106083911532058033 103250571935601526 135407340023235272