1
400 3861
3485 1200 3541 362 2578 705 3500 250 3955 626 2303 1772 3061 1370 749 136 3082 2780 3030 1314 2945 667 3899 1163 285 253 186 3348 3956 2814 2345 293 524 2072 2225 3679 3953 625 1677 878 2618 645 1411 1714 1757 853 866 1903 3056 1808 2365 2195 546 2783 2311 1575 2202 1494 3313 1081 111 2074 2144 904 1831 749 1746 2545 436 1377 2931 1945 3531 2587 2010 2747 2151 230 3850 1427 3199 3356 550 1484 4 2640 1909 3174 94 3327 151 459 3334 2999 3079 244 1223 3623 753 823 210 1256 2774 307 3199 3788 1278 2398 1483 2566 2877 3053 2510 281 1866 2949 1725 644 1180 225 1728 2702 966 996 1012 78 756 1378 2116 477 999 3113 3139 2944 206 2708 2958 3279 1798 2931 2976 235 3219 2708 3286 1599 2303 790 3333 2677 3635 3183 1240 3196 1429 3708 3439 3575 3041 1096 3989 2793 1642 1056 608 127 3251 1013 207 2718 2794 114 3839 3693 101 1441 2191 1254 959 248 2901 1465 2580 1321 1600 2080 316 2345 432 1833 2821 2240 3922 3745 2484 3955 2913 3037 1725 206 2714 1455 1665 2452 191 1638 3305 651 1488 2885 2337 3298 484 584 3574 3334 1070 2324 2578 165 1486 2974 2008 770 3829 670 732 1690 1565 1524 933 2389 2313 2074 2917 3184 3673 3148 3640 3626 1969 1525 348 3885 587 1084 1201 734 1818 2286 2577 1160 1313 1964 306 2533 1684 599 3001 1805 2829 443 1505 2020 433 1017 461 287 69 3545 939 2774 1099 3439 1546 2991 162 2859 3837 2153 541 2791 80 2056 3843 1548 1675 1729 2599 1958 549 3653 3881 425 2795 2674 2573 1187 3153 2007 2682 995 3288 2856 1334 2281 1890 3266 2144 3119 114 2880 303 1591 1192 319 1450 1782 3099 2446 2983 2401 503 1786 3112 2487 1945 1815 594 3183 2954 562 3729 2211 569 983 265 635 1980 702 1150 2846 3688 1786 231 3830 495 3684 3726 3266 1818 1125 75 2977 1703 1026 1666 2653 1893 492 1659 3766 462 136 2177 1680 2916 2459 1853 3551 3056 3417 3315 1873 1239 3632 1054 1883 2142 3088 2248 3912 1632 3325 2253 2430 1325 1399 368 1491 1830 872 62 3856 3222 719 1442 740 2259 1101
1088 1088 1088 1088 1088 1088 1088 1088 1088 1088 1088 1088 1088 1088 1088 1088 1088 1088 1088 1088 1088 1088 1088 1088 1088 1088 1088 1088 1088 1088 1088 1088 1088 1088 1088 1088 1088 1088 1088 1088 1088 1088 1088 1088 1088 1088 1088 1088 1088 1088 1088 1088 1088 1088 1088 1088 1088 1088 1088 1088 1088 1088 1088 1088 1088 1088 1088 1088 1088 1088 1088 1088 1088 1088 1088 1088 1088 1088 1088 1088 1088 1088 1088 1088 1088 1088 1088 1088 1088 1088 1088 1088 1088 1088 1088 1088 1088 1088 1088 1088 1088 1088 1088 1088 1088 1088 1088 1088 1088 1088 1088 1088 1088 1088 1088 1088 1088 1088 1088 1088 1088 1088 1088 1088 1088 1088 1088 1088 1088 1088 1088 1088 1088 1088 1088 1088 1088 1088 1088 1088 1088 1088 1088 1088 1088 1088 1088 1088 1088 1088 1088 1088 1088 1088 1088 1088 1088 1088 1088 1088 1088 1088 1088 1088 1088 1088 1088 1088 1088 1088 1088 1088 1088 1088 1088 1088 1088 1088 1088 1088 1088 1088 1088 1088 1088 1088 1088 1088 1088 1088 1088 1088 1088 1088 1088 1088 1088 1088 1088 1088 1088 1088 1088 1088 1088 1088 1088 1088 1088 1088 1088 1088 1088 1088 1088 1088 1088 1088 1088 1088 1088 1088 1088 1088 1088 1088 1088 1088 1088 1088 1088 1088 1088 1088 1088 1088 1088 1088 1088 1088 1088 1088 1088 1088 1088 1088 1088 1088 1088 1088 1088 1088 1088 1088 1088 1088 1088 1088 1088 1088 1088 1088 1088 1088 1088 1088 1088 1088 1088 1088 1088 1088 1088 1088 1088 1088 1088 1088 1088 1088 1088 1088 1088 1088 1088 1088 1088 1088 1088 1088 1088 1088 1088 1088 1088 1088 1088 1088 1088 1088 1088 1088 1088 1088 1088 1088 1088 1088 1088 1088 1088 1088 1088 1088 1088 1088 1088 1088 1088 1088 1088 1088 1088 1088 1088 1088 1088 1088 1088 1088 1088 1088 1088 1088 1088 1088 1088 1088 1088 1088 1088 1088 1088 1088 1088 1088 1088 1088 1088 1088 1088 1088 1088 1088 1088 1088 1088 1088 1088 1088 1088 1088 1088 1088 1088 1088 1088 1088 1088 1088 1088 1088 1088 1088 1088 1088 1088 1088 1088 1088 1088 1088 1088 1088 1088 1088 1088 1088 1088 1088 1088 1088 1088 1088 1088 1088 1088 1088 1088 1088
33 90 54 32 95 68 54 15 53 77 1 92 30 3 25 90 19 13 23 1 35 65 6 46 93 88 56 51 96 51 63 19 2 73 43 48 20 86 82 54 77 31 72 91 82 45 65 54 98 63 72 69 17 6 66 79 50 12 42 25 28 89 6 23 92 60 74 70 38 98 80 100 85 30 44 55 84 93 85 18 37 76 56 4 36 14 23 87 65 1 89 36 78 91 29 16 64 82 40 99 51 16 83 55 51 7 88 52 28 40 36 5 10 93 66 82 78 85 26 56 16 51 52 48 6 58 43 96 36 92 64 27 4 52 80 64 84 81 73 9 14 24 27 52 48 77 58 10 76 81 34 59 2 7 17 53 16 25 12 72 17 92 3 38 14 91 10 19 77 24 2 83 82 16 41 43 39 8 90 89 3 40 28 7 11 100 1 39 20 100 13 32 76 76 81 47 39 20 58 23 80 28 44 90 49 24 83 70 27 55 83 47 34 33 36 94 59 50 90 53 35 60 6 8 35 23 53 100 13 27 91 58 71 6 99 78 65 61 37 37 84 73 28 76 56 1 65 22 50 61 100 40 51 83 2 43 76 94 3 99 7 73 94 14 16 89 66 55 96 74 70 27 66 34 7 60 31 55 40 72 44 94 14 37 70 88 90 59 70 76 89 9 100 53 66 96 5 30 77 52 76 79 30 33 61 35 8 78 90 43 4 4 30 92 45 41 62 56 45 90 80 5 92 94 82 67 24 52 53 100 97 71 83 33 50 64 74 54 48 39 40 81 78 22 14 20 9 51 77 81 24 45 60 6 31 6 12 16 64 10 64 55 22 66 67 91 78 65 71 94 79 79 99 58 1 10 65 28 49 86 33 18 31 16 21 53 88 64 94 75 65 5 33 7 79 26 86 13 41 3
2 1
3 2
4 3
5 4
6 5
7 6
8 7
9 8
10 9
11 10
12 11
13 12
14 13
15 14
16 15
17 16
18 17
19 18
20 19
21 20
22 21
23 22
24 23
25 24
26 25
27 26
28 27
29 28
30 29
31 30
32 31
33 32
34 33
35 34
36 35
37 36
38 37
39 38
40 39
41 40
42 41
43 42
44 43
45 44
46 45
47 46
48 47
49 48
50 49
51 50
52 51
53 52
54 53
55 54
56 55
57 56
58 57
59 58
60 59
61 60
62 61
63 62
64 63
65 64
66 65
67 66
68 67
69 68
70 69
71 70
72 71
73 72
74 73
75 74
76 75
77 76
78 77
79 78
80 79
81 80
82 81
83 82
84 83
85 84
86 85
87 86
88 87
89 88
90 89
91 90
92 91
93 92
94 93
95 94
96 95
97 96
98 97
99 98
100 99
101 100
102 101
103 102
104 103
105 104
106 105
107 106
108 107
109 108
110 109
111 110
112 111
113 112
114 113
115 114
116 115
117 116
118 117
119 118
120 119
121 120
122 121
123 122
124 123
125 124
126 125
127 126
128 127
129 128
130 129
131 130
132 131
133 132
134 133
135 134
136 135
137 136
138 137
139 138
140 139
141 140
142 141
143 142
144 143
145 144
146 145
147 146
148 147
149 148
150 149
151 150
152 151
153 152
154 153
155 154
156 155
157 156
158 157
159 158
160 159
161 160
162 161
163 162
164 163
165 164
166 165
167 166
168 167
169 168
170 169
171 170
172 171
173 172
174 173
175 174
176 175
177 176
178 177
179 178
180 179
181 180
182 181
183 182
184 183
185 184
186 185
187 186
188 187
189 188
190 189
191 190
192 191
193 192
194 193
195 194
196 195
197 196
198 197
199 198
200 199
201 18
202 161
203 125
204 84
205 138
206 17
207 89
208 109
209 20
210 71
211 164
212 4
213 173
214 63
215 44
216 35
217 141
218 37
219 198
220 29
221 14
222 142
223 151
224 169
225 76
226 164
227 171
228 172
229 65
230 151
231 24
232 65
233 169
234 50
235 197
236 117
237 236
238 68
239 228
240 76
241 211
242 34
243 206
244 151
245 9
246 94
247 51
248 107
249 91
250 95
251 245
252 118
253 162
254 174
255 242
256 141
257 23
258 203
259 217
260 227
261 71
262 47
263 118
264 203
265 264
266 38
267 140
268 157
269 112
270 35
271 165
272 234
273 196
274 127
275 228
276 238
277 68
278 203
279 215
280 203
281 197
282 76
283 186
284 75
285 19
286 44
287 69
288 272
289 8
290 64
291 230
292 57
293 100
294 254
295 115
296 164
297 215
298 100
299 119
300 152
301 136
302 95
303 113
304 179
305 16
306 127
307 189
308 117
309 46
310 190
311 281
312 253
313 27
314 231
315 110
316 288
317 125
318 127
319 197
320 282
321 72
322 198
323 265
324 161
325 153
326 183
327 84
328 279
329 134
330 1
331 102
332 46
333 277
334 24
335 85
336 107
337 333
338 326
339 106
340 141
341 299
342 75
343 325
344 91
345 165
346 99
347 118
348 234
349 240
350 29
351 66
352 202
353 125
354 117
355 37
356 24
357 340
358 171
359 306
360 65
361 22
362 120
363 337
364 347
365 52
366 171
367 114
368 310
369 117
370 314
371 226
372 326
373 167
374 74
375 146
376 114
377 356
378 235
379 17
380 311
381 328
382 343
383 65
384 237
385 209
386 296
387 207
388 205
389 159
390 381
391 328
392 367
393 357
394 50
395 389
396 364
397 68
398 308
399 153
400 344