101 100
2 5
2 6
2 2
2 1
2 5
2 4
1 5
1 3
2 5
2 2
2 4
2 4
2 6
2 1
2 6
1 2
2 2
2 5
2 1
2 5
2 5
2 6
2 2
2 1
2 2
2 1
2 4
2 5
2 4
2 3
2 6
1 1
2 5
2 1
2 5
2 5
2 5
2 4
1 4
2 3
2 4
1 2
2 1
2 3
2 2
2 4
1 6
2 4
2 6
2 2
2 2
1 4
2 1
2 1
2 6
2 6
2 2
2 6
1 3
2 5
2 6
2 2
2 2
2 1
2 4
2 6
2 6
2 1
1 3
2 3
2 2
1 4
1 6
1 1
1 1
2 3
2 2
2 4
1 1
2 2
1 5
2 2
2 6
2 1
2 2
1 4
1 5
2 6
1 2
2 5
2 2
2 2
1 1
2 5
1 6
2 6
2 2
2 5
1 6
2 2
2 1
3 1
4 2
5 2
6 4
7 6
8 6
9 8
10 9
11 5
12 3
13 12
14 10
15 12
16 5
17 3
18 6
19 11
20 1
21 2
22 5
23 19
24 6
25 2
26 23
27 8
28 4
29 18
30 20
31 7
32 17
33 12
34 29
35 14
36 6
37 2
38 24
39 25
40 18
41 30
42 39
43 28
44 19
45 26
46 19
47 29
48 32
49 45
50 3
51 44
52 29
53 32
54 40
55 49
56 49
57 41
58 16
59 13
60 17
61 26
62 53
63 10
64 60
65 26
66 18
67 7
68 2
69 35
70 26
71 25
72 23
73 44
74 11
75 38
76 71
77 51
78 35
79 12
80 57
81 21
82 33
83 40
84 1
85 37
86 50
87 52
88 31
89 65
90 86
91 87
92 10
93 29
94 24
95 51
96 95
97 47
98 22
99 64
100 19
79 83
76 11
84 30
90 41
93 39
85 29
74 75
81 18
11 75
82 48
91 88
38 89
96 4
38 47
64 18
17 50
6 78
23 42
47 24
90 60
54 16
15 51
13 71
22 58
1 25
15 78
65 91
95 35
94 17
82 2
46 56
17 3
78 61
89 2
19 13
36 58
97 61
74 67
61 80
16 56
82 5
51 43
88 78
86 73
70 47
63 9
19 65
6 58
89 20
33 69
39 31
75 52
28 12
79 73
81 88
15 34
87 52
43 96
75 51
14 11
8 83
45 19
10 72
100 29
47 8
90 25
97 29
45 79
1 95
67 48
21 96
93 89
81 45
63 12
77 82
93 40
78 79
69 27
14 59
39 52
80 22
6 28
20 59
95 27
11 42
58 92
35 72
70 27
35 63
44 37
69 76
67 64
58 75
41 12
52 21
40 63
60 71
20 13
33 2
48 31