184
5
00101
11000
1 5
5 4
1 3
2 1
6
000110
100000
5 6
3 2
6 4
1 4
6 2
2
00
10
2 1
9
110001100
011100110
7 3
1 9
4 2
2 6
5 7
4 1
7 8
7 4
3
111
011
2 3
2 1
8
11100101
00101001
5 1
8 1
3 4
2 6
7 2
1 7
7 4
2
10
01
1 2
3
111
001
3 2
1 3
4
1011
0001
2 1
4 3
1 4
3
100
001
3 2
1 3
2
10
01
1 2
8
01000101
11000110
4 6
1 5
8 2
7 2
3 2
5 7
2 4
1
1
1
6
000000
110011
1 6
1 5
3 6
6 2
4 5
10
0100101100
1100111110
2 4
4 9
6 8
10 9
9 5
2 3
7 9
9 8
2 1
6
110101
010111
4 1
2 6
2 5
5 3
2 1
5
10101
11011
3 2
3 1
4 5
3 5
5
01000
11110
2 5
3 1
3 4
5 4
10
1000101100
1111101001
10 5
7 5
9 2
4 3
7 2
6 10
10 1
4 2
2 8
8
01110010
00011110
7 2
4 8
5 7
1 2
8 5
2 6
3 7
5
11001
11110
4 1
2 5
4 3
2 1
8
00010111
00110001
6 7
7 3
1 4
7 2
4 6
4 5
8 7
2
00
01
1 2
5
00000
11110
2 4
3 2
5 4
1 2
7
0001000
0010101
1 5
1 7
6 1
4 7
7 3
2 7
7
0100100
1110111
5 6
1 3
5 4
2 7
2 3
1 5
6
100101
101001
3 2
1 2
5 6
6 4
5 1
10
1011111100
1111100101
2 3
4 2
9 1
5 3
9 2
7 9
3 8
9 6
9 10
4
1111
1101
4 2
3 2
1 2
5
01101
11111
3 2
3 5
2 4
1 2
5
01001
01010
4 1
1 5
2 3
2 1
3
110
010
3 2
2 1
5
10000
11111
1 4
2 4
5 2
2 3
4
1101
1110
3 4
1 4
4 2
3
000
011
2 1
2 3
8
00000110
00000001
1 6
3 6
3 2
8 2
3 7
4 7
2 5
6
111000
011110
2 6
4 3
6 1
5 6
3 5
2
00
01
1 2
10
1001000001
0010100000
8 7
5 9
9 4
9 7
6 9
8 1
8 10
2 8
7 3
2
00
10
2 1
3
101
011
2 3
1 3
4
1010
0100
3 2
2 1
4 1
9
000101101
100010000
4 5
2 9
2 1
6 2
6 8
3 6
1 4
8 7
2
11
11
2 1
5
01001
00001
5 1
3 4
1 3
2 4
8
01100110
11110001
3 7
8 6
1 8
8 5
8 2
4 5
3 2
10
0101110001
1110110110
5 3
1 6
9 8
8 6
6 3
4 7
3 10
7 3
2 8
7
1000101
1010110
1 3
3 2
3 5
7 1
6 1
4 7
2
11
00
2 1
5
11101
11010
5 3
4 5
4 2
5 1
3
101
100
1 3
2 3
2
11
11
1 2
6
111010
001000
2 5
3 6
4 1
1 2
6 2
3
111
000
1 3
1 2
3
011
010
2 3
1 3
4
1001
0010
1 4
4 3
2 1
4
1111
1111
2 1
1 4
4 3
9
110010001
000111100
9 3
8 1
9 8
2 1
3 7
4 9
5 2
6 2
1
1
0
6
111110
001001
6 3
6 2
6 4
5 4
2 1
7
0101100
1000010
2 1
6 7
2 3
5 3
7 4
3 7
5
11100
00110
3 1
2 5
4 1
1 2
6
110111
110100
6 1
5 6
4 3
6 2
3 6
4
1001
1101
4 3
1 4
4 2
9
000011010
101110000
9 8
3 8
5 6
2 1
4 2
4 5
9 7
4 8
7
0011010
0100100
3 5
2 4
7 5
1 3
5 4
6 5
2
11
10
2 1
4
1011
1001
4 2
3 4
3 1
4
0010
1001
1 4
1 2
3 2
7
1000110
0011101
2 4
7 2
2 3
7 6
5 2
1 4
9
001001101
111001111
9 2
9 6
1 3
1 6
5 3
7 4
6 4
8 1
5
11001
10000
4 1
4 2
5 4
3 2
4
0001
0111
1 4
3 2
2 4
10
1110000110
0010010010
7 2
3 2
9 4
10 9
8 10
10 7
6 2
2 5
2 1
3
100
000
3 2
2 1
8
10000111
00101101
8 2
2 6
5 2
4 2
5 1
3 2
3 7
10
0110001111
0111111110
6 4
3 2
1 10
2 9
8 4
8 5
7 8
1 6
8 2
9
000100110
010111111
5 3
5 2
4 6
1 4
5 8
3 9
1 7
1 5
1
1
0
7
1100001
0010111
7 5
4 6
2 3
1 3
6 7
3 6
7
1101010
0110000
6 2
5 3
1 2
4 2
4 5
7 4
4
0111
0101
4 3
3 1
4 2
1
1
0
5
10100
01010
3 2
4 2
2 5
1 2
10
0110010101
1000110100
4 10
3 1
5 8
7 9
9 6
8 6
2 1
5 10
1 9
3
100
111
1 3
1 2
9
111110100
001100010
9 2
5 9
7 5
9 4
8 6
3 5
1 9
8 1
7
0010100
0010111
1 7
4 3
2 6
6 5
3 5
1 4
2
10
11
1 2
10
0111001110
1011001011
3 4
1 2
8 10
6 10
2 8
5 7
10 9
4 1
1 7
8
10010110
10100110
2 1
6 7
2 8
3 6
5 2
4 6
2 6
3
011
101
2 3
1 3
4
0001
0100
2 1
3 2
4 2
1
1
1
6
110110
110100
4 3
4 5
2 4
6 4
2 1
6
111001
010001
2 4
3 5
2 1
2 5
5 6
7
1001101
0011010
6 4
3 5
2 5
2 6
1 5
7 5
3
001
100
1 3
3 2
9
010011001
111111110
5 4
1 2
2 7
1 3
5 6
1 5
3 9
8 5
7
1110000
1111111
4 2
6 7
7 1
1 3
1 5
7 2
8
10111101
00001000
5 3
2 1
6 1
2 7
5 4
3 7
2 8
6
100100
111101
5 4
4 2
6 5
5 1
3 5
7
1010100
0100010
1 3
2 6
5 6
6 7
5 1
6 4
8
11011111
11011110
5 4
2 8
1 3
8 7
7 5
3 6
6 8
1
1
1
1
0
0
10
1011000101
0101011110
2 8
8 5
9 8
3 1
5 3
5 4
8 10
8 6
7 10
2
11
00
1 2
1
0
0
4
0010
0000
3 1
1 4
1 2
3
111
001
2 3
2 1
9
101101001
110000010
6 2
8 7
6 8
8 5
3 4
6 9
4 9
1 7
8
10100110
11000001
2 1
5 3
3 2
2 4
7 4
5 8
6 3
10
1000110100
0101001000
2 6
7 1
5 3
8 7
3 7
4 9
10 1
1 4
6 4
5
01001
11110
2 3
3 1
4 2
5 2
6
001011
000010
1 5
3 4
5 6
6 2
5 4
1
1
0
7
0001101
1101111
4 5
3 4
7 2
6 7
2 1
1 5
10
0101111001
1001010110
9 6
3 1
8 6
7 8
8 4
8 2
10 2
10 3
5 7
4
0001
1011
1 4
1 2
1 3
3
001
001
3 1
1 2
10
0011000001
0101100011
3 9
8 5
5 4
9 1
8 10
9 2
9 8
9 7
8 6
8
00000010
00101100
1 8
7 4
6 2
7 5
8 6
5 6
6 3
3
111
111
1 2
1 3
10
1001011000
1100101110
2 7
2 3
8 9
9 2
9 10
1 8
7 6
5 4
2 5
10
1010110110
0110111011
1 9
4 3
6 2
10 5
7 3
5 3
5 9
8 5
6 3
10
0111010010
1110101111
3 8
2 10
4 3
3 2
2 5
7 6
7 4
9 4
3 1
8
00001100
01110011
5 6
4 8
3 6
2 4
4 3
1 2
8 7
10
1011100000
0101010111
8 1
9 10
3 4
7 2
6 3
6 5
3 2
6 1
3 10
9
011001110
110001000
4 6
4 8
4 2
3 8
4 9
7 1
5 4
7 4
9
001101100
000101011
2 7
8 7
5 6
7 4
4 6
1 4
2 9
3 2
8
01101011
10001110
8 4
6 4
2 6
3 6
3 7
7 1
3 5
10
1011111011
1011110100
8 10
10 5
7 3
4 8
9 5
4 3
1 8
6 10
2 6
9
100100111
001011000
9 5
5 1
8 5
2 9
9 7
9 6
4 5
6 3
10
1010101100
0001100011
5 6
6 10
9 8
10 3
4 3
9 7
5 1
2 7
7 3
9
001001010
110110101
2 5
2 4
9 3
1 8
7 9
8 9
7 6
5 9
10
0100010010
0011001111
1 5
6 8
1 6
2 9
10 6
6 7
8 9
6 3
7 4
3
111
101
1 3
2 1
1
1
0
4
1111
1010
1 4
2 3
2 1
3
111
001
1 2
1 3
6
001001
101000
4 1
3 2
2 5
3 6
2 1
1
0
1
4
1101
0000
1 3
2 3
2 4
2
10
11
1 2
2
00
10
1 2
4
0101
1111
1 3
2 4
1 2
5
01110
01110
2 4
3 1
5 3
5 4
1
1
0
2
11
11
1 2
5
10001
11011
3 5
5 4
4 1
5 2
6
110111
101110
4 2
2 6
5 1
1 3
2 1
3
111
110
2 1
3 2
9
100010011
001000111
8 6
5 7
9 8
1 3
1 7
2 4
9 7
9 2
6
011001
010101
1 4
5 2
3 5
3 6
5 4
3
110
010
3 1
3 2
5
01100
10110
1 2
3 1
2 4
1 5
10
1100000000
1100000010
5 4
3 10
3 9
8 1
3 7
4 3
6 8
10 8
3 2
5
01010
10010
2 5
3 4
1 3
5 3
1
0
0
1
0
1
3
010
101
2 3
2 1
2
00
10
2 1
10
1010100011
0011100001
5 2
7 6
1 3
8 10
4 3
5 8
8 9
6 5
8 3
8
11011110
01011110
5 8
7 2
8 6
2 1
1 4
7 3
7 5
8
01010010
10110100
5 8
6 7
1 3
6 2
6 3
3 4
6 8
1
1
0
9
001101000
001001010
7 6
2 8
5 4
1 4
5 9
9 7
8 3
3 1
2
01
10
1 2
3
010
010
3 2
2 1
7
0001000
0011010
7 2
3 6
4 2
3 5
3 1
5 2
4
0000
0011
3 4
3 2
3 1
5
00101
00101
4 2
1 4
5 1
4 3
2
10
00
2 1
5
11100
11100
3 4
2 3
3 1
1 5
2
10
11
1 2
7
0001001
0111010
7 6
4 2
7 3
1 3
6 5
4 7
3
001
001
3 2
1 3
1
0
1
10
1010001010
1000000000
6 4
1 8
2 1
8 4
3 5
5 8
9 10
7 4
10 8
8
01000010
11001100
5 6
6 8
4 2
3 1
6 4
7 1
1 6
6
111001
011001
3 1
5 6
3 2
5 3
4 5
1
1
0
2
11
10
2 1