1000 2 1807
1678 4798 
8714 8151 
8191 7338 
2500 7409 
6844 2570 
5883 3934 
2566 5808 
506 24 
7487 9328 
1150 8270 
6385 8004 
7995 1428 
7432 9944 
8949 7281 
7267 2446 
8136 9888 
5143 8732 
5025 1504 
1324 9625 
1715 1556 
6398 6643 
2195 6867 
2877 7004 
3020 1640 
45 5144 
8300 9251 
6439 8608 
3141 6199 
6710 3155 
9196 7162 
5739 7008 
3021 6568 
9082 7469 
3126 8992 
9098 1651 
7703 9589 
3577 7743 
7977 9407 
661 4866 
6548 2856 
4084 6914 
3079 9375 
5454 1400 
4020 7512 
6398 2736 
5777 730 
420 4412 
4312 3695 
8309 5169 
5671 9720 
8234 3816 
3009 3335 
5869 3646 
6732 5154 
3487 7189 
7313 5463 
4485 4272 
5311 7811 
6310 1499 
7768 9081 
4110 9985 
9234 3537 
703 9684 
8167 6774 
5819 4105 
5062 87 
5258 361 
3760 8199 
5418 1057 
5548 6077 
7914 5282 
6003 3077 
3295 9490 
8468 5421 
2079 249 
3217 25 
984 6389 
5841 5535 
7738 3255 
2508 5772 
1017 2964 
3954 1965 
2300 7092 
7908 3431 
1537 4294 
6041 2127 
8743 8763 
1483 4034 
7153 1190 
5015 8607 
234 6290 
1088 2232 
9100 6956 
3501 4917 
9975 8325 
9030 7201 
5888 7666 
2923 2635 
3248 6427 
3534 5317 
9009 4527 
9764 4201 
9012 9886 
4439 3647 
2702 2654 
247 5592 
7430 9271 
8452 2055 
9656 279 
8486 6290 
3157 9983 
8422 9205 
3489 8723 
1858 319 
6516 9710 
6764 7572 
3562 1483 
219 5145 
3523 1038 
2041 4779 
2867 4329 
2164 1896 
4787 2295 
7918 5844 
1902 7781 
6876 4262 
3781 5955 
5018 8169 
3163 5640 
9638 1355 
3290 2875 
9200 193 
9100 9227 
3553 2209 
8835 3528 
5793 3878 
6178 6663 
2350 3856 
7137 6834 
76 3665 
749 4534 
8464 4322 
5893 3091 
2276 6828 
5071 1696 
7847 4911 
3809 36 
3321 8718 
8584 5534 
7731 6352 
692 5150 
7389 2609 
2730 1113 
2390 5167 
1137 9705 
7536 1054 
2805 5546 
401 7300 
1463 6351 
7299 8926 
5035 987 
2725 5625 
1961 8072 
8088 3145 
7741 5476 
4434 6646 
3015 2750 
5759 2074 
2939 8126 
4939 5877 
7906 7786 
2777 5177 
7319 5826 
8831 4222 
762 1765 
7064 8959 
7809 4025 
1264 4299 
8050 1975 
572 1653 
7707 4877 
7919 8580 
8779 3178 
6934 5891 
7845 8150 
7869 7794 
4916 1543 
8343 8052 
5553 2205 
6251 6047 
8655 6183 
1441 1551 
912 3083 
6937 1044 
3197 3154 
3316 7007 
626 1577 
6217 1353 
9952 1458 
6258 9499 
569 4465 
5532 8199 
5239 7727 
3195 494 
6821 699 
627 2728 
1701 8212 
2064 3967 
2808 6784 
1327 8612 
3993 1192 
1507 1977 
1219 5993 
3713 4917 
1462 2612 
4419 4819 
3094 3871 
9641 3555 
9116 643 
6980 4391 
2259 4428 
4521 5223 
6523 3820 
1380 8062 
1898 9288 
1618 4219 
9862 8377 
454 2097 
8861 6908 
7365 9352 
3581 4370 
6762 7290 
3820 9649 
6243 198 
433 4274 
6018 8864 
4009 289 
9549 3614 
7924 7151 
6558 3869 
4821 1987 
5683 746 
4629 7877 
7231 954 
5632 1026 
7095 3730 
38 5467 
6550 5120 
8572 3062 
4282 3648 
313 4619 
5493 3031 
3145 9704 
8269 9676 
2525 9518 
3756 1418 
921 2690 
1521 8176 
3125 9341 
5261 4961 
8140 7132 
7222 6308 
2176 9984 
1895 4693 
2916 2926 
6287 9362 
6353 1201 
8830 6958 
9986 7620 
4939 3490 
2424 6952 
8128 4391 
1430 3604 
7132 6493 
3766 5935 
9792 5064 
6642 3816 
4771 1629 
8316 175 
1662 4217 
3622 2330 
256 3739 
7851 7249 
1339 5109 
3908 5458 
9478 3246 
6948 1645 
2313 4579 
4621 4361 
4164 3042 
5976 3661 
5192 4029 
5105 6152 
9596 1533 
3320 7482 
1130 2845 
9970 2729 
8719 5003 
2341 6877 
3678 8490 
5984 7347 
2494 4434 
8193 5982 
1464 6670 
29 2705 
4202 573 
4395 3799 
7590 979 
889 6379 
4131 565 
8342 7872 
4571 7840 
4886 923 
6907 4082 
8241 2436 
6567 9871 
4709 2888 
1075 6189 
1839 458 
43 5097 
8694 909 
4300 6432 
400 4171 
1353 9559 
5322 514 
5591 6100 
4533 4482 
8209 6530 
5956 9248 
2757 9137 
6799 7094 
3428 7491 
339 672 
5078 7520 
7215 1857 
6916 899 
9080 9484 
7996 4187 
5862 1659 
4497 715 
1301 7148 
2824 4506 
4869 7870 
5500 1715 
6235 1865 
8859 9398 
7309 2259 
1399 5814 
2186 5836 
5174 3226 
9184 7971 
5474 8572 
1476 7118 
9450 4828 
7565 6662 
447 5389 
25 1353 
1911 4855 
1447 1174 
7949 4244 
5819 8276 
511 5668 
893 2044 
9311 8617 
7866 6970 
3923 362 
2482 3888 
6406 3684 
3400 5139 
7732 2053 
3798 8828 
3505 2640 
3574 8137 
883 9996 
8122 1305 
9139 3268 
6004 3523 
8352 5352 
6974 3264 
7884 5898 
2036 9084 
1118 19 
1973 8153 
8638 8908 
2374 6828 
8956 2133 
6751 9502 
5273 1713 
4908 8924 
7772 6231 
7054 3224 
5166 643 
1543 4470 
4911 8436 
2081 6447 
7903 7595 
2375 2721 
3781 322 
9626 5853 
6572 7107 
3150 3512 
5649 8892 
3962 6443 
1126 7074 
6988 8723 
9602 874 
211 7489 
4895 50 
835 3387 
954 4966 
3812 9353 
3607 2956 
9075 1065 
6298 9593 
6784 1068 
831 4537 
606 3879 
2979 6778 
1015 1059 
7129 1489 
5541 3421 
1638 1301 
6985 5414 
2725 9631 
2408 3492 
3475 7696 
2473 5151 
2132 8331 
8681 7301 
1229 3191 
5351 7063 
7639 7646 
4024 8441 
5427 6848 
2804 2934 
3120 9617 
8183 8154 
7319 166 
4001 5734 
2992 428 
8247 7184 
5065 3906 
8175 8016 
3254 1898 
9752 1972 
2828 4844 
2896 4333 
8565 7410 
987 7647 
5455 2605 
5043 4357 
9757 8623 
5042 8811 
85 3967 
3354 6178 
1856 8760 
5934 255 
1837 6346 
4935 6524 
9454 72 
656 5494 
9193 40 
7929 6014 
9832 9334 
4488 5656 
6474 7873 
3443 3087 
7824 2285 
967 7630 
3376 5359 
5252 8120 
2709 9188 
6575 7810 
9150 9658 
223 6676 
7931 6501 
3473 7467 
8227 8796 
6132 3546 
4832 5209 
157 4740 
4721 6285 
8180 4996 
8919 7897 
8917 7861 
9689 7126 
1792 3882 
4480 7279 
2345 9415 
3995 9233 
633 8934 
8397 370 
3995 4788 
7018 2951 
1296 193 
2429 6828 
9228 9876 
9957 9584 
2327 7028 
9172 6342 
8332 9167 
1583 9349 
7773 7607 
7040 233 
7997 4640 
7015 9712 
9236 9300 
3396 4317 
4111 6928 
2654 4345 
3822 4500 
6144 7053 
100 1638 
119 1530 
8826 9647 
2950 4913 
8460 7373 
7090 155 
3467 2432 
69 4498 
1930 9405 
1807 197 
4449 8173 
7296 3000 
6092 3551 
4048 9410 
8444 6146 
4840 5854 
357 6828 
5094 3051 
9807 6022 
5501 9212 
3206 8430 
4114 2392 
5498 7091 
5264 3754 
8079 9692 
8949 674 
9150 5138 
5282 7363 
5538 2369 
47 1747 
4492 4619 
5621 9614 
2864 485 
994 5011 
7205 5800 
4841 4581 
121 3761 
7920 5132 
8603 9314 
8784 738 
4847 6831 
3800 1190 
7357 4305 
1785 108 
7298 4807 
1387 1435 
2237 4064 
2695 2013 
4388 4946 
4940 2995 
2333 6614 
4395 8319 
4053 8377 
122 2920 
3116 2300 
9429 4537 
2519 6805 
648 9090 
1949 4444 
2054 4949 
2507 1344 
565 8490 
4720 3215 
9647 5852 
8737 6945 
4867 1514 
2662 1822 
4818 5143 
6075 7347 
6930 2186 
3776 7489 
3487 655 
377 6478 
1077 8004 
9646 483 
2215 8237 
9597 572 
7435 4752 
4788 7914 
8044 218 
9783 2532 
1479 2440 
8432 9058 
1486 5871 
9209 209 
1784 8420 
8148 2546 
2526 4 
7012 5355 
2208 7102 
9681 4708 
1166 3684 
4296 3035 
4495 8414 
4600 7777 
398 551 
2407 3978 
9128 2174 
3595 7025 
7695 9686 
1889 146 
2586 2518 
5561 8910 
7299 9977 
4344 4011 
1160 895 
1541 9537 
4154 3995 
5036 4686 
5249 9555 
2671 7890 
2933 3299 
1360 7140 
1287 7050 
4679 779 
7878 8348 
7138 2230 
8314 4558 
3584 5317 
6605 9597 
837 7358 
7629 311 
4458 3481 
4667 4704 
9370 531 
8415 3599 
6374 7743 
9042 6671 
8754 4480 
6834 8062 
7461 6257 
1810 2865 
8797 5997 
3287 2670 
4184 3959 
3020 3488 
8668 1444 
9679 8167 
2384 8956 
3362 1285 
1137 1932 
6683 1571 
5167 1479 
9412 6986 
2925 6320 
3771 7082 
8532 6626 
9331 534 
8944 4760 
6418 7877 
5057 3573 
2769 5331 
7052 1245 
3487 6270 
4680 6426 
958 970 
8833 3081 
7076 4301 
4729 3178 
8379 2580 
1521 5059 
6386 4972 
4548 2350 
8330 5946 
5133 8870 
2905 2019 
5404 7294 
123 3268 
2693 9098 
3276 76 
2401 4468 
4527 4765 
9947 3512 
9386 2815 
1620 6105 
2167 8829 
4703 7562 
3621 5430 
9334 1317 
2357 4509 
1267 8871 
3486 3289 
3736 4802 
362 7397 
2168 8090 
7174 1521 
443 969 
5733 2672 
1150 9115 
7997 9768 
1648 9874 
7881 3061 
9174 4211 
7942 3031 
2312 5687 
9302 3583 
9363 2476 
7072 9878 
1205 2881 
2350 389 
1235 4333 
3117 1470 
934 6329 
8001 7522 
7162 3137 
5342 8009 
5966 8503 
4320 9837 
6983 8288 
7476 527 
7308 5989 
1772 6881 
4267 1171 
1631 2746 
6195 4732 
9543 4165 
1880 6388 
3570 4498 
1219 132 
161 7363 
1887 1595 
3164 1136 
7485 6200 
7708 1076 
8352 3888 
6383 4318 
1922 7278 
6776 7042 
765 4494 
1484 9141 
7219 7202 
1750 8756 
4455 2062 
6596 653 
9905 8315 
9352 2388 
8350 8487 
9431 4767 
8301 7923 
7789 4923 
5331 2468 
6376 4453 
1800 4547 
8745 8658 
4584 8269 
3782 9143 
19 6259 
6074 5954 
4654 6267 
7427 5455 
2640 2285 
3523 6179 
5045 8007 
7456 9605 
5918 1466 
6260 9584 
4623 9818 
9101 5443 
1776 1026 
2798 2801 
8685 5870 
8253 1009 
4742 1455 
5907 3151 
8991 8763 
8591 7881 
5136 7098 
7923 7858 
2102 7866 
3510 8627 
9793 28 
9216 1509 
1924 3812 
6145 104 
7497 3533 
666 7520 
5146 4947 
4689 2866 
9833 2343 
7410 2955 
4233 2638 
3497 4522 
1282 7683 
7865 8369 
6193 1312 
1032 839 
1013 6809 
5585 4313 
8275 433 
8209 8485 
7507 9011 
7594 2942 
577 1515 
4771 203 
1101 4010 
9509 7351 
8716 3813 
9264 7122 
3141 1046 
9412 5950 
340 7882 
3401 8147 
2554 5953 
8823 8908 
1387 2 
590 504 
7455 7796 
6064 6299 
8001 6870 
8290 2218 
3219 5064 
8366 8130 
3672 1039 
8356 7489 
7369 1109 
645 603 
4737 5351 
8646 2327 
5632 1541 
3267 863 
6892 4037 
6633 1747 
1227 5009 
3211 1303 
4907 1556 
7742 689 
8410 8769 
7373 2556 
8382 6589 
7013 6616 
3262 4879 
6810 7799 
583 1495 
4737 3457 
9576 6836 
6836 3729 
4070 7516 
9873 9494 
953 3881 
571 723 
2493 6998 
2919 9279 
1346 3734 
5456 1669 
1309 9965 
3236 7253 
245 8229 
4037 3074 
838 8554 
1465 9731 
9121 510 
3050 5842 
3274 9127 
5542 8255 
3160 8460 
7104 4558 
4601 9083 
4558 8884 
5068 454 
8777 9022 
37 2625 
8480 8507 
8493 8037 
7573 8189 
6703 6193 
4158 6635 
8187 7524 
7125 1698 
6551 6612 
7049 848 
9977 8330 
9883 984 
6078 2819 
2514 4177 
3431 7665 
4439 6534 
6551 4136 
3641 5895 
134 8353 
9962 7798 
1136 299 
3360 2364 
8935 7493 
6102 1330 
477 3189 
5097 5496 
7115 1316 
8683 9185 
3533 9631 
8275 3348 
4067 8503 
9482 2413 
3841 2242 
2064 3051 
816 4297 
2805 5487 
4395 9528 
2704 3347 
6035 1793 
4380 8417 
6284 8424 
4982 1303 
4878 9640 
9632 4634 
6276 4525 
6289 4591 
9824 7993 
9187 8452 
7733 9280 
8163 5429 
2668 1803 
1413 504 
5792 3416 
5501 7778 
1649 5448 
887 9343 
2373 6416 
5584 3726 
7026 6536 
2635 2802 
4629 3519 
877 6978 
9215 2982 
8768 217 
1970 9280 
8052 4023 
8632 8505 
6442 7247 
5709 9804 
2487 2968 
8752 1722 
7127 1436 
790 442 
312 43 
4871 2532 
9226 41 
7903 6085 
3653 3355 
3390 2206 
2563 382 
553 116 
6962 9761 
8135 1346 
436 9558 
6980 5522 
8047 4341 
3025 2808 
1213 7433 
4530 8 
3580 4016 
350 5322 
3775 8303 
2707 3645 
8940 28 
1679 2449 
5916 5331 
7353 3116 
9246 8977 
9526 6262 
9588 6428 
5396 9164 
1972 1097 
6562 5681 
6472 1892 
3942 7449 
6974 3804 
2950 9084 
3353 1989 
1119 2153 
2063 7076 
1650 5088 
3977 9750 
705 3318 
2902 9961 
5815 69 
9080 9745 
9325 1274 
342 8661 
6869 3477 
8 1199 
1891 7805 
3838 8448 
6431 6921 
2329 410 
9749 5736 
2751 5395 
2629 6970 
3916 8137 
