1000 343 240 117616072 312108765
792846306 909821371 796811116 162616913 177969999 81965064 2952
28378 937759433 194733040 196691552 332986353 217035721 7037920
36 200854720 781463977 930126556 732731929 621808181 168703619 
230923739 235694886 154502847 753772781 105876197 553974380 950
730704 49087539 123339160 276438148 437686939 480244482 7486530
45 279733698 728925641 486560397 709940825 110793208 505383766 
485251801 251108041 765516174 328248771 601502076 248678438 475
3319 252322339 786352376 916575660 356854451 124166539 52696711
7 573156059 564289244 884441027 687515010 885743084 636590078 7
13004600 447635386 17422032 82621363 386092654 384583278 637238
329 38530925 604081336 544927781 615741812 457601443 805429496 
703858570 183678793 671179126 606382879 356765433 79409873 5010
27455 384752140 56095290 963709363 173567546 947136997 79001974
4 984637970 318501295 12380314 58738556 438527790 391946595 280
69581 57198382 169777363 187964836 436997905 60444604 442016252
 238874572 152245992 690842435 819713964 504912807 293015973 69
505210 600571583 175454769 557509544 822583220 923823511 248612
695 98353864 831916278 119300044 30044203 725476708 647598870 4
78562546 620829474 628617889 168801266 446825087 295233145 2926
9671 946126568 595821329 412140685 306696815 174512491 96218237
4 682639063 416372975 311000914 440405118 874844681 839060318 2
19250779 744184731 109326375 274225403 683088912 61280848 38660
0828 228686025 27891429 203587272 614291681 407676427 568606653
 199930403 946014304 102998035 916779291 361432692 131529020 10
8609925 722916557 810381142 711291256 136552949 471620968 57472
4435 596209515 316290148 782290830 578600855 313439227 56669295
7 620754117 897499615 672232518 243404311 818613493 735912810 5
98050255 959297224 279378367 892768772 9969554 477094091 461025
827 321674350 96636415 157245200 357633168 51089299 500949459 5
83781451 484054806 581786865 332817252 869771513 938701947 4643
62340 20567671 901558425 5678694 205964606 994642186 600500428 
880220358 543552092 61918531 726315169 142488329 620154753 6931
43653 522660514 985036083 601010801 76983628 666998447 81293292
8 70180341 254391128 352428841 85217905 920691362 941924785 805
613673 468051599 906753426 60580933 634573376 817238831 6319221
73 274150625 181711729 179560128 576711146 672320100 813404506 
957010162 557476956 167474055 427960405 790168526 93010874 2770
36175 245739252 767897994 888584795 169165770 342319371 7365698
63 719588108 586184991 820855151 772433814 114393561 249838140 
59036050 910684616 981712911 813113095 155376190 269804040 1394
94255 399342333 244389532 812681685 527010090 95914281 20601960
0 987971134 872454073 331039394 260567801 109080714 965921400 1
62944551 649946789 112412553 992792453 214840647 561368519 5816
1328 53204279 526963605 188558334 446656443 51544394 163708496 
108755974 562100060 997199730 347692731 633231345 890598769 895
70183 903944882 739462969 244288083 515290691 252902723 6524185
77 682640078 866026244 584998093 467635454 617767626 358921721 
489021491 687690070 211913938 372708993 564708588 553196151 686
973082 31577477 909247361 775237932 220069414 586617825 6502077
60 544372298 778136872 397301343 168938741 488032929 616868667 
905036180 18062202 315402245 348291978 32469980 250527935 66865
0450 465209156 645908105 5203270 624423635 160801754 563390025 
898211527 753232429 411355841 523206196 865382327 754570535 713
261220 619897233 829652538 325829811 589885490 874863135 850324
068 831580823 381851107 733620794 993019741 62978681 517153265 
915946317 592034668 194128799 601208229 477922107 354996993 384
490001 284841929 199799952 69751186 344040049 370272980 2204320
44 498118313 976820749 723492388 908452194 182300613 247379348 
140934822 636943750 837703074 474053793 631352556 481624618 720
827809 262152231 634685713 269174703 367205200 456218323 979664
119 928311516 511748437 386319571 112047184 965747108 346955871
 908429664 889186177 241150128 439812439 809351433 711570188 20
7693879 307188994 95344326 187826423 18377004 504943735 6721337
52 30413766 560526460 116882159 615076921 25784785 416948497 35
1935917 380369578 564389545 892135889 195342204 708662835 31579
2289 446664959 452797584 269572268 222249238 636277617 93387359
7 573309993 589626106 557884549 147253751 563516340 850508990 7
14643344 819014996 880715934 887378824 39303724 491354901 98580
2168 512996950 999013496 874651830 203448446 156858372 67223099
8 898774132 688068452 959894853 135881393 489620617 182307235 8
70575254 63524880 499870498 570423920 724871251 419294969 60944
5788 231292802 972879773 90917130 697181957 726685093 819281603
 578868674 866138510 516752494 931298699 480046454 446364634 84
2902784 887528724 995558227 166477107 807891571 394554245 72789
6603 546828477 157756850 948125640 995152372 805900290 88652276
6 244295595 94145134 210937577 294652446 154414828 280283504 93
4653497 81965600 182557636 61424238 516175778 342401382 6074855
87 193381583 615622818 204446346 522472961 198789337 742590960 
59084577 439492815 134100760 602465787 288398328 716260084 2912
06954 827214202 876396757 707790324 97014034 992563411 74528579
7 982503081 777451318 226564180 768890184 643772054 985736913 9
12095400 472391574 629466506 800280725 86513618 760887664 52899
6389 936307156 412227565 607978849 635897619 671199139 77193649
1 62218318 515316848 413708262 890847062 82707196 774957910 131
600444 505641201 973999867 388322484 570403771 713836497 665628
743 87579729 292082517 256844757 276761211 722207104 779239432 
556173725 319676780 436588330 737659247 979283304 557050297 913
411051 918412198 335388971 558991007 378330619 622551300 117713
051 893837814 497237079 600195459 186224326 657708535 705818359
 940186888 490456603 237706211 545092082 250357980 340782454 26
760187 894558706 186262055 964950221 987892435 171789468 578704
860 163473868 117881847 639557217 447738105 223779193 789727895
 537786423 519711349 926096625 419926461 628031052 564254573 35
6011002 994926334 4617941 235198443 187905713 873498099 3040731
70 798584237 868744554 248269895 53008208 942375084 285058914 2
26045036 199044698 152120229 507314801 530755947 62959523 30937
2148 107723918 225885127 528369586 222603693 84148458 197204990
 913736095 492421049 768007261 969258381 829722148 873188024 81
9890232 178347865 466143606 42131132 295050214 131185720 868630
488 283094973 521568318 152945658 239950963 419746669 565003 21
363472 475496141 515411750 929460349 755372929 42448378 1888622
95 320769989 216355303 422457649 657548606 943942147 908824768 
252535363 418596968 604335025 84428496 838009045 71891430 90474
91 542743204 72543168 333103978 427466111 755403070 186511287 6
41508782 695942521 262562771 835333186 848260926 44569626 64935
6363 739440091 869460386 279065866 483441010 557529944 66539345
 223223875 6600802 396773019 176473525 159285337 122305763 4530
69352 222449742 652018043 550916369 341266796 763410022 6963218
95 958428360 337579175 941422222 226648844 119288744 398906418 
362523562 414705498 921674526 856264264 775599774 996339876 887
407012 13420308 277276065 544042909 872726687 395576734 8492523
13 470660902 46480194 382144836 624693344 389529426 171281640 2
28386793 910969460 731607638 475332113 978439386 830577422 1430
33545 40666097 935694804 267731557 694289057 585757484 41494047
5 811664918 317722518 271918139 298022767 160532001 895787641 3
75747763 595032564 671873831 710417774 897236945 440920257 4739
99955 465050880 492403968 615787531 684931312 978256280 1378402
37 532306876 315990543 593806127 655016780 494633710 207504002 
51637710 886939636 727668426 914205597 429449085 753535248 5929
88329 234889115 283139572 474278883 353679100 372535064 8232034
65 947561242 957079285 313956724 783129981 625268576 672067559 
843516664 957363227 700055836 608423015 286618021 190722043 808
920643 569366617 480227292 346515554 166561711 421333346 216558
011 871706137 139299640 916578086 919173515 20777514 700045460 
851397563 937353287 50822553 506377714 276086988 965734059 5981
7662 254404619 471672114 593106558 911352454 743063531 59253920
5 737523954 960142275 59689314 699173169 820200621 75150991 468
269395 884488281 650110847 100467424 911803743 363210264 155492
67 931576166 650162462 88582127 96461876 632966462 917577804 15
1349260 682298507 979241198 244509191 607743820 999919374 15294
3143 404314948 889117236 941016269 234971187 298807052 76218189
2 304839611 330970620 311607482 298010242 389659166 312056880 3
45656307 151432974 644030592 322741923 888744778 254998628 1052
35951 922997003 199174276 133249834 595785817 268616886 1992242
4 631966205 541837143 257561139 417293395 617369802 564406002 1
97461293 532797869 937222805 361604247 554678889 697834927 3064
89818 205268547 776288378 44699459 245287899 814629974 21748552
3 159225817 210475168 226706455 287720102 69771543 70544445 389
05113 102579977 247383380 964275491 270731669 679923465 5783612
51 808618142 879986316 38253172 945858422 328985467 259016792 8
17506373 400360995 159621468 265847285 175553874 744869291 2827
26197 583416917 999202382 520770572 977816301 673186293 4948004
57 793339595 257305689 632564495 315108776 485226996 261430286 
740661625 923316870 43310659 146465296 969413242 669385065 9034
0739 125694037 816696365 574867801 945841586 958016209 10055884
3 739820721 155129987 279068530 687190914 202971468 240418012 7
71686734 882743475 168874668 134175105 729414253 831149293 1945
15390 682183653 710969269 185688867 973050460 663002155 2035097
14 224142905 864328108 343577145 935702977 81783685 202280128 7
45302126 986361269 499148352 739611361 688339459 874068277 9129
43987 33446486 257582317 486709096 99674935 314164950 228421136
 623647083 95022552 710332260 936254335 90635404 42344227 69891
7459 491466308 462548269 684330083 197964833 701030378 21151764
3 570828369 755395896 141578165 849437113 977146310 194892524 3
62758539 641736234 945950331 872621947 729090873 928011806 4972
76385 386588636 672142044 505783155 750192568 236709162 8723815
92 892712489 157150499 566814129 505573382 235247238 171526051

