3 45
819443 -1 -1 -1 947076 149863 414719 536930 766764 -1 -1 -1 -1 -1 -1 388273 -1 -1 453919 -1 300496 -1 -1 -1 246245 455519 642902 416261 -1 339842 -1 -1 975213 -1 -1 532382 736810 -1 130144 689686 -1 -1 -1 -1
-1 -1 680513 150127 -1 332005 15070 130847 -1 -1 224922 344742 -1 -1 758577 -1 753442 942161 745809 -1 527392 719894 -1 -1 -1 -1 673438 -1 -1 -1 967838 -1 761066 -1 710192 130697 -1 -1 513441 7889 -1 -1 -1
-1 -1 517948 -1 -1 106846 689877 -1 612728 -1 708814 -1 -1 -1 -1 -1 -1 -1 -1 562389 751417 979358 -1 207499 -1 199046 -1 409464 -1 -1 -1 -1 -1 -1 -1 -1 309474 809393 -1 991193 -1 -1
-1 -1 -1 454891 -1 601472 -1 -1 -1 314494 -1 -1 -1 -1 812988 -1 628649 -1 478179 -1 -1 -1 -1 -1 -1 748415 -1 230359 744222 -1 821484 551535 -1 -1 -1 -1 248640 -1 -1 -1 -1
813428 754164 334596 -1 -1 -1 847204 855428 -1 -1 624837 688199 88243 -1 -1 -1 423972 847339 -1 740754 -1 222871 -1 -1 -1 -1 324727 -1 -1 85011 -1 153742 -1 -1 541411 655447 -1 -1 265531 -1
-1 -1 -1 581228 -1 -1 -1 -1 -1 -1 604300 687105 851799 -1 508859 -1 185234 758101 435119 -1 633909 465649 -1 -1 -1 -1 -1 583752 -1 -1 -1 -1 424713 -1 863255 705914 70570 -1 440601
-1 -1 728512 -1 -1 947245 -1 -1 471181 -1 886751 -1 409903 -1 -1 157982 -1 459517 -1 465074 -1 752809 51477 771278 -1 -1 -1 -1 -1 -1 -1 -1 -1 160334 -1 -1 -1 -1
-1 67861 -1 578734 -1 605695 -1 -1 -1 -1 -1 -1 966511 -1 475940 637722 -1 -1 -1 -1 404387 899710 -1 -1 -1 -1 -1 631593 -1 327574 -1 -1 691102 274266 -1 212267 -1
-1 -1 953948 -1 -1 -1 682510 -1 -1 533275 -1 -1 112489 206370 904013 391265 266314 882167 -1 621599 -1 -1 -1 -1 483143 773292 146383 369144 -1 -1 -1 -1 897145 -1 634266 -1
338462 323497 -1 474808 953752 784023 722422 -1 -1 -1 921129 -1 440630 -1 -1 -1 -1 194021 572273 -1 -1 332312 -1 146364 40325 1893 444259 -1 -1 -1 366753 362713 -1 461502 -1
-1 5827 -1 112277 -1 595651 -1 -1 -1 381914 -1 -1 -1 -1 913609 -1 262028 -1 -1 -1 961787 -1 -1 708300 103042 -1 635273 -1 -1 -1 258597 -1 549960 -1
89715 -1 -1 -1 -1 -1 143431 -1 -1 -1 -1 172428 370095 -1 -1 -1 -1 109339 823174 -1 955856 -1 -1 -1 -1 -1 24328 332211 -1 -1 -1 -1 -1
-1 -1 -1 859874 857844 -1 314270 -1 606379 893770 -1 -1 -1 52701 -1 -1 -1 151654 -1 -1 726435 -1 -1 628297 568860 94319 -1 435157 -1 113834 987778 -1
230046 -1 734658 523003 -1 -1 995195 67721 -1 -1 855713 -1 -1 656944 -1 -1 -1 -1 448624 -1 314675 -1 -1 -1 -1 -1 -1 712958 509113 -1 -1
-1 995274 380089 -1 875270 -1 -1 761509 -1 -1 -1 -1 872129 -1 808718 -1 -1 -1 -1 -1 -1 -1 -1 830755 -1 -1 -1 -1 -1 894451
-1 -1 -1 148936 -1 -1 -1 -1 538923 607343 742153 -1 -1 -1 -1 -1 817485 453310 76363 811635 599025 636679 -1 -1 -1 88424 439929 377992 -1
442864 931268 383655 748694 -1 -1 81971 -1 884655 722756 -1 -1 260712 736001 -1 -1 -1 -1 -1 163980 683185 674843 -1 -1 761298 461047 339233 -1
-1 49669 -1 14716 -1 -1 780459 757120 175617 641212 874627 788433 -1 638281 -1 -1 -1 653645 -1 -1 -1 724200 -1 -1 431148 132174 -1
590186 454113 -1 -1 837474 -1 -1 99894 993871 -1 -1 -1 -1 835683 522976 155616 -1 265846 -1 -1 -1 62938 -1 573652 55201 -1
-1 -1 611871 707010 -1 -1 673072 -1 821616 648542 -1 453417 -1 -1 -1 -1 -1 -1 -1 169065 -1 929210 255526 697907 464081
480862 -1 -1 338428 -1 -1 314177 333674 -1 -1 -1 -1 723404 564778 -1 -1 -1 -1 695651 -1 -1 -1 435333 179190
-1 669276 -1 -1 -1 324736 -1 -1 -1 -1 281404 -1 -1 -1 285205 -1 -1 597526 -1 467995 -1 -1 -1
-1 -1 362219 294076 -1 116693 -1 -1 -1 -1 -1 -1 -1 120853 -1 39133 901131 353978 -1 258904 668095 -1
-1 -1 -1 844262 14992 -1 -1 152268 321883 -1 -1 -1 667568 -1 -1 -1 481538 -1 117884 346139 -1
651731 -1 -1 520655 100127 508324 -1 -1 -1 835921 -1 95385 -1 658084 -1 416518 881338 -1 -1 -1
-1 -1 -1 854152 -1 73789 -1 714849 54740 -1 -1 -1 -1 -1 -1 -1 -1 -1 -1
130448 -1 693302 -1 59778 -1 869345 -1 978859 -1 568940 -1 -1 -1 49889 -1 -1 297456
-1 267513 388145 467710 -1 317662 -1 393845 676257 841796 340248 876198 -1 -1 421132 -1 -1
737526 386633 822543 -1 -1 -1 528219 325089 230216 -1 -1 -1 -1 894555 105170 -1
-1 -1 -1 -1 406023 -1 -1 359280 -1 -1 -1 853787 -1 -1 -1
-1 -1 -1 901847 -1 -1 -1 -1 647912 51821 964587 -1 -1 707409
214678 -1 -1 -1 434198 -1 493967 147772 -1 987571 453497 -1 -1
76323 -1 -1 121710 -1 -1 464961 -1 438969 783261 -1 -1
-1 -1 -1 601016 -1 73225 137144 867503 369114 -1 -1
432243 791658 -1 17068 -1 -1 -1 -1 -1 -1
-1 567614 -1 500887 -1 -1 200950 26085 141868
-1 -1 -1 192415 -1 -1 820237 -1
-1 -1 -1 -1 -1 -1 917356
-1 246522 -1 -1 -1 -1
-1 376173 -1 -1 464200
110257 604290 98465 -1
-1 446017 617050
-1 -1
884049