3000
2999
3000
3000
2951
2954
2997
3000
2999
2994
2999
2998
3000
2999
3000
2999
2953
2993
3000
2930
2998
2999
3000
3000
2999
2999
3000
2999
2999
3000
2999
2999
2996
2998
2965
3000
2994
2995
2991
3000
3000
2997
3000
2999
2996
3000
2997
2998
2999
2916
3000
3000
3000
2995
3000
2998
2952
3000
3000
2997
2997
3000
2998
2990
3000
2972
3000
2998
2997
3000
2998
2996
2987
2998
2999
2998
2996
2982
2999
2995
3000
2999
2999
2998
2995
2999
2999
3000
2987
3000
2998
3000
2997
2992
3000
3000
3000
2999
3000
3000
2961
2997
3000
3000
2999
2999
3000
3000
2999
2988
2985
2936
2999
2999
2998
3000
3000
2996
3000
2997
3000
2999
2999
2999
3000
2999
3000
2995
3000
2999
3000
2991
2982
2966
2996
2998
3000
2999
2955
3000
3000
3000
2997
2995
3000
3000
2998
2997
3000
2997
3000
2991
3000
3000
3000
3000
2999
2990
2995
2998
3000
2998
2945
2989
2929
3000
3000
2997
3000
2999
3000
2999
3000
2982
3000
3000
3000
3000
3000
2999
2985
3000
2999
2402
2991
2995
2997
2995
2987
3000
2999
2994
2999
2965
2999
2926
2999
2999
3000
2985
2903
2999
2999
2999
3000
3000
3000
2992
2990
2976
2943
2999
2997
3000
3000
2994
2997
3000
2956
3000
3000
3000
2947
2999
3000
3000
2998
2999
2999
2998
2999
2999
3000
2998
2998
2996
2987
2983
2985
2996
2984
2994
3000
2998
2998
2998
2976
3000
2998
2921
3000
3000
2994
2963
3000
2999
2995
2997
2994
3000
2999
2998
3000
2999
2999
2997
3000
2998
3000
2999
2953
2999
2992
2996
3000
2997
2999
2993
3000
2995
3000
2998
2997
2994
2976
2994
2999
2954
2995
3000
3000
3000
3000
2997
2999
3000
2995
2992
2999
3000
3000
2998
2994
3000
3000
3000
2999
2943
2994
2996
2582
2971
2994
2967
3000
2996
3000
2995
2996
3000
3000
3000
2993
2938
3000
2996
2988
2996
2996
3000
2985
2998
3000
2998
3000
2933
3000
2997
2999
3000
2994
2996
2973
2999
2978
3000
3000
2996
3000
3000
2999
2994
2786
2999
2998
3000
2992
2997
3000
3000
3000
2987
2993
2997
3000
3000
2999
2997
2997
2994
2998
3000
2997
3000
3000
3000
2997
2971
3000
2991
3000
2997
2999
3000
2984
2998
2999
2998
2999
2999
2990
3000
2999
2997
3000
2416
2999
2999
2983
2999
3000
2993
3000
2987
3000
2999
2943
3000
3000
2997
2996
3000
2999
3000
3000
3000
3000
3000
2997
2994
3000
2992
2997
3000
2998
3000
2999
2997
2999
3000
2999
2999
3000
2984
2988
2992
2980
2985
2532
3000
2993
2997
2999
3000
2997
2983
2999
2998
2999
2988
2907
2999
3000
2993
2938
2997
2995
2838
2944
3000
2999
2998
3000
3000
2999
2995
2993
2995
2997
2997
3000
2999
2997
2999
3000
2988
3000
2997
3000
2995
2999
2947
2997
2997
2999
3000
2999
2949
2999
2995
3000
3000
2995
2998
2999
3000
3000
2999
2999
2997
3000
2999
2997
2995
2993
2984
3000
2997
3000
2810
2999
2992
2999
2997
2987
2979
2999
2999
2977
2997
2999
2999
2984
3000
2983
2999
2999
2999
3000
2996
2994
3000
2997
3000
2999
2996
3000
2821
3000
2999
2995
2998
2999
3000
2997
2999
2999
2995
3000
2995
3000
3000
3000
2992
2997
2996
3000
2997
2994
2994
2999
2999
2428
3000
2993
2836
2994
2996
2997
2992
2999
2992
2998
2969
2696
2998
3000
3000
2977
2999
2997
2939
2998
2999
2992
2999
2999
2913
3000
3000
3000
2995
2217
3000
2998
2995
2999
3000
2982
3000
2998
3000
2992
2998
2997
2987
2969
2988
2917
2997
2999
3000
2998
2997
3000
3000
2991
2999
2999
3000
2998
3000
2999
2999
2950
2973
2985
2998
2999
2999
2990
2998
2999
2996
3000
3000
2999
2982
2999
2992
2547
2999
3000
2999
2991
3000
3000
2941
2999
2998
2996
2999
2999
2999
2994
3000
3000
2995
2996
2998
3000
3000
3000
2979
3000
2977
2930
2965
3000
2998
3000
2999
3000
2677
2996
2997
3000
2801
2993
2907
2997
2539
2999
3000
2994
2991
3000
2999
2922
2999
2666
2999
3000
2997
3000
2998
3000
2990
2993
2999
2792
2991
2999
2999
2998
2983
3000
2996
3000
2997
2961
3000
2997
2999
3000
2987
3000
2999
3000
3000
2995
3000
2999
2951
3000
2991
2997
3000
3000
3000
3000
2990
2997
2987
3000
2999
2995
2954
2888
2999
2998
3000
2997
2994
2989
2999
2921
3000
3000
3000
2997
2999
2987
2997
3000
2999
2997
2994
2997
2999
3000
2998
3000
3000
3000
2989
2959
3000
2993
2995
2993
2992
2982
2998
3000
2999
3000
2997
3000
2999
3000
2992
2844
3000
2999
3000
2999
2994
2903
2987
2999
2889
2992
2520
3000
3000
2995
2990
2668
2987
2987
2994
2998
2997
2994
2998
2993
2998
2961
2704
3000
2999
2996
3000
3000
2997
2999
2981
2997
2990
2998
2997
2999
2999
2998
2953
2980
3000
2722
2597
3000
3000
2984
2998
2997
2998
2999
3000
3000
2636
2999
2960
3000
2997
2999
3000
2995
2995
2989
2715
3000
3000
2999
3000
2991
2999
2952
3000
2997
2998
2990
2999
2997
2992
2998
2980
2999
2963
2999
2886
2999
2989
2998
2997
3000
2990
3000
2948
3000
2941
3000
3000
3000
2996
2991
3000
2999
3000
2999
3000
2999
2997
2997
2991
3000
2996
2999
3000
2998
2999
2999
3000
2999
2999
3000
3000
3000
2994
2999
2995
2999
2992
2995
3000
3000
2999
3000
2999
3000
3000
2960
2990
3000
2999
2999
2999
3000
2994
3000
3000
2991
2992
2996
3000
2995
3000
3000
2998
2998
3000
2983
3000
3000
2745
3000
2997
2985
3000
2997
2999
2997
2999
3000
2985
2996
2997
2997
3000
2997
2995
2994
2998
2996
2890
3000
3000
3000
2999
2999
2996
2997
2999
2998
2997
3000
2994
3000
3000
2999
3000
2998
3000
2849
2997
3000
2997
3000
3000
2996
2976
2804
2999
3000
2933
3000
2998
2994
2997
2984
2999
3000
2993
2998
2995
2999
3000
2998
2997
2988
3000
2997
2999
2956
2991
2995
2998
2988
2999
2999
2999
2997
2997
3000
2999
2994
2992
2989
2997
3000
2999
2997
3000
2996
2995
2646
2999
3000
3000
2950
2992
3000
2995
2797
2988
2996
3000
2986
3000
2994
3000
2999
3000
2987
3000
2999
2997
2972
3000
3000
2998
2996
3000
2994
2994
2998
2999
2981
3000
2994
3000
2998
3000
2991
3000
2997
2985
2672
2999
2988
2998
3000
3000
2996
2997
2999
2999
2996
2998
3000
2985
3000
2987
3000
2999
2991
2998
2989
2995
3000
2987
2998
3000
3000
2997
2999
3000
2999
2997
2987
3000
3000
2999
2996
2999
3000
3000
2997
3000
3000
3000
2994
3000
2997
2996
2995
2997
3000
3000
2996
2995
2671
2999
2999
2997
2995
2999
2998
2672
2999
2996
3000
3000
3000
2999
3000
3000
3000
2995
2987
2956
2997
2992
2997
2990
2988
2999
3000
2533
2999
2998
3000
2999
3000
2999
2999
2994
2997
3000
2999
2995
2996
3000
3000
2987
2995
2987
2989
2985
2999
3000
2997
3000
2999
2999
3000
2996
2998
2987
2998
3000
2812
2997
2999
2930
2991
2999
3000
2983
3000
2996
2999
2983
3000
2999
2998
2990
2965
2965
2876
2999
2943
2971
2891
2902
2992
3000
2666
2996
3000
3000
2998
3000
2999
2818
2999
2998
2993
2998
2999
2995
2999
3000
3000
3000
2999
2981
2999
3000
2995
2999
2997
2999
3000
2993
3000
2997
3000
2997
3000
3000
2999
2929
2999
2993
3000
3000
2995
2980
2988
3000
3000
3000
2876
2999
2999
2988
2997
3000
3000
3000
2997
2983
2977
2986
2992
2991
3000
3000
2999
2999
3000
3000
2995
2997
2977
3000
3000
2999
2995
2993
2998
3000
2998
2999
2998
3000
3000
3000
2995
2997
2997
2985
2887
2985
2995
2998
2999
2998
2995
2999
2997
3000
2999
3000
2994
3000
3000
3000
3000
3000
2998
2999
2969
2998
2985
2999
3000
2999
3000
2980
3000
2998
3000
2935
2726
2995
3000
2997
2999
3000
2943
3000
2999
2997
2995
2878
3000
2995
2999
3000
2999
2999
2773
2973
3000
2783
2999
2995
2995
2999
3000
2991
2998
2993
2999
2987
3000
3000
3000
2994
2771
2999
2998
2955
3000
2996
2902
3000
2998
2999
3000
2694
2994
2985
2991
2999
3000
3000
2999
2997
2987
2999
2999
3000
2998
2999
3000
2999
2992
2967
3000
2999
2994
3000
2974
2999
2999
2998
2991
2998
2997
2998
3000
2997
2993
2997
2999
2999
2999
3000
2997
2999
2679
2997
2928
2990
2994
2999
3000
3000
2998
3000
2994
2959
3000
3000
2999
2999
3000
2988
2998
3000
2999
3000
2999
2993
2947
2921
2999
2999
2999
2995
2999
2737
2995
2994
2997
2995
2996
2985
2997
3000
3000
2996
2999
2997
3000
2998
3000
2999
2995
2985
2998
3000
2987
2708
2940
3000
2998
2996
2998
2997
3000
2987
3000
2983
2999
2999
2999
2959
2999
2981
2994
2999
2995
2983
2999
2954
2986
3000
2947
2999
2859
3000
2995
3000
2999
2993
2990
2998
2992
2995
2999
3000
2994
2996
2999
3000
2998
3000
3000
2998
3000
2999
2999
2994
3000
2999
2995
2997
3000
2962
2999
2998
2985
2997
2995
2999
3000
3000
2998
2999
3000
2994
2997
2994
2997
2996
2949
2999
2976
2997
2995
2998
2997
2995
3000
2992
2999
2995
3000
2997
3000
2999
3000
2999
3000
2996
3000
3000
3000
2999
2983
2673
3000
2998
3000
2954
2938
3000
3000
2995
2995
2999
2447
2999
3000
2910
2998
2997
2996
2904
3000
2998
2997
3000
2999
2999
2987
2999
2994
3000
3000
2996
2996
2999
2997
2999
2996
3000
2996
3000
2997
2997
3000
2999
2994
3000
2987
3000
2878
2999
2984
3000
2995
3000
2963
2988
2989
2999
3000
2981
3000
2993
2964
2993
3000
2997
2998
2572
3000
3000
3000
2999
2994
3000
2997
3000
2998
2999
3000
2964
2797
2999
2945
3000
2999
2987
2998
2969
2999
2999
3000
2999
3000
3000
2991
2987
2999
2994
3000
3000
2999
2997
2727
2991
3000
2999
3000
2997
3000
3000
2980
2999
2991
3000
2875
3000
2948
2998
2980
2999
2986
2995
2995
2999
2987
2969
3000
2999
2997
2999
2995
3000
2996
2996
2999
2999
2997
2999
2987
3000
2998
2984
2935
3000
3000
3000
3000
2999
3000
2989
2999
2998
2960
2992
2487
2999
2997
2997
2999
2998
3000
3000
2936
3000
2998
2992
2999
3000
2987
3000
2993
2987
2999
2999
2941
2828
3000
2999
3000
2999
2909
3000
2998
2976
3000
2999
2997
2999
2964
3000
2999
2998
2998
3000
2997
2994
3000
2999
2998
2993
2808
2998
3000
2999
3000
3000
3000
2999
2999
3000
2995
2959
3000
3000
3000
2998
2988
3000
2994
3000
2999
3000
2999
2989
2986
2998
2998
3000
2997
3000
2944
3000
2998
2995
2992
2999
2998
2999
2995
2995
2996
2997
2995
3000
2997
2963
2992
2940
2995
2986
2997
3000
3000
2994
2998
2999
3000
3000
2999
2999
2983
2999
3000
2987
3000
2997
2998
2999
2910
2922
2968
2953
2998
2997
3000
3000
3000
2999
2998
3000
2999
3000
2996
2999
2996
2990
2999
2985
2998
2996
2999
3000
2950
3000
3000
2998
2997
2999
2998
2999
3000
2967
2999
2999
2998
2993
2993
2997
2989
2999
2999
2956
2999
3000
3000
2988
2995
3000
2998
2994
2998
3000
2860
2993
3000
2948
2996
2704
3000
2996
3000
2995
2994
2998
2997
3000
2998
3000
3000
2995
3000
2999
2780
2999
2986
3000
2999
2998
3000
2644
2996
2982
2993
3000
3000
2988
3000
2992
2976
3000
3000
2999
2998
2998
2993
2999
2998
2997
3000
3000
2998
2997
2998
3000
2999
3000
2999
2902
2995
2838
2998
2997
3000
3000
2995
2999
2993
2999
2995
2984
2979
2924
2997
2987
3000
2997
3000
3000
3000
2999
2997
2962
2995
2998
2921
2999
2900
3000
2995
3000
2997
3000
2950
2983
2999
2989
3000
2999
3000
2997
3000
2999
2997
2979
2999
2999
2622
2996
2997
2997
3000
2979
2997
2999
2998
3000
2997
3000
2974
3000
3000
2998
2999
2990
2996
2992
3000
2996
3000
2994
2996
2998
3000
2999
3000
2996
2952
2989
2994
2999
2997
3000
2990
2997
2998
2936
2995
3000
2999
2997
3000
2998
3000
3000
2994
3000
2993
2995
2998
3000
3000
3000
2995
3000
2995
3000
3000
2978
2999
3000
2997
2999
2996
2997
2978
2997
2992
2952
3000
2998
3000
2999
3000
2984
2998
2988
2938
3000
2994
2993
3000
2995
2997
3000
2999
2171
2823
3000
2973
2999
2999
3000
2990
2988
2983
3000
2999
2991
2998
2919
2996
2951
3000
3000
3000
2999
2999
2999
3000
2996
2995
2921
2999
2999
3000
2998
2999
2999
3000
3000
2999
2985
2994
2979
2999
2999
2999
3000
2999
2969
2997
3000
2999
2999
2694
2997
2998
2999
2993
2994
2998
2996
2916
2999
2995
3000
2787
2992
3000
3000
2985
2994
2996
3000
2998
2998
3000
2994
2999
2976
3000
2999
2994
3000
2991
3000
2871
2993
3000
2999
2999
2997
3000
2996
3000
2994
2995
2974
2956
2994
2999
3000
2998
3000
2995
2995
2999
3000
2986
3000
2997
2994
2999
2998
2999
2999
2999
2811
2715
3000
2998
2970
2997
2999
2998
2683
2996
2924
3000
2997
3000
2999
2477
3000
2997
2998
2988
2996
2991
3000
3000
3000
2999
2999
2997
2938
2999
2999
3000
3000
2995
3000
3000
2997
2991
3000
3000
2998
2999
2473
2985
2998
2960
2997
2977
3000
3000
2642
3000
2997
3000
3000
2993
2999
2999
2997
2998
2999
2998
3000
2992
2999
2995
3000
3000
2999
2987
2996
2999
2999
2999
2992
2995
3000
2998
3000
2994
2996
2999
2999
2883
2996
2970
2998
3000
2999
2998
2998
2989
2999
2972
2997
2999
3000
3000
3000
3000
2999
2999
3000
3000
3000
2998
2696
2937
2998
2988
2999
2999
3000
2999
2842
2996
2997
2995
2971
2995
2999
2992
3000
2998
2999
2999
3000
2998
2969
2998
2993
2999
3000
2988
3000
2999
2999
2998
3000
2997
3000
2993
2999
2999
2999
3000
2978
2999
2999
2706
3000
2992
3000
3000
3000
2995
3000
3000
3000
2995
2999
3000
2995
3000
2998
2997
2994
2992
2997
2982
2999
2999
3000
2984
3000
2998
2939
2993
3000
2998
3000
2999
2995
3000
2992
2999
3000
2999
2945
2997
2994
2999
2995
2938
2996
3000
2999
2955
3000
2999
3000
2999
2903
2990
2997
2999
2998
2999
3000
2998
2671
2998
2997
2999
3000
3000
2997
3000
3000
2999
3000
2983
3000
2997
2999
2996
2999
2944
2995
3000
2997
3000
3000
2996
2824
2995
2998
2999
2998
2998
2993
2995
2996
2993
2999
2996
2997
2998
2998
2997
2995
2992
2990
2966
3000
2993
2907
2997
2963
2996
2998
2995
3000
2994
2536
2995
3000
3000
2999
2992
2988
2998
2998
2999
3000
3000
2999
2995
2999
2997
2985
3000
2996
2996
3000
2999
2999
2999
2994
3000
2999
2999
2999
2995
2999
2986
3000
2652
3000
3000
3000
2998
2997
2994
3000
2999
2999
2994
2996
2997
2998
2995
2987
2997
3000
2987
2954
2999
2774
2994
2993
2999
2999
3000
3000
2943
2994
2995
2995
3000
2995
3000
3000
2999
3000
2997
3000
3000
2992
2997
2993
3000
3000
2952
2994
3000
3000
2999
2999
2942
2999
2994
3000
2993
2993
3000
3000
3000
2997
2973
2999
3000
2992
3000
2976
2999
2991
2999
2995
2987
2804
2999
3000
3000
2974
2995
2998
2997
2996
2995
2989
3000
2998
2998
2999
3000
2858
3000
2999
2997
2964
2996
3000
3000
2995
3000
2981
3000
2997
3000
3000
3000
2898
2999
2996
2999
2999
2950
2998
3000
2997
2999
3000
3000
3000
2999
3000
3000
3000
3000
3000
3000
2980
2999
2999
2999
2997
3000
2947
3000
2982
3000
2998
2995
2999
2999
2996
2995
2994
2988
2897
3000
3000
2999
3000
3000
3000
2998
2998
3000
2992
2995
2999
3000
2999
3000
2984
2994
2977
2936
2994
2976
2998
3000
2999
3000
2998
2999
2996
2996
2989
3000
3000
2999
2962
2994
2998
2997
2992
2999
2998
2997
2998
2997
2999
3000
3000
2999
2987
2996
2989
2987
3000
3000
2999
2999
2993
3000
2967
2788
3000
3000
2996
3000
2998
2997
3000
3000
3000
2999
2999
3000
2999
2998
2999
3000
2999
2951
2999
2984
3000
2999
3000
2997
2999
2999
2999
2953
3000
2999
3000
2999
3000
2992
2997
2997
2941
2937
2939
2999
2990
2996
2985
3000
3000
2993
3000
3000
2990
3000
2987
3000
2946
3000
3000
2999
3000
2997
2906
2985
2994
2997
2994
2997
3000
2999
2996
2998
2999
2995
2997
2998
2995
2591
3000
2987
2829
3000
2999
2973
2999
2999
2988
2993
2788
2985
3000
2995
2998
2978
2999
2999
2998
3000
3000
2789
2988
2994
3000
2720
3000
2999
2997
3000
2998
3000
3000
3000
2967
3000
2997
2999
2929
2998
3000
2998
2997
2999
3000
2995
2998
2995
2999
2982
2972
2981
2985
2977
2999
3000
2997
3000
3000
2924
3000
2999
2978
2999
2995
2979
2997
2999
2996
2998
2999
3000
2961
3000
2977
2999
2999
2999
2978
2999
2911
2980
3000
3000
2976
2977
2997
3000
2980
2935
2999
2999
2995
2996
3000
2999
3000
3000
2999
3000
2947
2999
3000
2782
2998
2999
2999
3000
3000
2997
2992
3000
2969
2998
3000
2996
2996
2999
2989
3000
3000
2717
3000
2999
3000
2997
2998
2978
2992
2989
3000
3000
3000
2994
2998
2998
3000
3000
2999
2995
2997
2999
2999
2999
3000
3000
2994
2991
2976
2996
2997
2992
3000
2993
3000
2999
2999
2991
2999
3000
2999
2985
3000
2999
2995
2999
3000
2985
2998
3000
2995
2998
2997
3000
3000
2996
2999
3000
2995
2998
2992
3000
3000
3000
2999
2999
2988
2994
2974
2997
2999
2996
2994
2998
2994
2998
3000
3000
3000
3000
2997
2981
2985
3000
2635
2999
3000
2997
2979
2997
2999
2991
2710
3000
2992
3000
2999
2999
2998
2999
2971
2990
2999
2989
2946
2991
2998
