2000
5772 6367 8450 8147
62 9096 2785 5805
2812 5493 1110 6821
6892 4919 3690 2806
403 2826 7751 8974
2842 5199 4291 7055
3134 1634 8395 1616
722 9488 6885 8528
1397 1036 8583 6976
9588 8873 7473 6630
9998 5587 9662 3983
8720 7465 9376 2241
237 2037 6530 5344
8316 8880 4601 9662
4762 3105 5136 2313
3262 4532 2742 3461
5439 8490 2805 7674
7587 1980 7602 5110
8450 320 8809 5773
8383 2073 8577 3618
8910 6488 9636 3581
1187 4677 1283 4890
5360 7012 3989 6036
8909 294 8986 544
6140 894 2661 784
1225 1556 928 874
5585 3365 5596 1837
4578 6068 3657 3962
6980 4716 8676 6503
8839 236 4564 480
3122 9661 3796 9425
7970 447 5640 1398
4777 8280 3250 5899
5375 997 6082 1134
3516 3097 371 1566
6956 4396 6383 2306
9449 1929 9999 3949
1273 4951 2379 5129
8971 973 9085 3030
2718 1142 4275 3094
1917 742 6522 257
3796 9000 2269 7095
2519 5016 3230 5264
6207 8605 5263 8007
4904 4553 5133 5018
4371 6364 5936 8373
2340 8641 1961 7694
2423 3352 285 2729
8283 6705 6676 5385
7451 3601 6810 1920
8255 4813 8130 1809
5905 604 1916 825
254 3 180 5861
7099 9768 3738 9985
6004 7235 5769 7222
9155 8464 8131 9347
1217 8091 1982 8793
339 3997 957 5338
8143 9617 2042 9976
7576 1205 7604 1247
1594 2036 3436 3014
4302 5370 7293 7373
785 418 5777 67
4245 3923 5478 4786
8814 6361 7853 4632
2987 4593 4154 5763
7062 4581 7192 4039
711 7801 612 6944
506 8083 583 5282
6422 2890 6225 2926
6716 5503 7448 7368
454 491 4465 164
6609 2725 6651 2781
3747 7827 3050 7024
5925 9880 7025 9997
8701 7895 9220 3616
3797 2414 4104 1977
6687 6405 4452 5350
5931 7736 4681 6759
7069 1534 6407 1429
555 2887 3877 4980
4999 9561 7264 8733
8475 6299 6142 4201
7525 5808 6322 5101
1578 9377 7214 8586
9887 4415 9685 3219
3778 9729 4992 9392
2830 6476 3264 7803
5189 1036 4182 1217
4673 4433 4345 4370
1802 8657 1810 9252
4383 11 9275 86
2950 4805 1273 3525
2050 687 1073 525
7150 5748 8454 6835
8810 8005 9436 4742
7879 3095 7896 2862
5371 421 9094 167
5080 6541 8564 8487
4639 342 3324 529
6055 9140 4081 9447
1593 6227 780 4129
5084 9097 2688 9366
8374 2587 8352 4140
6623 4611 6702 3550
8177 6269 8049 6496
2942 5503 1593 5120
7818 9820 6424 9908
3889 6626 4428 7407
9889 5975 9813 8920
9429 5083 9100 6784
3420 782 6470 787
3579 1391 3347 1094
11 8032 89 8604
7880 3304 7709 5066
7316 6210 8536 7092
6408 7808 7253 7852
8601 5371 7881 4264
6435 7575 7680 7995
9659 6299 9576 5107
2889 479 6947 93
5946 5918 4036 4384
9640 492 8870 5550
1594 4324 426 3447
7130 4678 7274 4424
8075 1468 7619 1490
686 8413 1070 8371
2299 7402 2354 7459
5381 2133 4012 2209
796 391 768 207
2407 3631 1912 3524
2185 9795 733 9830
3188 6394 3068 5584
4621 935 3325 1583
5575 3592 5137 2385
1736 6985 909 7249
4820 5952 5718 6785
8551 392 8952 3830
443 5497 212 5180
3428 7925 4875 8622
8880 8972 9990 9784
2427 6764 1336 7586
7665 8113 7152 8358
2941 9432 3187 9391
1281 9563 5569 8886
1275 903 1769 1876
6814 1681 5948 2883
40 2997 236 571
466 555 838 933
2302 6090 1105 6857
8545 9631 9546 9929
1569 9969 228 9751
1302 6460 958 6364
9532 75 8833 5176
4059 8422 4453 8768
3755 4928 3380 4826
1406 2199 713 2235
7605 8550 7545 8751
9342 3987 9505 3281
5140 9265 4657 9251
7848 650 8190 1061
6302 4949 3656 2848
4014 938 2308 947
1832 4377 1589 4712
8271 2892 8273 4470
2234 4072 3150 4856
360 3803 1497 6260
7939 9296 4221 9832
7167 8601 7654 8899
2178 2665 3098 3213
9532 2702 9773 4272
5829 9470 5430 9507
6176 7024 7855 8031
6647 4992 4178 3257
821 7002 634 5501
2331 1738 2074 1483
4953 5066 3987 4292
551 8220 1486 7115
1818 2394 1654 2377
2624 9079 1685 9296
3026 2610 1552 1168
3160 6679 3298 6773
8346 3020 8297 3740
1893 3851 4224 5905
7600 4931 7509 1982
4360 7070 4798 6952
4469 7702 4869 7210
6609 1947 5686 1809
6749 1833 7501 2388
3506 2242 3571 2463
4442 3648 4692 4110
9671 1795 9898 1134
7409 3511 6969 4151
8648 4257 8565 2842
7683 9742 9747 9950
9796 7074 9781 8156
1284 8310 86 9725
3938 9272 4058 9377
8380 6377 7092 5315
1005 269 1930 281
5788 1535 4932 1503
1362 7843 1965 8393
5225 2036 5506 2157
795 5938 979 5403
181 3206 152 4370
1778 5500 2435 5375
4547 3491 7208 5227
6244 7638 6788 7721
6092 5705 6905 6335
7151 3094 6804 3413
3348 315 3483 380
7235 7769 6476 7504
392 7262 389 7472
81 6134 422 5672
1231 7693 2009 8784
8699 5803 8506 3685
6743 8426 6005 7674
3538 5278 4512 6081
1174 9612 2693 9843
9382 4220 9175 5076
7216 6378 9732 9069
2739 9278 2263 9398
9536 6522 9763 7055
36 6566 427 6149
7909 5094 7829 5560
2658 2775 5606 4837
1366 6540 2049 5963
2965 3722 3502 4385
7611 5304 7201 4051
617 6584 551 6919
2841 6108 2729 7317
1325 3 3120 111
8732 7470 8609 7824
4946 2580 4510 3276
3135 3582 666 2468
5979 3361 6136 3299
4121 4623 4988 5328
7762 3800 7823 2383
6014 2135 5807 1918
1055 582 2716 1721
8629 8049 8878 8554
7927 9896 8552 9874
5627 9546 3615 9844
320 3425 232 3069
4617 1307 5205 1295
9675 7952 9169 7720
676 1361 391 541
9760 6813 9677 4980
5400 1449 6064 1520
1864 3607 3440 4666
1142 5706 389 4249
8667 7451 8787 6624
7481 834 7994 991
6630 4088 5771 3597
2879 6555 4032 7165
9459 4126 9339 4428
7866 3455 8097 4575
5274 9567 6399 9415
1797 4671 2260 4461
5500 4736 5137 4394
2424 2992 1901 2789
2285 7640 2440 8884
4878 6824 6374 7899
5730 4141 5837 2663
4070 3250 8097 6669
1396 3254 2258 3724
6604 6012 4723 4836
516 5901 17 9218
6762 9292 8454 8886
9843 9458 9942 5919
3876 2683 1266 854
5652 3873 5025 3634
5394 621 6682 464
4588 73 2066 208
8891 4366 8458 401
2692 2460 1115 1819
9252 2116 9095 1943
5454 6213 5049 6068
4254 2213 4303 3069
7243 9563 8031 9365
1526 3640 2105 3912
4078 5936 6461 7905
217 249 97 1089
3106 6368 3148 6266
6471 514 7313 525
5007 101 4875 48
8070 4016 8084 3651
1430 1843 2493 2204
81 9737 4464 8972
9432 4882 9515 4452
176 1659 167 2985
3274 5325 4381 6191
8135 3599 7850 2563
1727 8907 1649 9272
7896 1324 7379 1537
9276 355 9044 94
1406 6621 1975 6202
3414 3802 4745 4649
4663 6253 5395 6664
5848 8816 7042 8776
9882 2207 9850 2914
7328 2006 7429 1947
6298 6630 6676 6594
9241 4700 9252 3672
4410 8057 3166 6854
3801 1354 5317 1583
308 8622 1228 7471
9240 7083 9427 5550
4228 2382 4241 2861
770 1996 933 2029
8442 1237 8273 3369
5558 1626 5901 2563
5125 6736 2394 4424
9591 5158 9745 6992
2137 2742 3242 3295
1890 9795 2243 9777
9694 4516 9713 4948
8301 8335 6611 7004
2774 7990 3516 8658
299 4899 713 5067
4549 9035 5885 8781
5012 3533 5491 3804
3328 7055 3565 7375
1307 2497 3066 3456
8967 8762 8041 9587
4299 3623 1570 1478
4379 6321 3860 6144
9352 3757 9404 3623
9525 7305 9505 5795
1307 2265 1699 2579
1702 8946 660 9441
2721 9088 2443 8307
4917 4496 4305 4141
4514 9674 7548 8976
6923 713 6068 1041
5811 871 5293 796
3675 3459 3817 3372
58 3064 127 2498
6590 290 7662 180
3391 3544 2552 2974
6173 5227 5459 4884
2382 3272 1806 3094
380 1067 822 1622
6367 5765 6331 5774
1503 7267 1158 7624
4311 1031 2214 988
1134 4491 1324 4765
4789 3197 5138 2344
6212 5375 5272 4969
175 8355 587 8232
6545 7290 4901 6315
9630 6310 9568 6514
886 4209 1101 4644
4445 4070 2019 2408
4116 9375 880 9632
9515 6920 9149 7618
969 863 663 495
8299 5648 8079 5216
987 2627 1422 2935
3393 1669 5280 1811
7348 6854 7727 7503
5677 4085 5453 3953
2522 5446 2467 5693
5058 4418 4056 3739
8436 1159 7658 1350
9243 7251 9650 4524
7572 1648 7108 1924
9582 8301 9741 9007
7959 3610 8193 4695
293 521 4917 148
916 1702 707 1669
5697 3269 5773 3124
9970 8940 9945 5720
3112 8498 2675 8131
5725 3104 5652 2740
2484 6172 2346 6773
7674 1624 7844 1734
6889 3925 7047 4781
485 2574 345 2615
5888 6009 6944 6480
4867 7390 4800 7768
9521 6604 9550 5794
1398 5110 1962 5435
4839 7680 5202 8038
1648 5893 715 3689
8609 5345 8377 2601
2804 5142 2349 5311
3767 4885 3433 4103
8715 2168 8618 972
2323 3526 3104 4409
7779 2096 7650 2863
2706 6611 2650 6745
6034 2877 6218 3526
9536 8352 9094 8112
682 4652 764 4698
6491 5743 7211 6770
6637 5103 6974 5396
8017 6256 6305 4669
8421 8832 8928 8595
9825 7025 9640 3675
4156 6075 4254 6156
5701 5146 6038 5225
7813 3504 7808 2763
9489 8760 9384 8450
6289 7829 7435 8749
3693 8125 3783 8636
539 5957 350 7345
9023 3202 8636 548
2574 4021 3016 4377
6902 1738 7354 2195
2880 1500 2331 1238
5852 1694 6087 1817
755 181 1195 136
755 5254 715 5960
258 2126 600 2682
9101 5740 8813 7286
7965 6735 7482 6485
8358 7869 7389 6779
2712 8749 3068 9080
6278 5215 6670 5461
1021 3466 423 3342
2070 8174 1959 7952
4929 8548 4295 8306
8392 9631 9138 8542
2336 1313 3319 1974
9963 3733 9914 1593
7198 8830 6339 9118
2800 6070 2630 6751
3515 7479 3060 6737
7310 534 6259 669
3286 9711 4284 9365
4702 257 6904 86
3424 8782 2464 7724
4614 928 6192 929
4707 5307 4716 5187
1719 8778 675 9157
7334 9238 7269 9234
4153 2398 4131 2439
3892 8967 3707 8442
7036 1586 4025 1315
2417 6175 924 7202
4862 726 7123 680
918 7649 950 7547
1595 3204 2481 3546
8667 2356 8701 3367
1177 7024 2430 6073
6606 6499 5092 5658
4034 8011 4136 8020
1135 3516 1490 4054
833 3340 1363 3639
1207 145 2751 94
5296 9221 6474 8871
5222 1954 4029 1897
7005 9055 6033 9208
2718 1885 4791 3532
7834 9259 7163 9396
4156 9724 4552 9552
2384 1922 6261 5161
5506 1740 5400 1990
271 6844 311 6964
214 8959 871 8636
4958 6055 6196 6762
8109 9780 8957 9454
598 1357 563 1511
2281 5539 2340 5587
7651 1377 6803 1280
7048 6333 7120 6091
9620 9348 9396 8926
1053 1053 1576 1701
8977 5709 9172 4804
1033 6999 2041 6350
7996 2860 7756 1954
6489 8587 3875 8910
1867 6975 2532 6696
5838 2376 6100 2433
2623 3544 2209 3362
717 2416 2991 3507
2820 8478 3072 8559
6952 8565 5483 7705
6182 1220 7144 1068
8916 255 5773 534
3209 2500 2439 1752
5259 3627 5102 2701
2939 7056 3118 7555
2067 57 642 30
3796 6819 3640 6699
284 2806 391 3425
7158 5096 7284 5164
1599 3565 3316 4636
8319 9668 5071 9897
217 4484 323 5136
5521 7561 6348 8078
1248 5110 1119 4880
7468 4808 7499 2855
8490 8415 8404 8319
5669 261 8806 108
4612 2287 4398 2510
46 117 7 835
5821 6206 5552 6045
8560 8129 8132 7880
3152 2857 2602 2439
4118 5665 4116 5712
4580 7359 4629 7078
2211 6612 2205 6593
7934 8143 8215 8855
7394 6022 7738 6298
7641 9991 7530 9887
2908 5350 4125 7115
6950 1250 6367 1266
2055 1044 1995 1126
2460 5419 2243 5534
103 1534 51 2272
2937 7828 3633 8449
9224 8813 9221 9186
764 9039 880 8954
7294 4560 7312 4598
2406 8980 2101 8734
4580 6087 4148 5601
7829 8104 8119 8661
9037 9292 9033 9317
9896 868 9736 1313
2975 5062 1682 4787
8329 8828 8198 8694
6301 917 4230 928
7265 1036 7874 1231
2238 7629 2259 7938
1825 7376 2039 8342
1753 4904 1409 4870
4509 6412 7047 8403
8665 3295 8652 2972
6645 9740 5742 9809
9934 7914 9939 8597
3545 1379 3082 1169
4760 6371 6781 7590
8603 707 8961 3324
5266 2056 4585 2025
2693 8320 2292 7494
6898 3171 6860 2841
2455 9251 4954 8838
5720 8585 5150 8726
9228 582 9041 1513
6838 3235 6822 3102
5513 5564 6336 6045
9312 408 9423 210
8256 7946 8669 7990
2883 1877 3188 1971
2226 8619 1991 7872
4652 903 3388 839
1150 8224 1171 7978
1910 9590 2946 9766
121 5709 8 3564
2462 534 6595 165
6659 4811 3620 2815
3374 4737 1952 3902
5610 9002 5937 8900
2196 7005 2457 8642
840 3264 804 3318
5988 9178 4546 9599
2150 2601 1954 2769
4252 141 1635 259
8494 1563 8569 2284
1567 932 1988 1068
1650 220 675 198
1098 162 2918 131
967 5995 1013 6225
5383 9839 3272 9967
7173 6436 7770 7516
5820 8925 4600 9218
3934 1074 3493 1046
6831 6326 5368 5738
7603 3686 7709 4237
1662 1812 1073 1708
6893 5912 7381 6125
1026 6558 803 6764
5960 1926 6306 1984
6806 6243 6193 5334
1525 8496 1274 8461
4751 386 4054 477
8306 6201 8634 6892
2854 5825 2944 5606
375 3920 264 3905
6204 6633 5963 6309
6173 5735 6504 5820
6650 3466 6467 2633
810 3012 2550 3429
4127 8720 4168 8832
6117 690 6319 613
8431 5861 8160 5242
3638 1806 5220 1874
5762 9650 6123 9723
2399 3009 4406 4127
1525 2061 2341 2439
6752 1660 6674 1739
5309 6241 5200 6169
2455 7646 2467 7629
8072 285 2002 797
7300 2300 7368 2523
6758 9140 5568 9420
1957 5580 2163 5817
7116 5320 7058 5132
1147 6920 843 6852
6034 6260 4506 5397
6065 2789 6384 2286
4951 1406 5625 1503
9632 5325 9746 6634
4596 8260 4127 8197
1279 6666 1457 6354
5433 3356 5269 2749
3789 6054 3639 5766
7249 7488 8383 8116
8219 8536 8251 8397
540 2869 536 2909
2139 3193 1598 2911
1345 9152 1221 9296
8481 7919 7604 6937
392 3218 424 3591
7762 6029 7430 5851
5445 2431 5512 3182
7869 2078 8101 1925
2642 6786 2436 7209
4347 7985 3635 7184
9616 2474 9789 2329
8806 3877 8690 2703
9159 2420 9066 3229
1682 6235 1566 6316
9594 2121 9521 1394
9474 1073 9094 3777
5985 6441 4532 5505
3297 178 4558 114
1618 7914 2202 8558
242 7986 428 6764
8349 526 7525 675
5873 1220 4448 1231
6978 2381 7050 2731
9757 2946 9896 3249
6117 1982 6237 2106
7410 6424 7577 6642
1823 3489 2666 4097
9094 606 8900 623
361 3711 658 4289
7347 4778 7262 4795
5382 6181 4717 5715
4400 4175 4680 4342
836 8580 899 8398
2490 4358 3472 5119
2002 5793 1471 5366
5508 5670 4391 4788
2629 3082 2494 2995
690 2678 1236 2818
4949 6520 6413 7370
4065 4295 4742 4826
5550 8363 4775 8080
7691 4538 7647 4846
1500 2315 1301 2066
9367 2457 9607 3215
4605 2194 4355 2373
8587 5312 8409 4089
8287 1334 8292 1282
4996 9302 6999 8798
9310 3226 9345 4337
3065 7689 3026 7671
6800 8021 7717 8929
1384 6209 757 4816
2695 570 1007 510
6744 7179 6046 6940
1253 2068 1189 2114
7610 3964 7681 4304
5863 282 5527 351
4164 6422 3383 5847
7155 8389 6624 7864
4252 5371 3673 4378
6427 3580 6436 3604
3333 8705 3228 8587
2772 5138 2478 5177
3058 9941 3263 9933
2349 5746 1633 6256
6754 6435 7247 7174
2592 3360 2977 3952
5524 5146 5451 5174
2013 7482 2132 7378
6210 3667 6568 3852
8813 7947 9422 4629
6250 2543 6139 2845
3756 2960 5962 4772
3451 1444 3010 1174
5138 4190 2878 2282
1268 7299 785 7935
6136 2465 6434 2135
7392 5804 7015 5662
6973 4856 6793 4608
9526 4875 9283 6850
7 7833 20 8515
7813 6498 7557 6345
7215 3706 7182 3696
8742 6539 8103 5745
1061 3986 1699 4556
6224 7454 7154 7781
7350 7273 6969 6471
7106 3641 6995 3487
8669 7030 8538 7224
9766 6025 9677 4440
4040 8808 3911 8492
4140 1495 3619 1528
4401 3541 2377 1853
9832 7969 9746 9080
9855 1456 9700 2257
9926 4370 9896 4738
4683 7469 4691 8016
2676 8754 2715 8576
4078 8685 4059 8767
6780 3410 6624 2987
378 637 451 977
1660 4250 1351 3789
4276 909 1501 823
5115 9529 5678 9336
780 4038 235 3376
9008 2472 8986 1713
62 6228 20 4288
6 3101 207 892
6135 3063 6440 3308
2258 7634 2188 7207
1380 477 1944 516
9415 237 9197 1598
2469 9054 2263 8357
8391 5335 8869 6190
4421 5466 7546 7611
784 8911 1667 8577
7207 2927 7271 3089
920 2054 678 2230
4597 2026 5061 2121
8396 8687 8667 8664
3594 5178 3310 4766
3236 3690 3810 4569
8598 4443 8535 3527
3869 7853 3898 7951
6946 4647 6813 3997
5992 7539 5405 7080
7648 9289 5536 9560
821 5822 830 5830
4163 6283 4357 6727
1570 4219 1356 4095
5837 1063 5888 934
9741 10 9802 620
9830 697 9695 806
8325 5463 8134 4666
6056 3979 5970 4306
7657 965 6865 1021
9529 4124 9659 4546
9863 1249 9609 2033
724 1014 591 884
9837 2711 9804 1930
2226 4132 5898 7389
6993 3478 7173 3407
8216 9096 8367 9028
8326 396 7167 446
4814 7940 4697 7621
8550 2743 8584 2893
9439 7848 9665 8996
2117 7520 2072 7607
8094 7423 8177 7407
5476 9981 4958 9926
4861 9030 1750 9490
208 6512 289 7235
7957 192 4849 443
6749 2219 6757 3011
7815 1895 8159 3712
7423 6597 7717 6724
3974 2969 3778 2747
2655 1211 3107 1788
5742 8591 5598 8328
4120 5925 348 2765
9666 7225 9625 7478
3343 3446 3789 3752
5085 4047 6452 5148
4463 2486 4598 2589
5060 2662 4981 3408
7819 477 6937 583
8368 1966 8310 2647
7390 8930 7302 9004
3382 3397 3521 3482
9883 2484 9914 2078
3073 7013 3165 6927
7338 3200 7517 2585
1398 5299 953 4101
6809 8556 3862 9022
6690 7171 6336 7044
1548 4113 600 3544
7810 9557 7432 9574
363 477 330 195
9678 3375 9698 3373
189 8853 181 8559
2016 4287 1534 3871
121 8267 435 6383
7346 1602 7987 1526
5115 4500 1918 2330
872 7573 1112 7320
8617 398 8925 1726
4220 5187 3920 4557
949 9003 1205 8808
5362 9022 4108 9169
9740 3126 9730 3093
2324 24 3068 41
8216 5757 8537 6146
8734 4005 8857 4295
4318 9191 4519 9190
4550 3115 4302 2395
2031 2506 2455 2772
9042 1541 9306 490
9386 1624 9249 2442
4343 9953 4694 9926
8445 1152 8365 321
1225 3757 952 3469
6599 1306 7267 1437
1063 1815 753 1468
688 1649 749 1719
2437 9063 2383 9106
8496 6533 8605 6792
2686 2073 5610 4467
2334 7181 2853 8044
766 4881 408 4112
708 83 2093 94
4331 1864 3661 1863
9218 6804 9248 6998
1716 1782 1679 1866
2942 8847 3141 8640
2862 7490 2791 7288
9683 4993 9679 4620
5074 488 4669 553
3250 3755 4173 5492
8296 3784 8355 4888
2590 5072 1904 4940
45 7354 172 7405
1877 9515 3725 9287
9598 2457 9590 842
6286 6133 6388 6150
2495 1615 1120 644
3331 5891 4262 7021
8508 715 8739 2433
8158 5709 8015 5762
1766 5170 2224 5361
7752 7145 7608 6947
9068 6847 9145 8078
2952 2139 1920 1343
3152 2807 2507 2243
6168 1618 5954 1551
3762 3526 2734 2751
7745 179 8022 160
6935 4039 6816 3559
2795 5901 2657 6422
6719 1897 6954 3096
2502 3365 1502 2979
3818 4223 4258 4833
746 7777 764 7278
8693 4129 8591 3041
4845 980 4181 1160
1854 2763 2315 2914
1320 5110 954 4156
4014 3955 3065 3404
8340 7192 8674 7511
3805 4246 4365 5021
2985 9535 3356 9547
9959 5835 10000 6237
2410 4712 1844 4697
3803 4755 4056 5090
4244 5546 4170 5273
6474 3546 6559 3806
5758 5084 6359 5295
6643 9974 6560 9992
1618 397 838 468
5657 4935 5005 4558
9771 7569 9526 7472
434 9471 378 9646
4513 2904 4810 2174
3832 9776 5258 9566
9608 2553 9391 2196
6086 5949 6264 6090
4605 4632 4906 4920
1333 7176 992 7475
7027 7123 6547 6696
2101 705 2029 612
4799 8532 5276 8618
5359 8206 4785 7775
261 8438 254 8451
6430 5333 5660 5108
2544 7641 2272 7188
112 3706 143 4601
8407 4141 8396 4155
9988 3893 9955 1538
4214 8026 3681 7565
2642 6187 2553 6674
7996 1993 8156 1642
2508 5974 1743 6464
3078 872 1608 914
5230 5329 5492 5334
8237 7384 8341 7088
1727 2411 1745 2622
2007 3262 666 2914
7614 2913 7692 3451
1996 282 578 440
5432 6973 5966 7378
2559 3752 2708 3716
7732 9572 7012 9609
2979 4133 2816 3819
7992 6751 7658 6600
4329 5706 4277 5736
7327 5868 7637 5996
6871 2129 6919 2894
4622 6635 6116 7826
9483 1162 8922 5185
2854 6389 3347 6542
6726 414 5069 554
8715 7061 8506 6513
141 5989 225 922
7309 1620 8390 1627
7993 1266 8118 1011
291 4713 561 4653
4116 7453 3430 6879
6221 2179 5854 2162
2457 500 6341 136
7856 4076 7881 4418
1235 952 1378 1419
8632 70 9226 36
8072 6976 7889 6978
1869 4307 1900 4559
5015 6275 4515 5675
4857 4410 1104 2468
8842 234 7502 304
9858 7437 9917 6625
5218 5708 5281 5499
5149 4642 677 2287
5441 3689 5728 3789
7092 5513 7249 5620
4601 4508 4688 4512
3332 3019 2438 2597
4751 1752 3978 1657
7959 9705 6654 9803
8953 4506 8791 6048
7180 7958 6367 7804
9297 6235 9265 6519
5624 8948 4431 9123
3012 2642 4077 3512
296 599 234 1716
3346 9841 3797 9609
1873 2793 1743 2594
541 5607 329 6127
8541 7366 8314 7027
1656 4729 1755 4790
8959 2992 8676 1209
4096 1946 4695 2137
7116 2341 7161 2397
5889 3157 6117 3753
771 1211 995 1416
4558 117 4704 46
2795 2624 2373 2348
9984 141 9659 1498
5682 3125 5653 3010
7267 2984 7087 2309
2223 6576 2353 6332
9847 9554 9458 9382
2582 6006 2741 5714
3356 651 3362 614
6551 2438 6499 2272
1577 6753 1084 7097
1000 3272 1750 3842
4173 7395 3929 6985
3394 2631 2773 2064
8818 840 8937 1433
7709 7843 6508 6920
1301 7880 1386 8158
2394 2690 1398 2170
8754 5011 8624 4698
3815 7012 3159 6032
7322 5305 7701 5651
3463 2634 3686 2719
3582 6902 3506 6608
7897 2294 7856 2040
5333 3365 5271 3566
8823 5228 8691 3896
6600 6834 8630 8260
7430 9684 4371 9862
5571 4631 4874 4086
5774 8488 5894 8466
6217 8144 6290 8221
5735 4991 5148 4759
5208 6876 3224 5390
3936 6863 4245 7425
9014 4865 9045 4583
2600 9611 3410 9780
5282 5979 4717 5564
9711 4042 9784 4555
3232 8574 2553 7828
2939 7071 2910 7391
1185 6398 1269 6362
8551 1489 8619 2402
2579 8557 2892 8356
1826 5475 2268 5367
9904 1169 9751 1957
9009 6657 9038 6163
3420 6256 3275 6074
5303 9280 3440 9807
6952 8365 7463 8782
2765 3676 2577 3569
3403 6302 3477 6458
4632 3082 4648 3308
3265 6536 3245 6594
6596 2509 6735 3047
8141 6043 8067 6062
2385 4810 1718 4735
1140 6561 1118 6539
4539 1857 4888 1927
9818 3548 9680 3205
3760 5017 3967 5189
4037 1972 3936 2013
8889 6546 9591 3709
7879 8006 7656 7870
1814 1244 2229 1663
1001 2103 994 2026
5633 3559 5597 3081
6569 3375 6645 3981
5199 799 4533 785
8563 5608 8255 5011
4774 5255 5216 5681
9463 3901 9530 3798
9817 9698 9180 9389
1354 3690 1926 4372
5435 7703 5180 7290
5555 6081 6183 6409
4974 7353 4849 7032
3050 5298 4740 6548
9005 1541 9225 329
66 9279 322 9418
3386 335 859 506
7015 184 6978 144
4301 8247 4634 8433
6880 3500 7172 3292
8225 1552 7758 1497
9355 7705 9585 7313
9938 355 9963 2879
1508 885 1086 582
5700 6828 5834 6926
9398 9390 9080 9348
1766 7894 1575 7852
6948 8350 7329 8634
5448 4473 3392 2719
9467 2462 9628 2786
9651 3912 9566 3945
5906 6780 6070 6779
9301 8060 9187 8124
6612 8581 2743 9174
8822 9899 8128 9947
3904 6664 3934 6695
7854 618 6899 960
7631 5168 7807 3385
6494 5726 6492 5474
2593 6972 2786 6658
9564 539 9030 4294
1796 8640 2219 9024
8760 2354 8816 3533
8842 3511 8906 3738
9807 2591 9789 2758
8846 8929 8484 9266
7864 8815 7966 8758
2547 6028 2698 5613
4917 6373 4478 5706
1834 6937 1806 6778
5703 9348 7110 9032
3376 2769 2898 2418
310 8144 375 8003
1316 5872 722 4699
6652 5261 5495 4315
9332 7114 9377 7167
5921 9596 6201 9704
7151 18 9019 21
9619 3485 9612 3229
9056 3559 8881 4964
770 7246 775 7165
3392 6933 4330 7706
9171 9429 9468 9857
9356 9336 9651 9594
1224 2546 1466 2680
1392 7613 1789 7874
5531 104 6146 115
5489 9105 5310 9167
6320 1773 6758 1740
8753 541 8802 322
7733 7765 8848 8529
9764 7831 9570 7782
5556 3384 5471 2211
7204 3524 7190 3438
8801 9396 9161 9211
9809 7951 9829 7286
9512 8883 9260 8801
5346 9583 8287 9127
5691 8648 5824 8667
8693 670 8913 329
2599 290 2290 270
2514 5719 2358 5830
5934 2429 6094 2639
6153 5659 6224 5446
3994 2149 4522 2122
7161 1456 7663 1404
4849 3648 6045 4456
9775 5883 9786 4764
5310 7390 5449 7383
395 2674 630 2688
938 2658 663 2567
7510 7986 6981 8073
7401 7081 7513 7386
8042 4265 7932 3625
7274 7543 6155 6730
6437 4418 6096 3855
6603 1540 6463 1507
3205 6841 3018 6695
1220 5906 1116 6271
5450 4403 8525 7022
5691 9441 5876 9434
946 2762 2083 3237
1369 5971 826 4757
9186 877 9385 102
2055 6914 2152 6910
923 4721 1408 5951
3323 6460 3194 6397
9992 8075 9958 6365
7785 2809 7766 3383
5311 2186 5023 2247
473 5700 53 6301
263 3427 759 4217
9268 413 9168 792
769 2113 631 2025
9804 4858 9937 5940
8432 111 6768 63
9459 786 9531 757
1650 427 1659 415
7183 4851 7676 5423
9237 8066 9152 7942
7492 9566 6265 9601
2287 8330 2173 7737
4265 7407 4482 7489
2111 7598 2163 8090
1651 6130 1101 4609
7395 7379 7949 7756
7294 1534 7257 1576
771 9907 687 9880
1306 3778 1296 3769
6908 883 7681 650
6545 8340 6275 8275
2720 4982 2170 4798
5630 3631 5265 3589
7708 3607 7710 3474
3884 9329 3643 9375
2424 9493 3557 9334
2059 7446 2065 7449
4285 8578 4730 8693
6511 5812 6608 6020
253 3811 296 3529
7456 7517 7106 7305
2197 6393 1761 6745
2924 5015 4302 6102
6745 9473 6246 9544
3421 8138 3179 7988
4395 6779 3774 6297
2962 5439 2667 5218
2340 4599 2723 4885
65 1590 123 19
8206 3733 8073 2540
2558 4626 6073 7564
76 6774 225 7286
9952 4276 9894 4041
3117 565 3358 584
6554 8602 5374 8791
7745 2220 7692 2516
146 4035 137 2376
4849 2508 4532 3171
3477 6012 4300 6913
2910 1984 2649 1699
821 1427 1195 1589
8551 6281 8315 5951
571 2208 450 1784
4322 1203 5505 1152
230 4298 218 4134
1252 3452 1510 3609
2180 3874 1027 3154
8177 3794 8082 4020
429 8020 328 7560
9918 9743 9394 9515
2214 4486 2280 4469
1121 6101 1075 5876
954 6170 913 6293
803 7376 686 5964
7749 8570 7783 8901
3853 3976 5919 5077
9259 9025 9326 9049
3185 7661 3177 7717
9489 5693 9267 7329
6072 4047 5996 4323
7820 2522 8010 3200
5439 9898 6528 9953
3377 3268 4488 4014
3763 9843 5597 9595
462 1428 500 1249
7982 5652 7920 4935
1957 9876 1675 9918
3212 134 3093 126
1214 1808 1786 2049
3309 9627 3554 9572
8152 8725 7903 8904
7255 8172 7425 8031
8574 7158 7596 6635
194 7404 91 7784
4103 4536 5193 5413
1342 9616 4397 9351
6193 476 8020 309
8119 2108 8118 2128
2192 2488 3750 3561
5409 9238 6676 8918
1207 2034 883 1915
7995 4756 7889 4482
273 1510 410 1977
8484 7194 8467 7139
7322 3062 7151 2133
1183 7800 1025 8093
5188 949 6003 1159
1161 4315 776 3816
4370 1056 4406 957
5328 4179 5954 4694
2476 9950 1797 9824
8012 7641 7676 7520
4431 7908 4227 7445
8355 3491 8329 3587
7867 3178 7813 3717
9984 4610 9832 3828
3095 394 3330 403
4324 7857 4033 7512
3505 598 4787 479
5873 5752 5948 5688
498 5872 296 6876
244 1995 287 1942
7617 1103 7904 1091
2953 2930 3153 3113
9861 996 9657 1733
9282 5001 9277 5036
6198 4497 7069 5056
463 2943 662 3216
4477 4019 5095 4340
3483 4389 3156 4001
8728 9227 8722 9377
9449 7212 9508 7375
5329 788 5490 789
4146 9900 7198 9734
6612 1681 6376 1688
9042 7987 9031 7817
3686 8011 4233 8290
4778 6484 2089 4234
4560 129 4631 147
3743 3342 2901 2872
3381 7310 3901 7994
6246 8780 6432 8788
3744 5257 3952 5334
8628 4640 8638 4282
4240 4761 4402 4961
2502 9438 2706 9417
6489 8565 6445 8592
4579 255 4484 203
6756 5688 6753 5760
4020 2609 4042 2721
1108 1294 723 1148
5620 1606 3884 1627
4296 4017 4747 4285
6939 3821 7095 3866
659 6302 666 6924
3155 3715 3156 3813
4786 9616 7579 9028
6310 3742 6654 4106
1729 3526 2240 3910
9147 8298 8935 8147
6250 2305 6571 1949
7930 5810 8105 6033
6785 4214 6773 4073
3789 3577 3089 3084
1631 8859 620 9269
1668 8520 1717 8686
948 1603 1559 1718
1474 4730 1293 4372
9045 2164 9078 2771
4704 1496 4780 1516
9099 236 9048 467
6671 1992 6733 2498
3953 3955 2958 3452
5419 7837 4839 7662
2599 9213 1682 9362
3084 7899 4056 8237
3857 9068 2050 9328
3416 1951 3655 2222
2860 1024 2953 1381
8180 9106 7508 9133
6542 3658 6587 3717
6316 3115 6437 3182
2820 459 2115 535
8759 7786 8858 7297
1366 1632 1482 1621
5157 3953 7201 5505
2894 3598 3479 4229
4399 2126 4103 2070
1353 7320 1444 7319
2743 453 2755 444
1294 4377 1409 4950
6784 1369 5811 1338
9188 4062 9322 2718
944 7698 520 8033
1831 790 1456 687
5753 4778 6328 5234
9181 2084 9086 2742
9735 3858 9891 4952
5397 2222 5466 2847
1005 5752 1142 5718
8992 8101 9556 8505
8441 2891 8511 4048
5910 5209 6673 5496
2011 576 1178 530
6489 2039 6096 2343
275 3591 261 3487
9855 9775 9620 9692
7063 4983 6722 4166
5390 536 4335 684
4974 8900 4224 8997
6179 6737 4920 6001
3594 3672 3149 3302
7479 3851 7407 3045
770 1123 916 1084
4717 6134 4474 5807
943 799 1064 747
9772 4828 9721 4470
7727 3937 7766 3252
7478 3052 7484 3250
5259 9111 5088 9155
7244 4488 7108 4832
3626 9220 1829 9482
7571 4169 7542 3853
3399 2479 3794 2767
4077 1783 3474 1685
6603 584 4970 708
2463 3851 2144 3637
428 6122 113 6454
5419 3104 5496 3333
1476 9341 2184 9163
5654 6100 4945 5672
662 5432 693 5847
779 6126 783 5240
3108 3584 2468 3288
7251 9947 7498 9863
8406 8957 7693 9084
6811 6746 6842 6715
1810 3702 3597 4834
959 8642 521 8586
868 5450 893 5630
2749 7688 3532 8386
4882 8061 4763 7888
687 5188 378 4940
5919 3272 5887 3508
6791 6745 7276 7293
7134 3681 7199 3291
1926 9142 2362 9043
4649 1058 5097 1045
1646 5104 2569 5185
8187 5917 8457 6202
8220 2948 8153 2265
5467 1367 4891 1350
1271 346 1070 356
9474 1018 9230 2541
6176 5498 5727 5353
360 199 1279 91
9915 7052 9922 8219
3092 1366 2974 1241
4702 4572 5096 5059
5831 2531 5636 1891
813 9021 679 9097
686 7734 703 7859
9021 7504 9127 8021
3908 898 3928 916
4745 2447 4645 2698
9822 3567 9796 3442
9364 9767 9051 9708
112 910 156 31
2200 6884 1633 7277
2039 1697 1393 1089
8470 9795 8935 9755
6313 1395 7080 1454
5504 4591 5820 4800
2406 5764 1916 6155
7865 9529 8394 9230
4394 6999 4049 6624
9310 5993 9429 5530
3286 6734 3364 6631
6711 8909 6558 8968
8012 5600 8098 5368
6524 7069 6016 6789
662 4261 1047 5174
73 228 60 178
8772 172 8920 161
3839 4217 5274 5459
8416 5870 8670 6229
3191 4588 2163 3932
151 3693 147 2126
6085 8179 5896 8050
7848 7944 8476 8336
3922 1171 3775 1247
8272 207 7253 259
5096 4355 6308 5221
7195 8364 7837 8435
6241 8375 6076 8104
9268 6403 9126 6857
613 855 527 890
2648 6650 1870 7195
7865 4347 7832 4732
9163 8600 9054 8853
4897 6523 3617 5390
3683 9381 1036 9619
832 6145 1166 6772
7535 2199 7554 2496
7734 5312 7654 5342
5877 6290 5246 5916
4048 1237 4236 1250
778 7687 1431 7102
7082 8755 6384 8728
1099 9741 583 9787
6344 8164 5634 7683
3710 4803 3483 4319
4587 747 6294 712
6735 1194 7429 1127
7243 9968 6384 9926
3178 1541 3302 1446
2271 3447 2440 3526
1268 685 1516 811
5573 6284 7652 7690
2011 1182 1864 1043
7896 4871 8347 5709
3134 7634 2854 7607
2353 9810 1411 9830
2686 3101 2628 3108
548 2661 441 2637
5781 261 4283 433
6510 7148 7475 7720
9252 32 8958 43
8502 2002 8596 3725
5627 7691 5944 7931
5341 1041 5432 1091
4195 1231 4659 1334
4470 6623 4764 6956
1392 4503 1349 4312
4852 9181 5812 8962
1415 7028 1774 6698
54 117 2 1634
3955 4107 3270 3676
1835 8526 2084 8645
3597 5591 3221 5361
3577 9737 4294 9516
3148 7638 2502 7305
1088 7068 1212 6910
5803 4487 6703 5266
7315 5349 7564 5563
282 3780 359 3846
7499 8731 6485 7898
8318 921 8359 1077
7727 7403 8084 7687
1423 8348 1199 8140
9186 7612 9248 7675
2163 9729 2367 9752
776 9110 793 9048
8279 2903 8225 2099
5657 4431 5532 4282
144 9262 439 9066
8167 5963 8597 6419
7398 8343 7858 8188
8736 1766 9018 3808
8456 2020 8441 2467
8980 3940 8970 4032
2016 4218 3398 5375
1597 8074 2231 8645
5220 5076 5387 5213
5604 9625 4233 9805
2514 5964 2400 5891
3432 5021 3177 4650
2466 8194 2569 8489
488 9562 1155 9317
9207 6801 9278 6514
5686 7528 6068 7816
3782 8225 4303 8692
5455 5059 6055 5339
1232 5288 1593 6170
1600 9121 1368 9131
7076 2923 7008 3161
6612 7904 7255 8487
1446 3368 1714 3463
2521 9888 3242 9866
2247 1703 1996 1470
2658 16 6442 66
9728 8120 9662 8349
5094 9744 5323 9751
3817 9575 4244 9480
8724 3462 8745 3380
7977 944 7745 859
8835 1583 8953 2289
7377 679 7163 617
9488 4179 9475 4483
4236 2856 3974 2195
9127 7468 9226 7356
144 7946 73 8023
9430 1749 9482 1257
7997 1949 7534 1748
6556 346 7433 297
8346 5171 8567 5324
1553 7928 1920 8261
229 4056 222 3608
8723 5575 8742 5894
2409 4118 1910 3834
8959 3454 8957 3992
2134 1148 2799 1770
9341 7331 9309 7556
1188 1313 1336 1475
659 5723 638 5992
2116 6175 1578 6512
4453 8752 4600 8699
8444 4228 8377 2735
154 8828 160 8463
437 2781 2459 3383
737 4397 404 3766
8217 7948 7987 7778
1747 8055 1826 7808
4742 4641 4764 4687
2729 4633 2823 4681
1314 3903 1008 3689
2727 9604 2742 9582
4522 4963 5121 5496
4929 43 4162 35
5264 3660 5445 3741
8420 971 8374 440
9792 5957 9806 6584
3027 628 3221 670
6514 2942 6582 3469
63 9577 74 9600
9774 4005 9627 3298
9449 2669 9529 2626
4410 3568 4630 3757
567 5203 454 5310
8882 748 9100 790
1407 7622 1682 7582
4791 5289 4848 5463
3298 1916 3786 2497
6635 6833 6987 7104
5651 6390 5494 6329
4243 9605 4733 9495
4912 7094 5198 7605
1792 8793 666 9200
1498 6011 1461 6113
4922 8656 4763 8686
6433 3887 6328 3770
9840 6537 9885 6007
2347 6236 956 7193
8332 4075 8358 3475
352 1304 448 1205
7878 6089 7341 5564
3240 4790 3132 4674
599 5657 679 5231
6299 9831 4043 9977
878 1546 1008 1578
7571 553 7221 556
7452 6729 7123 6280
6089 8025 6702 8415
5737 2658 5608 2487
9008 5755 9114 5253
5775 6780 5493 6405
7381 2730 7380 2848
7520 4839 7490 3920
4750 7032 4609 7221
2122 2173 1899 2102
1694 4517 1836 4283
5285 2514 5485 3094
1967 1761 2429 2124
6522 6093 6257 5936
2564 9340 3313 9217
4205 8643 4237 8705
3348 2602 3478 2703
6574 7889 6973 8234
4769 8794 4417 8835
7947 7712 8299 7894
2200 8080 2145 8096
3017 1573 2630 1017
6628 2471 6606 2196
8688 1922 8516 560
8810 6358 8687 6929
116 3549 7 3500
1975 3700 2540 4120
2198 1065 1874 940
9164 9532 9156 9708
2161 5544 2202 5746
302 5423 263 5469
7912 9810 6965 9806
1174 7727 601 8259
9313 1469 9482 195
9597 485 9487 1199
2209 8678 1704 8249
4519 3975 4132 3688
9644 7015 9525 6986
8979 4681 9142 2939
269 4333 252 3860
6659 1010 5720 1372
1578 121 1704 114
4528 8071 4168 7779
1928 1589 1797 1434
9991 3911 9942 354
9972 9409 9891 8994
214 8251 261 7895
5177 5329 5747 5798
6308 167 7341 114
3701 7725 3423 7270
8721 8010 8073 7434
4935 218 5485 164
8653 3428 8642 3540
3309 9187 3290 9182
1656 6221 2248 5805
6371 444 8668 254
2593 6111 2425 6481
7659 8466 7331 8404
2323 9643 2553 9638
5509 1277 5489 1253
5940 8828 5561 8873
124 9732 528 9722
4776 6603 5553 7191
3732 5625 1261 3591
7119 9278 5838 9431
5790 7994 6171 8377
6315 9661 6235 9674
1700 10000 3030 9937
696 5157 590 5584
475 7591 506 7050
3056 392 2698 427
1868 7675 1786 7817
5785 4299 6351 4685
5136 391 4743 390
7045 4507 7074 4736
6409 4201 6510 4486
4478 6574 4211 6379
6517 88 6162 110
9590 8074 9699 8517
5833 8245 5478 8125
1339 2463 1132 2358
4361 5236 4281 5316
6497 5556 6500 5480
2236 9347 264 9668
8938 807 8861 846
5699 4050 5755 3598
1112 8420 1172 8385
1359 5475 1261 5132
2536 9792 2967 9782
8155 2947 8065 2094
5475 4918 5720 5019
8066 3334 7960 2797
1445 9552 6008 8859
6973 5250 7065 5305
1818 265 5569 76
3980 8667 3977 8828
4187 8353 4438 8428
6922 3609 6886 3606
2048 4745 2063 4711
1330 3936 1375 3889
2771 7387 2693 7302
6899 2151 7178 2683
3642 8339 3653 8584
2863 1901 3511 2186
8565 294 7412 400
3289 7894 3648 7966
9574 4323 9527 4805
1681 3920 1562 3817
2169 767 1946 768
761 5086 652 5461
1333 5517 1594 5977
8445 6726 8259 6577
9789 8057 9822 7984
6066 8272 5789 8046
1650 4215 1787 4268
7287 6289 7112 6246
6856 6559 6802 6476
9325 8409 8917 8049
4684 180 1665 412
1595 2170 2585 2652
1684 3729 2024 4076
20 9794 65 9337
1331 1369 884 735
5736 5288 5700 5397
1333 1951 1263 1946
8829 6934 9041 5981
7224 748 6360 962
6765 8797 6202 8895
3867 8946 3547 8076
5672 9200 4925 9482
9558 3793 9628 3443
3808 9880 7572 9675
277 9489 738 8771
4779 887 2824 792
5268 1125 4965 1171
6870 6609 6745 6464
4104 1942 3978 1969
2339 7738 2308 7541
3466 8166 3398 8233
544 229 418 364
7297 8997 7204 8758
5248 3529 5333 3164
7399 216 8985 98
645 8864 500 8885
7659 8053 7753 8088
2943 8021 3025 8180
1691 4408 1646 4413
3023 1043 3350 1154
9373 3428 9437 3184
7325 677 7043 689
3033 6397 2854 6053
5058 2557 5090 3512
4513 9825 5315 9695
629 9650 1435 9722
8073 499 7673 615
5228 3933 6277 4609
8710 6400 8185 5476
1011 5564 984 5930
6711 3170 6521 2629
9005 7958 9003 7973
8152 7701 7847 7380
8662 4343 8677 4550
3781 9550 3518 9641
8881 4810 8832 4729
8343 6380 6826 5098
4744 9658 3846 9809
8363 6150 8576 6354
8393 3330 8429 3934
230 3214 234 1766
9424 1853 9115 3824
166 9198 440 8999
1586 4938 2661 5149
1827 7354 2061 7317
6790 1638 5964 1636
6904 416 8736 261
7050 389 5367 549
2325 7318 2562 8024
4614 7510 4815 7091
853 6147 808 5991
9760 1972 9893 1844
2401 6707 2499 6472
1191 2477 932 2243
9835 7121 9859 6872
8883 7940 8878 7690
2709 585 4907 410
332 4547 247 4343
9999 7680 9962 6001
8488 1482 8467 2416
9006 6062 9184 4918
1636 2121 2546 2558
4862 1601 5050 1547
6503 3267 6296 3574
8218 1449 8052 1444
4598 9019 3099 9274
8479 68 7523 30
8193 4606 7953 3514
6267 306 6152 328
1951 9582 2697 9599
3914 2275 4119 2567
6634 9465 6168 9542
5272 6735 5931 7218
5692 847 6515 816
9554 3106 9430 2953
4119 4897 4354 5199
2076 779 3538 653
4083 4191 4417 4337
4768 1346 4502 1286
3253 4323 3056 3981
7795 940 7934 1012
9250 4703 9277 3727
1157 9068 1285 9045
442 8967 152 9068
1730 8911 1742 8929
2440 8076 2345 7776
5389 4413 6398 5274
8124 2507 8100 2104
7147 1617 4508 1454
772 34 998 84
4935 4829 5056 4899
1052 5348 905 5010
5503 8309 5003 7877
330 8121 448 8231
3970 3067 4591 3512
6428 8662 3818 9052
2670 621 2163 710
2976 6796 2997 6688
1542 8728 937 8864
8604 4710 8689 5471
3750 8982 2009 9243
6184 4643 5819 4408
9160 8933 9063 8939
6121 2800 6079 2856
5230 8513 5568 8533
3350 9995 5014 9902
5785 729 3907 769
9876 1527 9903 1610
1750 917 5864 918
2176 555 2181 653
3356 5536 3726 5820
2298 4457 3048 5093
5385 2402 5198 2332
7774 7534 7455 7363
7697 5757 7861 5867
3559 8389 3459 8396
9373 2001 9354 2104
814 8492 727 8576
2835 8693 3048 9005
2424 8853 2288 8436
1723 4689 1960 4721
5496 6692 7881 8081
8506 972 8621 2821
2137 5528 2232 5428
4054 5649 4213 5473
7124 5181 7106 5210
5962 7275 6391 7628
3162 7293 3320 7422
5146 7631 4874 7626
888 6616 813 6418
576 8576 732 8412
2889 1016 3358 1187
9940 5556 9954 7953
7712 5468 7304 4900
7062 41 7098 21
5216 2706 5251 3070
8786 7791 9216 5666
9408 4625 9560 4326
4736 8966 5350 8858
9415 3480 9457 3374
7025 6336 6676 5926
2485 2225 4443 3754
9651 2766 9603 2855
7019 1142 7380 1127
3096 9820 3102 9829
6637 8872 6186 8962
2513 7260 2708 7137
5591 1434 6456 1470
2045 6668 2842 5726
2079 3972 2551 4193
1898 1433 4677 3707
1304 1220 1226 983
6558 3824 6472 3610
7429 4873 7423 4885
7307 9838 6837 9854
9017 8546 9055 8346
8515 4590 8553 5043
1265 8413 1112 8716
674 6733 685 6203
7239 719 6883 696
9212 3125 9347 2261
8331 4372 8508 4934
1321 3571 5854 7353
2985 5606 2933 6011
7950 3918 7990 4181
9403 6590 9344 7015
8400 4063 8378 4457
1419 7766 1459 7760
3661 1365 3521 1418
4845 807 4116 808
6541 3460 6552 3414
9654 1677 9803 1174
774 7094 729 7391
548 7371 704 7878
2818 3387 2563 3228
4683 8485 4666 8473
9536 7320 9672 7203
7531 7452 8138 7882
6672 203 6684 184
7883 5215 7747 5252
3806 5858 3850 5924
8439 7009 7245 6147
5630 4478 4795 3755
6853 7251 6778 7304
6484 7302 5538 6780
5688 6897 6459 7392
8936 1873 8920 1854
7331 6063 7304 6031
557 6364 537 7385
6253 5490 6355 5695
7546 2515 7570 3006
2143 7267 2100 7353
6929 3993 6975 4240
1285 8313 1298 8247
3435 6068 3744 6393
3466 3670 812 2316
3253 3076 3695 3435
8001 8442 7995 8694
9327 2879 9284 3326
3014 3402 2477 3102
9315 1390 9407 518
1645 1866 1596 1870
1566 980 1971 1319
9241 4552 9033 5839
8033 108 7346 145
7119 9550 7595 9461
5838 1256 6515 971
5493 2016 5339 2036
2905 7678 3191 7782
7549 879 6597 1056
2855 1010 3821 1054
5122 3661 4591 3342
655 1774 946 1999
2228 1763 2321 1862
4325 5774 4500 5975
2513 5587 2656 5500
893 9948 1190 9960
5862 454 5768 430
4304 5395 5404 6159
9773 6767 9761 7347
8664 5122 8672 4917
3438 5293 2923 4848
3092 7649 3264 7813
8127 5746 8199 5672
8764 4274 8854 4379
7025 3644 7029 3574
9822 8634 9887 6136
3620 594 4291 546
6299 4036 6203 3914
1776 4650 1758 4686
4507 3703 5228 4345
4297 6487 4621 6844
6257 8454 6422 8434
6509 8713 7043 8751
2330 2002 1851 1479
1566 2899 1781 3083
6178 159 6129 158
3661 7831 3248 7303
8741 4583 8815 5603
4710 9324 4027 9307
8701 6240 8711 6266
9696 5440 9656 5095
5863 6271 5881 6281
1611 5500 1661 5591
1624 1654 1471 1344
3036 7971 3603 8688
3082 791 6439 891
5921 1407 6863 1438
40 7930 33 7309
9977 7675 9970 9230
2786 568 2440 639
887 8576 926 8423
7638 5495 8318 6128
2437 972 1602 920
2970 9886 3312 9896
7081 9026 7175 8870
9343 8959 9279 8924
745 2025 575 1883
3128 2970 3861 3351
9281 5601 9332 5364
3260 6905 3322 6972
4751 4629 5106 5028
8883 7597 9472 4553
9035 1931 9139 1381
2557 6163 2966 5540
8516 108 7142 61
3032 1014 2612 997
4178 1340 4681 1382
7027 9257 7324 9216
9430 9259 9606 9409
3682 7472 3596 7289
183 1248 189 2023
4310 704 4042 730
5404 492 4806 474
72 6563 176 6941
7538 3708 7568 4133
8190 1927 8285 3010
5249 8842 6774 8625
9364 2343 9372 3215
4191 1222 4880 1273
9991 7139 9996 7434
3883 2957 3807 2926
4028 4608 4145 4998
3663 4450 3769 4621
1207 5251 1071 4903
3479 5414 1267 3589
100 9755 1390 9949
8702 6221 8777 6502
7031 2486 7344 3229
5394 3916 4580 3364
4871 8284 5716 8552
463 6677 313 7566
6553 59 7099 68
7953 5389 7913 5060
216 8906 872 8026
5053 2316 4782 2565
5714 6407 5249 6173
5551 9203 6192 9099
8568 4215 8422 2437
7969 8507 7644 8466
6705 1927 6873 2957
203 2261 226 1320
2304 7096 2867 7757
3156 2737 3661 3125
5924 9216 5320 9402
2430 3060 2895 3307
7122 6139 7373 6304
675 1
1050 1
242 1
1633 1
507 1
761 1
1197 1
1143 1
1910 1
1980 1
868 1
1202 1
75 1
1350 1
152 1
1564 1
1540 1
1430 1
108 1
1627 1
1848 1
1597 1
195 1
810 1
936 1
54 1
1687 1
1386 1
1799 1
1322 1
151 1
463 1
490 1
520 1
1246 1
1382 1
1594 1
1078 1
566 1
1185 1
1249 1
1024 1
531 1
1041 1
980 1
1697 1
59 1
1079 1
1090 1
141 1
590 1
1632 1
514 1
1226 1
1438 1
1072 1
902 1
1498 1
1796 1
1192 1
1718 1
1948 1
959 1
1415 1
1611 1
1950 1
788 1
132 1
1494 1
1838 1
1136 1
316 1
1159 1
1963 1
1425 1
1372 1
424 1
468 1
532 1
1943 1
270 1
1719 1
1092 1
1061 1
325 1
928 1
1920 1
1390 1
280 1
219 1
1654 1
1899 1
56 1
1849 1
1467 1
550 1
1826 1
168 1
110 1
1624 1
1480 1
705 1
373 1
1123 1
1748 1
1199 1
1752 1
1765 1
456 1
1678 1
738 1
1557 1
1974 1
243 1
1093 1
437 1
196 1
1731 1
258 1
874 1
1295 1
1091 1
172 1
754 1
1116 1
1630 1
1962 1
1351 1
269 1
862 1
14 1
1272 1
334 1
598 1
1706 1
1206 1
715 1
779 1
399 1
1066 1
731 1
454 1
1949 1
1062 1
1891 1
427 1
82 1
169 1
1998 1
1394 1
558 1
1695 1
457 1
1551 1
87 1
1000 1
1456 1
1499 1
101 1
943 1
1991 1
1215 1
988 1
659 1
1839 1
1728 1
431 1
1763 1
1532 1
1205 1
31 1
452 1
1693 1
861 1
1083 1
1211 1
355 1
1417 1
144 1
1151 1
198 1
1261 1
1150 1
1933 1
833 1
160 1
1335 1
805 1
1450 1
555 1
568 1
103 1
800 1
940 1
1658 1
1337 1
762 1
145 1
1626 1
300 1
1257 1
321 1
1759 1
1580 1
1832 1
222 1
1619 1
1424 1
1927 1
289 1
1649 1
1292 1
872 1
85 1
1325 1
1971 1
1001 1
1789 1
1170 1
785 1
539 1
1290 1
1049 1
8 1
1484 1
1794 1
614 1
180 1
1345 1
673 1
816 1
1362 1
1490 1
294 1
1778 1
91 1
331 1
1057 1
1776 1
1280 1
1553 1
436 1
517 1
1468 1
1281 1
799 1
1792 1
1376 1
515 1
727 1
1851 1
577 1
197 1
1887 1
1698 1
1652 1
1465 1
57 1
969 1
1031 1
1709 1
549 1
215 1
1454 1
1471 1
1736 1
1777 1
1601 1
461 1
1478 1
202 1
1512 1
1861 1
1354 1
1945 1
1811 1
1824 1
644 1
127 1
1221 1
630 1
1528 1
1042 1
1081 1
1546 1
1637 1
527 1
422 1
547 1
47 1
724 1
1152 1
1586 1
1139 1
1137 1
1813 1
759 1
526 1
262 1
680 1
721 1
556 1
332 1
1738 1
1779 1
1483 1
419 1
1812 1
825 1
478 1
1885 1
709 1
1703 1
995 1
537 1
128 1
374 1
1742 1
991 1
433 1
319 1
595 1
885 1
1711 1
819 1
42 1
1939 1
1668 1
1809 1
1356 1
513 1
1704 1
1996 1
1160 1
1694 1
439 1
473 1
1661 1
406 1
1094 1
710 1
586 1
1581 1
1584 1
702 1
1522 1
1555 1
540 1
1487 1
1291 1
1926 1
155 1
1262 1
982 1
1153 1
1146 1
1662 1
140 1
1671 1
1252 1
881 1
1869 1
423 1
1034 1
1798 1
606 1
17 1
1984 1
448 1
1902 1
661 1
1916 1
770 1
1437 1
1193 1
1457 1
484 1
1666 1
826 1
992 1
1840 1
88 1
231 1
1791 1
1821 1
1931 1
74 1
782 1
1256 1
429 1
1055 1
392 1
735 1
620 1
428 1
849 1
1615 1
1413 1
889 1
142 1
323 1
1964 1
305 1
621 1
1113 1
1954 1
1608 1
1384 1
890 1
1120 1
1233 1
1077 1
474 1
504 1
917 1
255 1
1228 1
1746 1
182 1
975 1
965 1
1622 1
1005 1
376 1
958 1
1393 1
910 1
1122 1
1716 1
284 1
133 1
1857 1
580 1
1958 1
2 1
1988 1
972 1
1003 1
486 1
999 1
1842 1
33 1
708 1
652 1
1357 1
986 1
756 1
1524 1
882 1
1065 1
1598 1
345 1
960 1
791 1
1786 1
883 1
384 1
1157 1
307 1
1304 1
44 1
1063 1
350 1
1612 1
178 1
1289 1
687 1
1645 1
1309 1
1787 1
381 1
1822 1
187 1
1867 1
443 1
1138 1
1635 1
1743 1
1068 1
1184 1
213 1
853 1
1423 1
1574 1
1028 1
1552 1
878 1
796 1
136 1
1076 1
1451 1
1558 1
503 1
963 1
441 1
1985 1
446 1
1866 1
1458 1
471 1
1377 1
892 1
68 1
230 1
1481 1
601 1
150 1
1270 1
1520 1
1521 1
1852 1
1189 1
175 1
297 1
1882 1
69 1
1347 1
3 1
1097 1
1909 1
1389 1
414 1
574 1
1348 1
227 1
363 1
407 1
607 1
1675 1
1563 1
631 1
268 1
625 1
676 1
1823 1
1418 1
1744 1
1188 1
1620 1
465 1
1009 1
1634 1
793 1
692 1
114 1
511 1
153 1
565 1
1942 1
993 1
204 1
1114 1
1507 1
739 1
1355 1
1209 1
1187 1
1315 1
832 1
1167 1
1968 1
763 1
460 1
1723 1
1236 1
224 1
1343 1
945 1
1126 1
718 1
214 1
1544 1
551 1
1596 1
139 1
1358 1
491 1
1180 1
320 1
916 1
1513 1
1751 1
251 1
58 1
1605 1
581 1
820 1
663 1
1069 1
1785 1
1461 1
1155 1
1321 1
395 1
167 1
1118 1
1554 1
640 1
1397 1
1526 1
1127 1
1121 1
1978 1
716 1
102 1
353 1
244 1
616 1
1489 1
1676 1
493 1
1653 1
1140 1
385 1
487 1
857 1
1937 1
1734 1
646 1
599 1
1595 1
1817 1
784 1
206 1
996 1
383 1
840 1
107 1
1162 1
508 1
387 1
1888 1
1364 1
1051 1
674 1
109 1
837 1
186 1
38 1
1737 1
6 1
831 1
22 1
1174 1
1391 1
528 1
1161 1
669 1
609 1
1874 1
740 1
347 1
1223 1
1804 1
1306 1
1925 1
1448 1
1283 1
1642 1
1449 1
46 1
327 1
1026 1
1679 1
1104 1
1631 1
1404 1
1410 1
983 1
479 1
1445 1
1568 1
1426 1
492 1
79 1
1486 1
908 1
217 1
263 1
405 1
1043 1
529 1
737 1
1628 1
23 1
1029 1
985 1
1455 1
401 1
292 1
43 1
282 1
522 1
1158 1
947 1
1147 1
1008 1
1814 1
1664 1
863 1
1163 1
1923 1
1805 1
1186 1
259 1
1477 1
164 1
924 1
696 1
124 1
1712 1
1576 1
741 1
787 1
1531 1
1665 1
812 1
1144 1
449 1
421 1
713 1
1680 1
1025 1
792 1
1243 1
1629 1
1979 1
450 1
1673 1
557 1
5 1
1462 1
1253 1
1190 1
1583 1
1492 1
1166 1
670 1
771 1
1856 1
612 1
313 1
662 1
1915 1
1416 1
158 1
1993 1
1623 1
1409 1
93 1
1530 1
964 1
1473 1
143 1
1181 1
519 1
1207 1
1686 1
184 1
752 1
1107 1
645 1
218 1
1710 1
505 1
900 1
166 1
523 1
938 1
117 1
66 1
1258 1
502 1
611 1
518 1
1012 1
1908 1
1562 1
1482 1
208 1
1818 1
732 1
554 1
1820 1
119 1
1843 1
697 1
1515 1
212 1
156 1
55 1
1766 1
905 1
281 1
650 1
534 1
1879 1
1402 1
99 1
299 1
1878 1
495 1
1353 1
489 1
1040 1
81 1
1182 1
1493 1
1815 1
1274 1
1592 1
250 1
638 1
409 1
266 1
1342 1
131 1
390 1
903 1
901 1
444 1
1432 1
1002 1
476 1
678 1
585 1
897 1
1525 1
48 1
1117 1
1105 1
16 1
649 1
1773 1
1245 1
228 1
851 1
1302 1
1440 1
379 1
1427 1
342 1
1349 1
1271 1
388 1
1929 1
829 1
359 1
864 1
865 1
613 1
1106 1
415 1
235 1
477 1
1977 1
671 1
733 1
28 1
798 1
1330 1
1976 1
1064 1
351 1
925 1
137 1
1571 1
173 1
1442 1
1015 1
786 1
665 1
1396 1
1877 1
1047 1
462 1
594 1
1110 1
1326 1
318 1
968 1
1550 1
1990 1
1405 1
278 1
1086 1
642 1
1912 1
610 1
1434 1
726 1
1156 1
1 1
62 1
979 1
1647 1
628 1
989 1
1549 1
1421 1
582 1
1141 1
1769 1
1527 1
500 1
879 1
1936 1
241 1
1360 1
1871 1
545 1
860 1
1585 1
1027 1
852 1
303 1
1352 1
1227 1
499 1
1701 1
677 1
1807 1
1346 1
698 1
1260 1
602 1
1682 1
447 1
78 1
1547 1
380 1
435 1
835 1
1022 1
1533 1
570 1
237 1
929 1
876 1
647 1
1210 1
1400 1
1613 1
122 1
543 1
1579 1
894 1
209 1
177 1
1235 1
267 1
583 1
1479 1
679 1
651 1
877 1
298 1
1453 1
933 1
1154 1
1529 1
90 1
1099 1
1771 1
1370 1
1689 1
344 1
1883 1
1374 1
1488 1
349 1
576 1
1955 1
1784 1
396 1
1054 1
1648 1
45 1
1834 1
1318 1
402 1
1264 1
71 1
884 1
1108 1
867 1
1656 1
361 1
341 1
984 1
420 1
567 1
1191 1
930 1
1464 1
870 1
1726 1
418 1
13 1
1567 1
1288 1
333 1
1237 1
1868 1
643 1
841 1
615 1
1080 1
926 1
1178 1
1616 1
1889 1
1747 1
1218 1
324 1
1646 1
858 1
760 1
221 1
1893 1
1999 1
942 1
10 1
53 1
896 1
591 1
944 1
1275 1
1268 1
1439 1
404 1
1681 1
330 1
767 1
157 1
467 1
179 1
648 1
2000 1
923 1
637 1
1749 1
1683 1
729 1
261 1
1316 1
1995 1
913 1
394 1
856 1
340 1
886 1
1403 1
1017 1
1327 1
1129 1
310 1
315 1
1725 1
666 1
1251 1
773 1
1378 1
780 1
205 1
170 1
654 1
842 1
1951 1
1965 1
1591 1
1048 1
758 1
1172 1
559 1
807 1
1906 1
291 1
970 1
1216 1
1135 1
354 1
338 1
368 1
148 1
719 1
64 1
795 1
1214 1
1279 1
512 1
1644 1
226 1
1497 1
1452 1
364 1
498 1
246 1
1239 1
1466 1
260 1
1518 1
1244 1
1198 1
1602 1
1087 1
283 1
1408 1
1383 1
1164 1
846 1
1398 1
871 1
1037 1
772 1
337 1
1311 1
1247 1
1913 1
1890 1
356 1
1388 1
1870 1
1506 1
1255 1
1071 1
1952 1
981 1
1603 1
329 1
223 1
1859 1
382 1
1194 1
934 1
1685 1
352 1
35 1
120 1
464 1
815 1
1200 1
1755 1
592 1
1560 1
314 1
61 1
605 1
366 1
1935 1
1690 1
691 1
954 1
371 1
1672 1
343 1
308 1
823 1
248 1
814 1
290 1
712 1
501 1
247 1
276 1
1575 1
844 1
1204 1
1392 1
827 1
941 1
1485 1
1835 1
1997 1
191 1
1924 1
701 1
288 1
939 1
1895 1
1411 1
111 1
1953 1
96 1
1956 1
824 1
682 1
572 1
1830 1
1241 1
1299 1
1831 1
1282 1
1565 1
1300 1
1176 1
952 1
1266 1
750 1
998 1
416 1
26 1
1329 1
1412 1
149 1
1504 1
1519 1
748 1
1046 1
469 1
357 1
1938 1
400 1
1691 1
1688 1
21 1
1331 1
1014 1
1845 1
256 1
1023 1
921 1
317 1
146 1
220 1
1696 1
1332 1
1103 1
1537 1
1754 1
326 1
1897 1
1578 1
1074 1
1775 1
1130 1
660 1
304 1
11 1
1570 1
990 1
1892 1
470 1
159 1
707 1
1385 1
1609 1
1928 1
1308 1
181 1
76 1
233 1
328 1
1067 1
1833 1
458 1
1907 1
859 1
1044 1
895 1
1972 1
946 1
686 1
1219 1
1543 1
1714 1
1768 1
655 1
704 1
1780 1
12 1
252 1
987 1
1542 1
700 1
1208 1
171 1
904 1
417 1
116 1
1313 1
1541 1
1836 1
790 1
1045 1
1875 1
86 1
573 1
875 1
693 1
1011 1
1881 1
265 1
1231 1
1115 1
506 1
9 1
684 1
1844 1
801 1
1495 1
1016 1
176 1
1381 1
49 1
1168 1
37 1
95 1
906 1
626 1
689 1
106 1
635 1
426 1
834 1
622 1
617 1
84 1
1060 1
301 1
774 1
932 1
781 1
1038 1
751 1
818 1
1745 1
482 1
1677 1
1876 1
1225 1
888 1
1610 1
1070 1
706 1
1801 1
997 1
749 1
123 1
192 1
1582 1
162 1
1735 1
1470 1
966 1
1459 1
1508 1
843 1
1600 1
1240 1
397 1
1854 1
1810 1
1301 1
909 1
1056 1
1865 1
174 1
627 1
398 1
1604 1
809 1
521 1
955 1
744 1
1369 1
1132 1
1561 1
1795 1
743 1
1638 1
1659 1
1730 1
199 1
600 1
1819 1
1460 1
579 1
207 1
1808 1
1788 1
817 1
973 1
1007 1
1721 1
1277 1
912 1
1590 1
1102 1
553 1
974 1
1242 1
1975 1
4 1
83 1
1339 1
1111 1
768 1
1946 1
105 1
362 1
455 1
690 1
488 1
271 1
1175 1
1195 1
746 1
1323 1
1641 1
29 1
1922 1
254 1
1983 1
190 1
225 1
1472 1
1896 1
1669 1
836 1
240 1
546 1
1039 1
1278 1
272 1
1435 1
1359 1
562 1
1732 1
264 1
736 1
1134 1
1556 1
1336 1
1987 1
1905 1
1365 1
695 1
951 1
1517 1
510 1
1651 1
1004 1
1917 1
1273 1
1827 1
425 1
681 1
1873 1
1548 1
641 1
322 1
1201 1
236 1
1593 1
411 1
1847 1
1420 1
393 1
672 1
1846 1
866 1
125 1
776 1
483 1
516 1
1797 1
1535 1
1717 1
229 1
769 1
931 1
1148 1
1573 1
956 1
1177 1
1757 1
372 1
1587 1
977 1
1707 1
839 1
1296 1
40 1
27 1
1338 1
1293 1
494 1
720 1
803 1
1018 1
1969 1
1265 1
1294 1
1864 1
375 1
1019 1
1373 1
1829 1
1764 1
1395 1
1569 1
1297 1
608 1
1539 1
1505 1
1375 1
279 1
1722 1
438 1
70 1
135 1
683 1
348 1
358 1
1401 1
1934 1
584 1
36 1
1436 1
15 1
312 1
1344 1
1981 1
1577 1
603 1
588 1
378 1
309 1
711 1
234 1
1806 1
1724 1
1314 1
1173 1
618 1
962 1
65 1
806 1
1380 1
1414 1
1088 1
1989 1
725 1
873 1
765 1
848 1
1640 1
1125 1
745 1
1217 1
775 1
920 1
73 1
497 1
656 1
1886 1
129 1
1663 1
67 1
1021 1
1100 1
1303 1
1006 1
193 1
1514 1
1511 1
77 1
937 1
1075 1
1013 1
1588 1
118 1
154 1
1599 1
1269 1
1858 1
1729 1
624 1
1287 1
1919 1
949 1
1702 1
730 1
536 1
257 1
453 1
694 1
203 1
1089 1
165 1
1010 1
699 1
1361 1
822 1
1901 1
1894 1
589 1
830 1
1340 1
753 1
459 1
1855 1
1516 1
1035 1
360 1
115 1
210 1
1476 1
1053 1
935 1
1109 1
1312 1
542 1
1491 1
403 1
1230 1
1994 1
97 1
653 1
104 1
657 1
887 1
667 1
369 1
1761 1
538 1
277 1
850 1
1559 1
634 1
1860 1
907 1
50 1
1850 1
1196 1
1229 1
571 1
238 1
723 1
1733 1
898 1
1183 1
183 1
287 1
1149 1
1523 1
1333 1
293 1
544 1
728 1
386 1
1124 1
391 1
1317 1
1328 1
1171 1
1657 1
472 1
216 1
1992 1
1793 1
1982 1
1667 1
766 1
976 1
957 1
734 1
1334 1
950 1
1165 1
1220 1
20 1
1655 1
1914 1
971 1
783 1
1781 1
619 1
1475 1
1572 1
597 1
1727 1
185 1
1753 1
1444 1
1884 1
18 1
1259 1
311 1
1419 1
1213 1
51 1
194 1
757 1
189 1
147 1
410 1
778 1
1366 1
1098 1
302 1
891 1
1970 1
1509 1
854 1
377 1
475 1
367 1
688 1
1276 1
1320 1
918 1
561 1
239 1
1618 1
636 1
575 1
188 1
1469 1
19 1
412 1
1816 1
914 1
1084 1
530 1
1932 1
1250 1
994 1
978 1
445 1
593 1
1739 1
1918 1
804 1
1500 1
7 1
1267 1
845 1
1142 1
1431 1
703 1
623 1
275 1
1285 1
1756 1
838 1
306 1
794 1
1058 1
1036 1
1589 1
201 1
1059 1
389 1
126 1
1782 1
295 1
658 1
1961 1
1101 1
138 1
604 1
249 1
440 1
1367 1
1474 1
535 1
1758 1
1625 1
948 1
1422 1
1447 1
365 1
1772 1
408 1
245 1
1841 1
915 1
1502 1
717 1
1973 1
1112 1
1880 1
1463 1
80 1
1941 1
1387 1
1536 1
797 1
811 1
39 1
1284 1
967 1
1307 1
1957 1
813 1
466 1
509 1
60 1
1429 1
1837 1
1650 1
808 1
480 1
1119 1
525 1
541 1
1238 1
747 1
1774 1
1128 1
1030 1
1545 1
1903 1
1606 1
253 1
639 1
1095 1
1501 1
161 1
1286 1
1085 1
24 1
1052 1
1145 1
632 1
1720 1
32 1
1900 1
633 1
1692 1
1179 1
1700 1
1446 1
485 1
94 1
336 1
563 1
1740 1
922 1
285 1
434 1
34 1
664 1
1212 1
1713 1
1770 1
1790 1
1379 1
821 1
1959 1
98 1
1032 1
1825 1
335 1
346 1
451 1
1715 1
1921 1
481 1
1674 1
413 1
1324 1
1607 1
1741 1
548 1
1967 1
1660 1
112 1
1406 1
1947 1
911 1
1033 1
1617 1
211 1
113 1
828 1
587 1
755 1
1670 1
1534 1
496 1
1828 1
789 1
1310 1
1762 1
1503 1
961 1
442 1
1911 1
777 1
1803 1
1073 1
564 1
296 1
1863 1
41 1
1944 1
1248 1
134 1
802 1
1203 1
52 1
30 1
1802 1
1800 1
1407 1
1862 1
1263 1
1169 1
1131 1
1783 1
1298 1
1510 1
1898 1
1767 1
1020 1
1986 1
130 1
1305 1
1904 1
764 1
1853 1
596 1
855 1
578 1
1441 1
273 1
1621 1
869 1
569 1
533 1
1966 1
89 1
1538 1
1222 1
1133 1
1636 1
1428 1
100 1
370 1
893 1
1496 1
232 1
552 1
432 1
714 1
72 1
1232 1
286 1
1371 1
1341 1
668 1
1614 1
1643 1
1254 1
163 1
1443 1
847 1
1399 1
629 1
685 1
560 1
742 1
1705 1
953 1
1760 1
1930 1
919 1
25 1
121 1
339 1
927 1
1639 1
1750 1
1699 1
430 1
274 1
1940 1
1960 1
1234 1
1224 1
1082 1
524 1
1363 1
1368 1
1708 1
880 1
63 1
1684 1
1433 1
1096 1
1872 1
1319 1
722 1
200 1
899 1
92 1
1566 1
