50
01000000000000000000000000000000000000000000000000
10100000000000000000000000000000000000000000000000
01011000000000000000000000000000000000000000000000
00100000000000000000000000000000000000000000000000
00100110000000000010000000000000000000000000000000
00001001100001000000000000000000000000000000000000
00001000010000000000000000000000000000000000000000
00000100000000000000000000000000000000000000000000
00000100001100000000000000000000000000000000000000
00000010000011110000000000000000000100000000000000
00000000100000000000000000000000000000000000000000
00000000100000001100000000000000000000000000000000
00000000010000000000000000000000000010000000000000
00000100010000000010000000000000000000000000000000
00000000010000000000000000000000000000000000000000
00000000010000000001000000000000011000000000000000
00000000000100000000000000000000000000000000000000
00000000000100000000100000000000000000000000000000
00001000000001000000011000000000000000000000000000
00000000000000010000000110000000000000000000000000
00000000000000000100000001100000000000000000000000
00000000000000000010000000000000000000000000000000
00000000000000000010000000010000000000000000000000
00000000000000000001000000001100000000000000000000
00000000000000000001000000000000000000000000000000
00000000000000000000100000000010000000000000000000
00000000000000000000100000000001000000000000000000
00000000000000000000001000000000100000000000000000
00000000000000000000000100000000010000000000000000
00000000000000000000000100000000000000000000000000
00000000000000000000000001000000000000000000000000
00000000000000000000000000100000001111100000000000
00000000000000000000000000010000000000000000000000
00000000000000010000000000001000000000000000000000
00000000000000010000000000000001000000000000000000
00000000010000000000000000000001000000010000000000
00000000000010000000000000000001000000001000000000
00000000000000000000000000000001000000000000000000
00000000000000000000000000000001000000000100000000
00000000000000000000000000000000000100000010000000
00000000000000000000000000000000000010000001000000
00000000000000000000000000000000000000100000100000
00000000000000000000000000000000000000010000010000
00000000000000000000000000000000000000001000000000
00000000000000000000000000000000000000000100001000
00000000000000000000000000000000000000000010000100
00000000000000000000000000000000000000000000100010
00000000000000000000000000000000000000000000010000
00000000000000000000000000000000000000000000001001
00000000000000000000000000000000000000000000000010
