660 436
1 2
2 3
3 4
2 5
2 6
3 7
6 8
1 9
7 10
10 11
7 12
4 13
6 14
4 15
10 16
2 17
5 18
14 19
3 20
20 21
7 22
10 23
6 24
8 25
13 26
3 27
17 28
27 29
14 30
5 31
6 32
27 33
17 34
15 35
30 36
9 37
2 38
17 39
4 40
40 41
4 42
4 43
8 44
34 45
2 46
9 47
6 48
40 49
2 50
31 51
42 52
41 53
32 54
10 55
4 56
33 57
40 58
28 59
51 60
17 61
60 62
6 63
24 64
38 65
43 66
21 67
41 68
66 69
14 70
8 71
8 72
39 73
46 74
48 75
72 76
64 77
77 78
41 79
62 80
56 81
55 82
72 83
35 84
62 85
42 86
66 87
14 88
39 89
46 90
10 91
10 92
37 93
59 94
52 95
43 96
61 97
29 98
90 99
66 100
92 101
76 102
9 103
64 104
17 105
91 106
88 107
7 108
76 109
8 110
72 111
47 112
105 113
28 114
9 115
84 116
75 117
42 118
32 119
67 120
95 121
113 122
22 123
77 124
11 125
37 126
53 127
117 128
111 129
33 130
74 131
89 132
44 133
51 134
67 135
2 136
70 137
74 138
87 139
115 140
128 141
46 142
139 143
39 144
87 145
56 146
86 147
34 148
45 149
95 150
115 151
63 152
127 153
88 154
3 155
14 156
107 157
26 158
98 159
60 160
68 161
66 162
69 163
111 164
60 165
42 166
65 167
80 168
137 169
40 170
103 171
33 172
26 173
54 174
168 175
25 176
50 177
177 178
53 179
101 180
77 181
47 182
28 183
105 184
121 185
149 186
68 187
140 188
160 189
135 190
182 191
126 192
34 193
37 194
127 195
85 196
39 197
83 198
107 199
26 200
21 201
114 202
55 203
125 204
179 205
186 206
199 207
23 208
109 209
10 210
52 211
121 212
43 213
103 214
124 215
185 216
8 217
105 218
206 219
114 220
158 221
11 222
52 223
203 224
7 225
71 226
123 227
22 228
134 229
8 230
208 231
172 232
185 233
76 234
209 235
77 236
52 237
67 238
141 239
117 240
92 241
8 242
227 243
158 244
194 245
33 246
80 247
128 248
208 249
38 250
229 251
153 252
82 253
4 254
101 255
71 256
250 257
3 258
202 259
160 260
129 261
212 262
43 263
211 264
8 265
149 266
65 267
177 268
251 269
123 270
14 271
39 272
117 273
28 274
71 275
231 276
25 277
277 278
85 279
62 280
171 281
243 282
130 283
182 284
118 285
137 286
57 287
271 288
58 289
265 290
155 291
2 292
183 293
43 294
55 295
275 296
81 297
192 298
35 299
146 300
229 301
236 302
280 303
113 304
59 305
174 306
201 307
245 308
38 309
48 310
140 311
213 312
124 313
23 314
92 315
100 316
241 317
210 318
246 319
312 320
306 321
207 322
162 323
126 324
123 325
13 326
280 327
28 328
23 329
158 330
314 331
283 332
145 333
85 334
286 335
63 336
204 337
290 338
300 339
215 340
208 341
44 342
331 343
322 344
293 345
298 346
204 347
95 348
269 349
205 350
88 351
25 352
2 353
151 354
167 355
343 356
21 357
123 358
64 359
225 360
43 361
184 362
193 363
330 364
34 365
160 366
299 367
177 368
155 369
181 370
348 371
359 372
369 373
307 374
86 375
90 376
282 377
223 378
361 379
266 380
343 381
89 382
129 383
184 384
124 385
287 386
144 387
378 388
38 389
125 390
123 391
38 392
199 393
307 394
39 395
322 396
317 397
270 398
140 399
304 400
264 401
88 402
39 403
123 404
225 405
297 406
301 407
35 408
152 409
270 410
206 411
302 412
92 413
257 414
371 415
12 416
236 417
289 418
53 419
290 420
391 421
272 422
371 423
90 424
181 425
25 426
148 427
60 428
259 429
177 430
336 431
206 432
67 433
380 434
357 435
207 436
122 437
416 438
257 439
43 440
289 441
314 442
168 443
46 444
360 445
237 446
133 447
117 448
45 449
231 450
134 451
372 452
75 453
174 454
236 455
92 456
107 457
247 458
288 459
257 460
35 461
127 462
214 463
222 464
463 465
281 466
343 467
407 468
46 469
259 470
231 471
173 472
329 473
332 474
453 475
20 476
23 477
130 478
21 479
230 480
118 481
456 482
91 483
137 484
116 485
205 486
272 487
231 488
478 489
367 490
203 491
442 492
233 493
230 494
107 495
210 496
392 497
431 498
497 499
88 500
279 501
319 502
308 503
246 504
61 505
258 506
70 507
49 508
302 509
465 510
123 511
322 512
132 513
34 514
439 515
473 516
117 517
132 518
333 519
246 520
12 521
104 522
475 523
149 524
373 525
169 526
182 527
300 528
375 529
36 530
125 531
360 532
166 533
447 534
234 535
140 536
367 537
501 538
40 539
501 540
207 541
227 542
300 543
290 544
455 545
397 546
356 547
530 548
382 549
178 550
464 551
329 552
3 553
322 554
349 555
430 556
156 557
266 558
344 559
160 560
448 561
282 562
397 563
377 564
241 565
308 566
48 567
536 568
530 569
548 570
45 571
133 572
323 573
62 574
27 575
354 576
290 577
477 578
467 579
511 580
579 581
28 582
232 583
547 584
583 585
261 586
69 587
184 588
563 589
426 590
408 591
179 592
359 593
162 594
262 595
592 596
108 597
494 598
203 599
421 600
99 601
147 602
581 603
424 604
563 605
246 606
535 607
153 608
462 609
506 610
36 611
178 612
135 613
563 614
367 615
39 616
229 617
492 618
405 619
404 620
339 621
533 622
108 623
247 624
344 625
135 626
618 627
282 628
442 629
497 630
191 631
614 632
577 633
487 634
429 635
471 636
490 637
239 638
345 639
237 640
18 641
61 642
1 643
577 644
218 645
121 646
183 647
425 648
475 649
82 650
46 651
16 652
635 653
602 654
530 655
233 656
274 657
42 658
466 659
569 660

259 22 408 6 79 238 171 320 316 184 77 113 227 417 402 410 44 164 269 41 176 373 426 257 312 181 87 222 76 176 32 246 433 167 133 380 50 90 353 98 420 290 170 394 210 348 363 157 352 5 219 192 135 267 216 417 334 101 136 56 251 419 358 78 110 147 275 397 66 204 180 362 21 256 227 208 298 137 345 275 210 335 335 14 133 99 249 78 108 332 55 340 430 397 362 25 189 241 88 371 281 143 349 157 398 230 209 393 264 270 149 158 144 219 18 51 125 223 69 22 133 226 39 403 241 232 123 308 363 356 79 263 420 41 106 23 26 434 359 61 116 200 186 337 85 330 45 297 370 132 435 338 161 78 328 301 366 208 213 433 258 376 292 101 175 284 410 330 74 101 16 137 81 321 242 412 8 92 12 231 273 71 389 54 202 182 364 96 164 191 371 231 422 93 54 417 109 217 304 385 300 430 172 136 264 423 261 194 209 191 82 349 426 188 95 204 202 128 308 157 346 234 71 132 47 170 226 120 402 261 350 262 74 215 144 97 288 396 27 177 382 5 129 20 126 73 137 125 146 143 259 408 252 241 412 55 145 204 401 119 77 78 23 347 393 368 374 245 331 157 312 194 93 181 0 419 416 423 385 412 105 329 48 253 275 230 255 127 266 76 370 175 268 435 407 133 40 356 365 90 207 255 70 417 4 401 325 215 292 37 383 54 344 184 389 336 205 78 310 320 94 76 228 147 324 88 109 404 412 393 207 400 401 149 85 119 343 256 268 124 80 83 8 322 314 102 416 223 84 231 375 286 130 255 72 423 389 48 374 0 260 407 352 40 125 168 330 367 347 213 325 239 340 226 47 195 250 298 288 222 209 18 164 238 212 276 356 149 64 22 96 257 15 151 102 366 120 39 433 72 67 98 418 111 221 350 188 196 238 56 365 148 314 192 83 244 163 309 307 271 100 304 155 278 188 354 42 64 109 248 248 186 436 258 121 79 357 37 177 297 24 189 327 222 332 408 298 19 7 159 344 88 225 280 431 104 112 308 132 433 129 160 390 90 206 316 179 282 167 412 360 142 357 299 308 116 231 122 244 224 53 290 179 49 301 26 398 123 289 367 103 436 152 435 412 83 8 149 365 97 131 254 276 347 59 44 190 295 406 413 144 348 198 155 216 305 41 426 134 240 173 51 194 421 357 336 80 382 365 399 100 59 211 108 143 56 366 25 304 22 188 46 409 159 313 425 412 174 429 223 164 61 126 210 434 354 3 20 180 410 46 398 61 287 221 416 10 124 142 68 388 18 117 383 301 9 106 359 264 233 427 116 77 254 6 371 48 46 206 416 15 35 281 307 212 108 86 122 324 191 86 372 129 238 281 403 245 277 104 64 71 335 49 176 167 202 53 251 42 422 346 375 99 79 316 297 64 282 223 394 17 71 18 340 340 396 122 101 327 187 143 278 126 194 309 319 194 75 268 252 114 406 312 147 246 232 384 123 10 46 
